TOT AFR EUR
0.227341720435607 0.223799998679229 0.799061510171905
0.156755205137882 0.187080759046129 0.616908011828493
0.514443229145588 0.144654634224737 0.159142532567069
0.505623511725201 0.874730558036504 0.27157609233193
0.279447244687679 0.145624626427473 0.643498902853009
0.146144069279035 0.0934976856791922 0.981232700588854
0.0649845733580243 0.123012123611501 0.272710136384684
0.434226320608872 0.693789156390464 0.293298610019466
0.739058358499278 0.470489339876093 0.546593524162
0.352870016631236 0.361921730579162 0.82021137739439
0.148917302145915 0.121414429164029 0.918647795118628
0.281942576331934 0.125895315499477 0.54164700574561
0.71677864216404 0.568150168014004 0.713177867762188
0.0416013551993434 0.0505217075760591 0.53008051220132
0.107005547182255 0.344568522897563 0.0779629556101396
0.0897011333388464 0.244060850336639 0.128079468916733
0.000435579155693843 0.00422755842303086 0.0406192685281376
0.00963015106554225 0.000800723870445916 0.315406466311769
0.59434815158939 0.697168422378468 0.666647598653287
0.712981292650164 0.598837261428452 0.0588419802547757
0.0809283905392174 0.785335054789056 1.1510966851251e-06
0.006953991246412 0.00107745915721064 0.677891344073407
8.32730320427744e-08 5.45485923457487e-09 0.759544353274471
0.0173909058162574 0.395795076010528 0.00100327344883102
4.7025621984294e-14 1.08293905101576e-14 0.15932731056098
1.26939846787012e-10 6.95833132613246e-10 0.0499509008087812
8.99965864309551e-16 1.84458500711736e-16 0.120848313845145
0.105182254871698 0.145632242549705 0.357347099633649
0.333515498304731 0.26906351869196 0.707400813000035
0.764309553999959 0.129236633702879 0.0899891569157115
0.874410024720801 0.952716430161937 0.873177683681332
0.212923399061383 0.16814551925647 0.637352363448875
0.947667653900417 0.404111245747727 0.46708044431603
0.810948012888505 0.521855313899954 0.802403146199681
0.285174175507927 0.647410028945064 0.0611863908625302
0.278094408448315 0.174242787901105 0.76170902618954
0.0319591922786918 0.222574239081807 0.070129369154863
0.111376623548999 0.778557387314172 0.0184723768080117
0.0501789369354608 0.287942515499549 0.0808094124261698
0.669384522115441 0.822994106127284 0.71334217058513
0.26928710677391 0.350927328325464 0.495224352809991
0.0423455027369871 0.134580874268064 0.14455903610468
0.251500526210572 0.619130378288752 0.0590035724638557
0.000565295497288673 0.000817252557420258 0.0817886159312628
0.00291473884401614 0.202816485291531 0.0036883389998485
0.2956201366551 0.744864999791898 0.0780399941619579
0.00030663973187685 0.732286430724936 6.78286144553766e-06
1.7100173642733e-09 0.942991440523796 3.22158118355449e-16
0.00226539088537554 9.42510021567234e-08 0.641338163199089
1.24493032477472e-06 4.9141074559668e-07 0.0318835546382644
1.8575856527856e-20 4.85328178484318e-07 3.28853373172759e-15
0.00020215436665966 1.61254919085617e-10 0.45232374570812
4.75185331707629e-12 3.08238654398094e-12 0.00121781244000562
9.99664638567422e-18 5.63365267279517e-13 1.15891272439184e-07
0.137324250971045 0.302601019531116 0.00953810319642053
0.254272278573685 0.0926401089014582 0.0171917548611815
0.76984348083149 0.883272538073256 0.427514204357102
0.797255498108003 0.669482104076192 0.339264246331005
0.704809209984987 0.58250202434355 0.491504659629252
0.115569260315071 0.179087593161973 0.141971948160137
0.143325769778878 0.176103149154698 0.489487752372209
0.423963548749357 0.60213820628453 0.115198642562771
0.798533981548055 0.988907802746989 0.300870490898094
0.651448028641255 0.707079313714428 0.707612048594512
0.1728357319561 0.155512685897763 0.864192184936392
0.1493324840333 0.283921889897253 0.059968754709574
0.00315498696088435 0.00192749086462828 0.671946267078812
0.234230373532057 0.248317541914838 0.764514265507604
0.557719046430265 0.614983703586634 0.587903490859711
0.0104932462342505 0.00893831474106628 0.962694766254403
0.00259363530479108 0.0010535663979123 0.390816261172987
2.24034081192638e-06 1.2021337469451e-05 0.035310588047073
0.926712185569071 0.69848559180892 0.187506554905442
0.707422128509616 0.951003441476341 0.0464121939656465
0.448764366725661 0.878771919740415 1.1930379582635e-05
8.02287090259388e-09 6.99246049884799e-11 0.00546215425167839
1.11879494790886e-14 2.84811640019506e-14 0.113703206168901
1.40217429612135e-21 2.63504733257219e-18 1.64928483069724e-07
7.01523712660729e-32 4.24117373996111e-33 0.763095996700911
1.00572374054192e-28 1.60377969518612e-27 0.0117990173881986
8.26958185343208e-32 1.96227517931216e-30 0.00131135395512375
0.779700578899031 0.632020165616573 0.710643714059165
0.926829491665548 0.929460689451511 0.64326531219782
0.897104961778712 0.710170476648769 0.646260338309549
0.966207814294061 0.658895149316004 0.4320206716047
0.93604996003606 0.708069822627874 0.515735911618261
0.858713221054134 0.623543309932767 0.564449346505823
0.0491740710338466 0.0163528009577141 0.711835502302133
0.00321849050362895 0.00132190915119209 0.740388892317209
0.00423253603958977 0.00189482954332883 0.71715509424709
0.494012677084305 0.445402611552753 0.973648310871448
0.612547681625463 0.751051690501036 0.596694966077798
0.0981806505523732 0.631051869568207 0.00183513946369735
0.00391836987798116 0.00233803061769904 0.66420358244567
0.0603969928032165 0.0793049644971957 0.420113923176036
0.0326538626424735 0.0635312482194794 0.201969834422328
0.00183093033248426 0.00155931919930352 0.4760978132187
3.15495918535215e-08 2.17785624158242e-08 0.161535458440155
7.21564985081076e-06 0.000163862988163628 0.00699256022253569
0.371814445394844 0.283757776338588 0.925134976701539
0.000275227958674465 0.226239139605295 1.04384698141863e-10
0.00148613344757521 0.617388118174655 6.40522375443681e-11
1.83614386985925e-06 1.45020920187339e-11 0.0248283496355973
7.24672292146637e-14 5.15512211658256e-12 0.000554077745946103
1.4392813951968e-23 3.87782017317944e-15 2.93076924693257e-12
9.44018736839976e-26 1.61544197553863e-31 0.490188201262275
2.4647929676018e-32 9.96963423913826e-37 0.0309367421327932
1.28972000437751e-39 1.4120259247213e-32 1.42793529361807e-10
0.304936970839595 0.869517789383001 0.0492387162095612
0.905215479422409 0.756114576628934 0.716851703352823
0.408893933199203 0.399744800961814 0.865070599879554
0.809315773334357 0.722459626000342 0.203080103666751
0.665368688831735 0.586277183823622 0.905940356154414
0.100251739785558 0.567825400252521 0.0143819537949028
0.383822780343274 0.664215864768073 0.286417389847865
0.532653044613041 0.78288831310454 0.399840547804331
0.966319016954176 0.991088695461882 0.910630900608859
0.494987980867392 0.413360678464745 0.928503947504997
0.179041268594988 0.285968392921802 0.385940958273095
0.85456851294282 0.43085214815307 0.240693967614484
0.0316363928931616 0.0891078108942033 0.158757786895941
0.0456717188258363 0.131155647296913 0.135359278682877
0.0052217343430543 0.0152788843656387 0.156549171695258
3.77000092624143e-07 2.1887329541717e-09 0.605787991999894
2.89067290257595e-05 0.000191701958407003 0.0550966898979678
1.1767898554496e-07 3.04308400998655e-09 0.975569884363069
0.542315657406517 0.583875791132244 0.785873157510997
0.0037816025434751 0.701178329197675 1.4217728317785e-08
0.000272738764736264 0.326945953585119 7.91247175066751e-24
3.87347633099089e-14 6.17528824080181e-17 0.810188035093164
3.24405372076895e-20 1.02280934380554e-15 1.99309683101685e-06
2.35562659969716e-26 1.17600106413846e-13 1.1063835344052e-18
4.26019512880844e-46 2.48539996985178e-59 0.527804785644917
2.1139938651752e-38 3.19908195294191e-36 5.90710618037172e-05
4.66395085864488e-74 5.72604415149624e-57 7.07401151163218e-21
0.420898823524098 0.124606488982168 0.814185841972814
0.78730856680054 0.582535802310569 0.914033587918314
0.245447899855946 0.802360877109653 0.0750676970401596
0.847193696788304 0.187185872004475 0.40038631635926
0.0553034036168984 0.143443865159376 0.189465469083513
0.110992727584259 0.266439412210939 0.242239705428391
0.26679308903723 0.30577108354443 0.546654978690239
0.764776368871651 0.213918105842112 0.511771540087735
0.364114397838782 0.558054508021316 0.483628890731963
0.132472604711475 0.027046136268057 0.883281636427851
0.000408056505375863 0.0120979366304754 0.00911607003466642
0.00232794503742903 0.898048440288466 5.41531836611102e-05
0.181471570440837 0.00816717208276059 0.672522293611397
0.0951113793791551 0.317728596874119 0.166229936324905
1.93272108793132e-06 0.161729905901092 2.08875707267874e-07
0.000555190034648678 9.30756407378015e-11 0.364975490516869
2.74149048562501e-06 6.58670392368391e-06 0.0130233871671287
5.36363887100575e-12 6.49489179513126e-05 7.54042750881164e-09
0.956266131377341 0.2889928297599 0.40995341069072
6.78735204877729e-12 0.887708538896312 2.53331521904619e-19
7.50234779552405e-37 0.976352897480119 2.41625777499443e-65
1.07425307006557e-05 2.9414677315402e-14 0.582770655506717
1.02245156132511e-27 4.3080072093942e-17 2.59991598241217e-13
3.01267310810805e-76 1.32596233746399e-12 9.57426151998147e-78
3.47817345424689e-26 1.33573227023469e-55 0.512718587449953
2.55475669857487e-67 2.4999119383843e-56 1.92911007197504e-22
2.00431054996633e-93 1.40013622196921e-33 1.27721194168824e-65
0.923168349694398 0.726320617587138 0.0216648470415455
0.905659202839385 0.859724744917013 0.76475844733524
0.778823880823186 0.86349306821409 0.0288746096054535
0.0236150101430076 0.0170561488806875 0.759248829139273
0.0696711215407881 0.123142968945669 0.106169036257315
0.28255007135351 0.192419042517591 0.310155204831398
0.0103202553867238 0.0187819763461486 0.227179443611083
0.0267615286236746 0.0206791506683435 0.821734921824684
0.341759438704669 0.436716734155949 0.249524692173888
0.404310833713193 0.644933244508665 0.0498854673781932
0.665351953453483 0.592587758263884 0.673397984898298
0.193586917039018 0.381291462411001 0.0366832820425799
1.76993920568166e-05 3.60186863728732e-05 0.18490875771449
1.62633489463215e-05 2.93739645226599e-05 0.270207268799625
1.21431739934517e-07 8.88175067894508e-07 0.00438176765019119
2.43777732746709e-18 2.50280374632084e-19 0.8920171420734
4.86947027353586e-19 1.57695780249907e-19 0.643307221666224
9.71245999190882e-14 4.74802136887663e-14 0.621749349401281
0.704454210481152 0.760334215125362 0.701621303960736
0.504518532287917 0.824525756888187 4.49418107434871e-06
0.0138606460625498 0.438243737392296 1.96878168529813e-18
1.49017369488937e-52 2.034323993293e-52 0.0541742744786715
4.69396813927784e-74 4.45775440657957e-72 0.000373248803842042
7.2531889265253e-70 2.97492785912764e-63 9.63625218448513e-12
3.37509620933788e-125 5.94226855056311e-131 0.682624661946337
7.49446181258372e-133 3.85407312904361e-136 0.0692963677063699
1.6803882003773e-155 1.52202301338604e-151 1.77251433521632e-08
0.992820201581095 0.976024334544906 0.933874858934927
0.384047912647132 0.620555440585303 0.301971571508629
0.900642648026193 0.949596390018951 0.870017021549161
0.140578325847659 0.0530444370980181 0.580568553534506
0.36261649758248 0.331880248249713 0.898563320945755
0.145702722416381 0.358115566198655 0.140951526911158
0.219877078816914 0.114984176951983 0.704893729205115
0.198601699478959 0.153936668081386 0.930566796591029
1.62081255031964e-05 6.14590883171743e-05 0.0579770057381688
0.275923461951863 0.624629378094205 0.138129223469286
0.658308619853364 0.471117037476766 0.0112920177327045
0.00125427619332808 0.157868827937568 2.22830979516172e-06
1.22755039479155e-06 6.95816987762303e-06 0.0404164641878462
2.87546264000786e-07 3.10659006235071e-06 0.0138251703182788
4.49938906895099e-10 7.42644738854956e-07 7.84456261993745e-06
6.9130309274228e-13 6.30406892436091e-21 0.0144855348450489
6.04676977916038e-22 2.50331843482404e-21 0.00295499309853279
1.34766342569489e-17 4.68287926168981e-16 0.000873704038021215
0.184935014905295 0.0673276098594916 0.515215303638719
1.07432671810799e-06 0.878216670593894 2.37876685678361e-35
4.78549326570507e-12 0.885248333403585 4.92331594040516e-58
4.07442793254082e-65 4.0596132646164e-77 0.0829124270113805
7.09817533677546e-77 4.38240817032142e-71 3.14298655058918e-12
4.30195002577449e-87 1.87775612494497e-54 1.39817641649761e-51
1.86413727803134e-102 3.1072950057108e-134 0.87894734465025
1.56902958418943e-141 5.9006538911965e-139 2.42743828898999e-15
2.22479334545038e-167 7.72136014357998e-143 1.46103560530214e-38
0.380434548719184 0.547208787804932 0.443583049928797
0.843461021135343 0.912084372332104 0.813296953370009
0.172755306650921 0.148635774264112 0.861083121534284
0.791250552431572 0.695132820597511 0.15985200343507
0.243740488673799 0.0578119277704464 0.215895716440459
0.0102507796873801 0.0938504769836719 0.0139196252985016
0.058778128785267 0.0273209147422236 0.870948652107659
0.0157422746048267 0.0308916606114356 0.258078530402832
0.123234359110312 0.0889582748848917 0.953165120479166
0.324153965853985 0.540344020731394 0.316657022755156
0.304868289709704 0.909069145141882 0.0415899287760431
0.806546944290436 0.0194882180818008 3.32384531845145e-05
0.059015617045209 0.024941157252186 0.822852104910524
0.0375046980219556 0.0860207587701469 0.201219500967268
0.00522769364029114 0.0370565331576056 0.0340639137781359
8.16066865504809e-06 5.52377046987926e-08 0.391470529620997
6.39689767402004e-13 2.45360101895808e-10 0.000406765042133435
9.745566487092e-20 7.45371595107872e-15 1.33997910668188e-06
0.255686462728658 0.318347229215245 0.575704122908493
0.000899772684443952 0.708381785499025 1.7039863823249e-11
8.20287560927729e-12 0.324491795193316 7.75612674659903e-40
1.94838097393487e-33 7.10675609294282e-38 0.198136492357147
3.76215365701746e-45 1.7573481350747e-32 1.16534190488382e-15
7.60291637323705e-49 6.40958633415126e-23 7.58379387092286e-41
1.87317781506246e-96 1.17659632312242e-115 0.330662293690769
8.76772542231346e-124 2.1903289613822e-126 9.19582046116832e-08
6.06378749469943e-124 9.37785311227453e-100 2.38475224757639e-28
0.335855758095078 0.127373078031702 0.963616985033805
0.310261570870964 0.997957169077068 0.176621114163152
0.00467377553101641 0.224048727627745 0.00612309188084361
0.480356823666088 0.478354935059759 0.126324258348903
0.163518546883164 0.666251840924243 0.131811246254212
0.590439960926324 0.125374403172913 0.548132312874941
0.649011825816473 0.349409794233561 0.846360460266287
0.00189056225185432 5.98388594059079e-05 0.514066426714395
0.000317001095259879 0.00596234605840389 0.0161144152482979
0.916693283065642 0.425774168081834 0.415729812122528
0.193349157541579 0.876902898861477 0.0618162212224866
0.000187309691896515 0.340304482479681 6.73992804914222e-09
0.0577488156881842 6.58380870037878e-05 0.352946435619388
3.10427125086528e-05 0.00238646424674632 0.003339412902778
4.51653101551089e-12 0.00575236974885831 8.13190942261898e-12
0.00450564562312034 6.32372152866397e-09 0.257820410407894
1.33055804839344e-11 2.16365321466365e-07 4.21420062797509e-06
4.21413306659827e-22 7.22168053723567e-10 2.4938576484601e-14
0.306045340952327 0.0738005806476303 0.870220639620235
4.56946904680195e-26 0.901379052998249 1.83369614613612e-45
5.83675888800056e-78 0.788561131352074 9.47016849131683e-140
1.62223729557231e-09 1.29011351928201e-26 0.236321814808539
2.60713082807609e-84 7.05731589779372e-37 5.51037259624694e-52
1.81631603153834e-142 2.68987724366313e-31 2.9054463624672e-131
1.25557618872125e-46 2.80643134642547e-113 0.955251633359371
1.03252435508801e-109 8.80605735794847e-108 5.72564377152057e-29
7.54758175524562e-198 2.52446104442113e-79 6.86639898048624e-129
0.721847390853463 0.715052860393906 0.999635328764052
0.690679032056791 0.652924702091126 0.851411566967472
0.717879439538954 0.87972708333948 0.294014837405414
0.00492229910648578 0.00914788663388164 0.161972406329084
0.999794465952435 0.895439702464339 0.494821592950464
0.0257926623051497 0.0257656333135173 0.770311239342884
0.0127039595442157 0.0173828139702696 0.372258161559642
0.0155779420890852 0.0201977082240903 0.404104061814447
0.000161455096480467 0.000142456957465923 0.739796583400509
0.767599129988626 0.952669108679386 0.243425017230405
0.865913748731442 0.845358940888816 0.909445009810831
0.446156978364921 0.442448250356938 0.948402287075276
2.61260388227256e-12 1.69521389435107e-13 0.34490071700925
8.70378266087636e-14 2.11962245437821e-13 0.112107686649942
4.45615923792683e-12 8.51002140145469e-10 8.42976140621988e-07
2.38079815362135e-39 4.01933231064303e-41 0.843892115736911
1.54401304475087e-27 1.61857486979342e-28 0.718616275398942
1.11220698235359e-48 5.01167574143226e-47 0.00280335493977169
0.24512441774018 0.2260423570862 0.931660633026346
0.0269633828066224 0.355459099650298 3.47559876173055e-09
0.0158088213486611 0.603427775351178 1.20527133452683e-24
1.5372052817509e-116 3.20580913402263e-124 0.383458109041653
3.71265013330972e-142 6.38071233547613e-134 9.09392915807502e-11
4.6215944685534e-127 3.32792741685644e-114 1.04939751094273e-22
1.98388911163813e-280 1.64020152675964e-296 0.682224809661321
6.6446752154888e-287 7.55513235750882e-295 0.014290124665674
1.04984632231642e-290 2.18094057555535e-281 1.01450992546589e-14
0.885211361620261 0.803208333582365 0.403101685842385
0.260247589075632 0.180173443003824 0.893894389949059
0.119633735975089 0.954737346827839 0.000310044861474775
0.287026024062964 0.550473943719995 0.214497543936812
0.00836507497835907 0.0209339426500533 0.168322175989264
0.11560391156272 0.748242501657819 0.00241548247119847
7.18185261265498e-09 5.34442583212303e-09 0.145178469757323
3.65229555844387e-05 1.57644473916472e-05 0.441270569602995
0.00572814892866059 0.00257014892811518 0.806424991740104
0.815652128981025 0.798336447379273 0.983810961465661
0.108528791289525 0.834372455743772 0.00103026409960491
5.70954002028608e-06 0.359515016935541 9.7793269020756e-19
6.70830651265995e-10 2.31966569061737e-12 0.9785311972137
1.20731668818349e-13 7.24633104853846e-15 0.170692015968929
1.40072884862684e-23 1.27224699528412e-13 3.58166620994024e-16
1.69562828569142e-31 1.85649721965287e-36 0.187845999537192
3.12670877914442e-28 1.52676520903855e-28 0.00331788234049088
4.47090792588416e-37 2.93125833120434e-32 1.59465785668158e-08
0.830998147581184 0.793420210618911 0.297088608787655
1.36509259645935e-06 0.0892181553476366 5.91242957939904e-47
2.69918035348219e-25 0.218823425098846 2.19185672480237e-163
2.79240640380008e-98 1.5493207024588e-126 0.8217453717248
5.25155637098216e-145 9.2487295759794e-125 3.08942450053936e-30
2.1962323759736e-172 6.19670972377701e-107 4.63555490094999e-105
4.12969786938595e-235 2.13056433027578e-312 0.358890055676286
1.42557032441975e-249 2.66330071078658e-264 2.52801458027555e-15
3.65191636919785e-308 1.31981457100881e-249 6.93492965564771e-82
