TOT AFR EUR
0.99579838991069 0.561295033322923 0.239645323204505
0.536313092212887 0.587344757212401 0.749794601285144
0.828654826260235 0.774590542809146 0.918142415027467
0.506508189959068 0.725065020927252 0.439211197203427
0.768417259999378 0.848094664484057 0.773294525180458
0.700502549085644 0.718173541771299 0.883834888986124
0.12695719552604 0.199453238296909 0.359772356380211
0.257202777171998 0.156862817679084 0.688135104294637
0.54081850503855 0.802752574508496 0.378265769475967
0.163844876562135 0.278134290864128 0.318880733910624
0.0146994873685161 0.0415437454352998 0.121400014991562
0.569003937743055 0.576536716391642 0.869931192767198
0.911694502310563 0.956630783876599 0.884108198165594
0.907384753035771 0.855792496068101 0.554342272765669
0.228181210791732 0.67761275802271 0.087460839890618
0.00269197698665332 0.00020782441742264 0.460458797330161
0.0576999688804496 0.0231441703885318 0.775342060374922
0.0264326767059221 0.0369387230878447 0.382734567105413
0.874572699889758 0.622313330950835 0.144124353104882
0.968255655953039 0.584069310499665 0.242715350415262
0.00127301326967688 0.110926119169099 2.21565305849668e-05
4.32532425265217e-05 3.37415925919137e-05 0.448393573820545
0.000441868274679388 0.00578383203874323 0.0116076941283516
7.23257180419491e-09 2.15252988955084e-05 4.17077978408404e-06
1.96854929520193e-10 2.76489223846589e-12 0.887708250817145
1.35149982123571e-16 8.21001405767712e-16 0.0122697879495059
8.02824470072506e-13 8.95656470804846e-11 0.00202865790778231
0.00559953261332421 0.0139529028979785 0.114077319053005
0.0249563463878812 0.156203949375281 0.0812333939343657
0.178007658001638 0.190269074712007 0.504222313449729
0.469929163128869 0.396094920665453 0.0951955064430605
0.757345758235948 0.0749473984134956 0.0556480130669908
0.915836367309425 0.247415433966661 0.277807617037308
0.914855253332444 0.408467458647026 0.353061290076846
0.977661063302886 0.588146472918067 0.667826687554857
0.000152422046066406 0.0240778755455042 0.00193434279192616
0.163734326826686 0.221919098736742 0.399186486861012
0.0346586722297565 0.794369512782484 0.00219415481503069
0.132419709499481 0.522682459310809 0.00848136329746561
0.39423607322558 0.624930174185998 0.122712098240993
0.599208592542173 0.575052963179373 0.824196005510365
0.00222208174551748 0.368926364939344 0.000604079484971571
0.908484748364484 0.107771377731222 0.161679315009021
0.00151120956954684 0.021250903143025 0.0225466860476132
0.00244249591704944 0.153284986083634 0.00549714332856244
0.700967280836802 0.964137718377325 0.5668676762166
9.33964581009223e-05 0.957121276968045 1.9926051454352e-07
3.84319660466251e-07 0.221058816202565 1.16151939494786e-14
0.00378611735614639 2.84591970120312e-09 0.29000208198537
1.85981383194477e-07 0.00175904400668107 1.67975037181495e-05
1.24945541755899e-16 0.0142439768039365 4.87326891096669e-19
0.000179668373945387 5.66604291028767e-13 0.193319150699945
2.19129760272009e-08 5.28389024516753e-11 0.0552058268685279
2.10560048311099e-18 1.26028947820675e-06 3.98913244195423e-14
0.254990584580469 0.232473388921077 0.870136517491033
0.928453030139198 0.788693917297857 0.311850398347955
0.593161283088341 0.596486886718508 0.924887935807977
0.255793239524311 0.312367281160827 0.5337365008051
0.304004074866853 0.373387614750169 0.433048590442295
0.983259869648922 0.93250885931354 0.609455247888391
0.808834561880638 0.746413819640067 0.235276024748035
0.0288729577629696 0.0197974190754573 0.678252349424939
0.405698483356259 0.400686865130134 0.964832857371075
0.225261083772855 0.174891753406723 0.522317339215668
0.241351215267222 0.224787993284569 0.951624208102111
0.788787865959658 0.520423947160445 0.0923887678457681
0.32408343717289 0.320841570706035 0.937914531050288
0.108559267787634 0.0455591435156811 0.0771704495188371
0.0374057909477072 0.0403321018627742 0.664837071683923
1.3902889572945e-05 3.42619178659354e-05 0.0911362971974581
5.6576201134014e-05 0.000187200676687377 0.0271471950340111
3.59948710327613e-08 8.40082411988735e-08 0.131142626464816
0.0404184908435107 0.0491981258046701 0.605059627678778
0.524299875936551 0.930618633076953 0.00620708003179877
0.502129745906839 0.761631111539949 3.12274851586359e-05
1.54850358140609e-12 2.27563141313944e-12 0.306052453035658
6.93874126410617e-14 2.52149133159428e-12 0.00867340347989219
3.41881417185822e-15 1.424842548024e-13 0.000217284991247487
1.43285778490022e-25 1.83594963354625e-26 0.805322087794968
1.42995607316039e-27 6.74080990135133e-29 0.807094873835183
1.15853813149874e-25 4.32253359214541e-25 0.023049322011694
0.972106058690227 0.80459452444337 0.560227304392812
0.943416036382192 0.758129012021002 0.423563213890892
0.978106932422885 0.386638414960235 0.0651308557870102
0.010214018717849 0.0380834307399735 0.0886320201143988
0.0152639794868496 0.00902121528790527 0.787814548183795
0.301520075075729 0.241470371189394 0.985083998018593
0.484473930100843 0.381588893855875 0.858963480251806
0.705769038201058 0.503427441618222 0.595561479175237
0.285040961810309 0.74998260841846 0.0608144578685446
0.399464169113853 0.491237006123157 0.578415100650981
0.942105383529937 0.911385571690238 0.954156822501258
0.218559628514225 0.562165125926794 0.0794339672134143
0.00359175692460734 0.000845991485714128 0.961600905512665
0.0029223881244184 0.000654572925564495 0.935981528525058
0.0470166328547426 0.115474586550063 0.155231408567235
1.54264171903363e-05 2.26880537166134e-06 0.810535279197225
0.00226570613734442 0.000335908160221309 0.85656375181821
0.0017186334095753 0.00111173807476953 0.60783597264376
0.561282488590154 0.516532688353547 0.9784272860098
0.0580744051741206 0.801073179099541 0.000240243588161895
4.9001864317443e-05 0.668230957254407 1.44178920673481e-16
1.85409581496793e-10 7.48479471028544e-12 0.342890542081446
5.29587770064665e-23 3.41263183638231e-18 5.54932290270605e-07
8.52575811398823e-15 2.88321525407306e-05 2.84381518592794e-22
3.33921413468216e-28 2.04587546326616e-36 0.837093883176636
8.00828191950768e-26 6.68066740008017e-27 0.019665915430306
2.86820729181589e-29 9.39596309289884e-25 1.21587159613927e-07
0.974857118514902 0.831444712168112 0.602703397778094
0.0838052435461968 0.23189024086439 0.125052998013087
0.418825832073969 0.489048142916393 0.666010393367004
0.54339710834562 0.3900886988704 0.712556952756756
0.638094286230735 0.508928048811724 0.793786597889446
0.429739086245935 0.532653652410332 0.614389463768776
0.428531206316252 0.294191818269131 0.751615765697427
0.291685681568531 0.316043916233658 0.716173048321718
0.301648323571076 0.49253374120402 0.347966497157148
0.453218913301376 0.905824334436642 0.157776881178733
0.0482417870449632 0.108207990627457 0.212244846975654
0.166003905476029 0.273070387233995 0.359161250397113
0.00111681081072094 0.000888594834466504 0.49010678267246
0.0786574244779284 0.0251591912599347 0.607764568668388
0.00337135241129353 0.0251909293494451 0.0315004774380494
0.00253607240827762 0.000357314441667142 0.767187593405689
4.4973316949736e-06 1.10081261037275e-05 0.134741712510421
3.49262706333182e-10 4.47395203013496e-06 3.93159165972814e-07
0.237569558990501 0.373823286443525 0.386049733728862
0.557003834141499 0.112951310213963 1.67678282841518e-05
0.000921473442225951 0.65697504573595 5.36962032423847e-18
4.16248536903899e-14 1.71031297473509e-15 0.308889530136332
4.80187966140417e-21 1.05332913994995e-16 2.41126985289196e-06
1.08838029439139e-30 8.04991424019374e-20 1.5884983594063e-15
1.97447149520747e-43 6.65485375335439e-55 0.871245527980582
6.14956499181044e-56 5.17770068091957e-53 2.70218555698437e-06
3.38035528381899e-57 9.49828063101211e-51 3.58605798980252e-09
0.806700454557383 0.834190524408986 0.606998129033193
0.205069089050276 0.79269792098397 0.142551376561077
0.657073232652573 0.399752319639868 0.885067184097817
0.793251914316605 0.11448306384043 0.321245200922729
0.958281270013016 0.920042167963694 0.873620754704824
0.947607445091876 0.275822702761045 0.297003733651141
0.34970155212003 0.436151645405794 0.572528161390318
0.515855215323436 0.462583156393948 0.81550304841896
0.0931358917230868 0.160487722222098 0.293823503895148
0.0342375478007782 0.166141955741031 0.095889402678373
0.0490213327088669 0.30402388326825 0.0831921854966512
0.000121104141252344 0.592829817258605 3.52868149746697e-06
0.242827524998942 0.538662742823179 0.304829750811151
0.0826596624484677 0.977972909302797 0.0243409056034784
5.36005905762482e-06 0.016956201378954 6.62497653807393e-05
0.000488918452927299 1.90797136079167e-06 0.55973338833049
2.88470973690208e-05 2.56961798347776e-05 0.0491346417033337
1.6405176916232e-09 0.00019609147693176 1.10503524774675e-06
0.925265740013864 0.868132245204675 0.987594721492117
6.19367429606584e-19 0.668316343739701 1.72536123615147e-30
1.59646553447815e-41 0.380942319683085 5.03088126353212e-67
1.1816546359489e-06 2.23823165771633e-14 0.993433979408812
4.89910911807145e-32 6.02668673795966e-17 5.41324634154772e-17
6.15877314555762e-73 1.3198773348759e-15 6.23028063217838e-67
5.01499865096377e-25 1.74204485022446e-57 0.894447948169549
4.48488775191219e-54 1.55878928333e-55 9.92137017067921e-13
1.99848789840008e-99 4.15434440488973e-47 1.82822030760309e-58
0.807015657163396 0.856819571708261 0.728380026949848
0.440418479754722 0.698911983242374 0.0288149888105593
0.724260785380966 0.626222160025544 0.520306533556844
0.433582560389695 0.390005960237991 0.788062674871629
0.799647919869896 0.806368097060234 0.940596725409906
0.203589567629135 0.261076711179918 0.392516398851807
0.100118151674654 0.10354424038733 0.759077689897674
8.87747391146927e-05 0.000110318380393529 0.482605129818861
0.09783684962596 0.129620043887193 0.361970916470832
0.247622433970396 0.393164468452376 0.103481285488502
0.19251904814146 0.134072444399574 0.375818809913821
0.0107677141707833 0.0539760213552236 0.000176002334058339
2.62804107844814e-07 4.44748765727534e-08 0.303462724982586
4.29902321133168e-05 9.28984740387487e-05 0.196600171375562
5.28846226194982e-08 4.04119428303931e-08 0.630904918675497
1.12725361463038e-15 4.11258900984922e-16 0.693339538226115
8.70211791571807e-20 1.15232032587662e-19 0.19184174087351
8.87999582302917e-17 2.15274822467195e-16 0.1076432139185
0.170236533675442 0.102866920487479 0.264672036041392
0.687527526950318 0.591464786225055 8.38959272273551e-07
0.0183331723222514 0.466295261125277 1.49207522309209e-17
6.24431474012112e-65 1.32338573382226e-68 0.865060547067417
1.24662153682802e-68 1.07387736154898e-65 1.01315906282704e-05
1.06401482399208e-63 3.30894975705076e-57 1.0244832202622e-12
2.10573595899326e-145 1.17141436229492e-150 0.20817556048259
3.05413324406855e-144 5.7227104527913e-146 0.0149862694522428
6.64376183720453e-149 1.45347329440969e-144 8.33001891635181e-09
0.0446024567408056 0.144078510087599 0.0802061103852507
0.887687101767758 0.84416834879552 0.938896940521845
0.484277511626029 0.520395669193178 0.752662943153345
0.749080581749192 0.749709271024997 0.926702611558189
0.166609959717389 0.341767561015101 0.188048482931729
0.411333759337198 0.88566305467782 0.0871235420066306
0.000230661241284238 0.00120881816065131 0.0530665069088663
0.991264903512595 0.572833386431249 0.208014225561497
0.00677823691960718 0.0282746636709365 0.0571597242492481
0.624051279209012 0.418024408522695 0.602484619856863
0.940208002368078 0.463953703949955 0.0856931770080013
0.0101001240248406 0.974396228633389 1.0833954936655e-09
2.96000959365631e-06 2.27641111467174e-07 0.814019618359655
1.69453566157085e-10 8.56565349844955e-08 9.73912867967597e-05
1.69820488955202e-07 2.05101822918239e-05 0.000354351365853674
2.00625512910794e-12 3.51695699552728e-17 0.354814011763699
1.51025400015885e-11 1.70147256316956e-15 0.533137373705961
8.23040326719046e-25 3.01621532288923e-19 1.37956088019889e-08
0.722056306250888 0.610813709797376 0.827654386963832
0.00235071428841821 0.159644630703407 7.8230435747915e-24
5.76270072670852e-09 0.0477832961679903 1.45090182206656e-75
3.02544061898505e-61 1.88752159533933e-77 0.831670772558052
5.14937207032027e-73 8.78580290750762e-61 9.08168604831905e-18
1.15840778562273e-87 3.54761743525595e-45 3.48206800211819e-75
8.95928023565814e-107 3.88432603202074e-141 0.515356026076982
1.8662268327001e-142 9.13683267834011e-142 1.03990469246285e-14
5.83493875779484e-144 1.39305827904633e-112 8.13588255404928e-46
0.503474989412482 0.663274072053378 0.52188868217778
0.923175179954481 0.98791522447698 0.801482461634113
0.135687367529429 0.0400001063585031 0.430832642779783
0.370992448448395 0.267718309932685 0.836338991873311
0.25542117892169 0.140952232594918 0.688620334911987
0.100734753395344 0.0730420241193862 0.922087146117114
0.00180659407782743 0.00372106721823867 0.218366024328944
0.0320957698613649 0.0904584384232608 0.159116024192479
0.0506582613166137 0.32008540022653 0.0160120854900645
0.663815259136544 0.33813451942985 0.341342513738741
0.342199096845265 0.808826314966518 0.102693877457511
0.0226434051807241 0.241841751349892 0.00571377751180037
0.000173498732580231 0.000310634252304008 0.222314645420743
0.0037626550320807 0.00624622452438234 0.313800552904479
0.00033430016861661 0.00296586129194046 0.0335591696706282
1.81152888574339e-05 4.29331114928959e-06 0.680511009723341
4.2926354702619e-13 3.17834897111315e-12 0.0166651041588523
2.10368194367919e-13 3.64779714136793e-11 0.00110738244630187
0.606106754479645 0.604511747912305 0.905134426463093
0.062844539176356 0.396235895937858 1.50107306271878e-09
1.69929331756545e-10 0.485576259774968 1.29656437405668e-39
1.86890302048747e-20 3.21801087558354e-24 0.619778921688875
2.01508784047106e-35 1.19953848626341e-29 1.03219820954465e-07
3.55051594226025e-47 1.06293840227017e-26 3.93904104835682e-29
1.76076804513122e-88 7.65369758457294e-116 0.439146368957191
2.19209873218039e-99 2.37042854561822e-97 2.30105480367234e-09
2.81795518456059e-131 8.90748892405134e-109 1.00456870547825e-25
0.44456445666418 0.449413131562472 0.710369839091852
0.543384094844172 0.166906945265108 0.715459677377246
0.352172090495798 0.650443776513832 0.101681200977524
0.950210770492962 0.596159103398459 0.716528237240327
0.000952758023484305 0.00196946537302562 0.0797368035800961
0.019547336662456 0.0264928360673835 0.233444083911258
0.123614394766344 0.151470660766016 0.407957685091867
0.110843300474934 0.0244371324595831 0.83981441478664
0.0244595100951806 0.00236021807270528 0.702936191552444
0.565426374721513 0.458616168996864 0.891996834877254
3.19882179170918e-05 0.331284525837109 2.2444577642702e-06
4.00528678151826e-08 0.950357251874928 1.67955030477524e-13
0.000131617780406429 1.43097096973426e-06 0.346608335580484
6.67902512907519e-06 0.00170292255499971 0.000962115397572084
8.18058801697427e-19 1.1168582784577e-06 2.12956027070933e-14
2.31025941849314e-07 9.56009719839424e-10 0.0911997652705275
6.82799090833556e-12 7.41730267759317e-07 9.30635670033965e-07
1.4275460193028e-23 5.07545471267681e-11 1.3395070980599e-14
0.0380820282130449 0.364587394496321 0.0462040286874655
2.04440508845127e-28 0.531642995626065 6.44419772157526e-46
6.91821343108914e-79 0.596547500695097 2.23230463228344e-147
6.39480613137327e-14 1.44219823127373e-35 0.518696961509347
6.47943188598838e-83 1.47073752380269e-37 3.08693279483194e-49
2.78469812152728e-150 7.50931965293899e-31 5.59973940290707e-141
1.6364739902623e-50 1.63677951234641e-126 0.451851417911204
3.23904680289747e-107 1.33676401208575e-102 2.58844401374879e-29
3.08659706037501e-198 2.82455079814168e-87 1.81542123268822e-122
0.716299478982808 0.592795418364376 0.394500834907339
0.378116316594649 0.268518064419277 0.308377888364446
0.828329843473315 0.619347137228053 0.179380611197481
0.0167122729675931 0.0225335861754709 0.37961067115696
0.0139095490431306 0.0153289311168262 0.620016590351347
0.317036158549618 0.58161143147057 0.0166230490416503
0.00160525860271455 0.00266050569364804 0.27148375774408
0.00570912028756538 0.00330404494173309 0.606933156268812
0.0145863643186879 0.0100235712099267 0.717028636799923
0.538424350556015 0.627703330772191 0.447056885299066
0.254239423478177 0.214066766313853 0.715508762131496
0.081715722025697 0.172687799179694 0.0582739766521618
7.62334963841501e-11 2.74282354915022e-11 0.930351166833484
4.54698383782995e-11 5.34320034799846e-11 0.377494373377853
6.90174208143427e-11 8.84480033651484e-09 1.1955930796482e-05
1.28662138521212e-34 9.86234182147588e-36 0.589006287340719
1.97320134349179e-27 7.68921575600863e-30 0.337581469016752
1.8346118914638e-42 8.9376711192399e-41 0.0011611918476531
0.645927258351422 0.550731411247067 0.55348177427794
0.650142676577211 0.380267349073071 4.12151158100441e-10
4.5772508081193e-05 0.179501788944204 6.43371990342909e-43
1.24444798270387e-118 9.77704979894681e-121 0.0639821379858068
2.72534592032666e-148 5.85035556072235e-142 4.6656535270089e-10
3.85073582557701e-149 1.41446838060389e-133 4.10457216623708e-27
2.67195732196688e-283 6.84712776411675e-303 0.304352056853418
8.39911597930119e-322 2.39127772587163e-321 8.18970307464567e-08
2.37415785827627e-294 1.82572965202033e-284 4.03204141343738e-17
0.856514162501755 0.672683236786404 0.650898916280787
0.951069230410867 0.930841528421174 0.739484662922776
0.0217848400610402 0.133683080330487 0.0212190219503224
0.687712649740093 0.144795898406612 0.0316224569595771
0.256700167876858 0.13049043009945 0.659657045240739
0.000367787101044134 0.000988937837555462 0.116807211965534
0.00242451174994453 0.0017126439571105 0.531379245560809
0.00162436310168464 0.001207371659427 0.484403864072286
0.00111636368197214 0.0035936003093012 0.100553499726316
0.745016372444383 0.994838892938971 0.452043952410675
0.185330310868693 0.949277628989169 0.00325367307609422
0.00669583909238657 0.330797099018063 9.51669032958847e-18
2.32773193659603e-10 1.24723493453511e-12 0.856341008458959
4.16275002456344e-11 8.17792383102623e-11 0.0341852336737611
5.82885960009804e-22 2.06233358124036e-15 2.91623593593878e-10
6.36205087123767e-34 2.9139078932316e-37 0.0266905047153986
3.5320674917962e-33 3.08739644939935e-39 0.312001018960162
7.7597999698806e-33 5.23566764313397e-26 4.34118098581708e-10
0.244551219874344 0.746419439653163 0.0416328624305931
7.18354060617023e-14 0.192014814329332 6.46038847588594e-49
8.4306926270321e-19 0.153890610472266 3.84638360911396e-128
2.14356086272069e-96 2.00192562015046e-126 0.648443121174517
6.82264581356544e-147 1.27228037518392e-117 5.94805405931315e-42
2.2643063255491e-160 2.12381167782749e-96 7.50398354574027e-102
3.37599433317261e-239 1.94867910849525e-310 0.602182055133216
9.38029994928815e-261 7.06957226461083e-274 4.97161456036038e-17
8.77175739907602e-300 7.55946172701546e-240 5.44280460278297e-78
