TOT AFR EUR
0.8075065762703 0.738936257746794 0.259244717088183
0.0761610684927125 0.0865064163870982 0.531001337004212
0.0338136276132842 0.524738718505251 0.0011018285520164
0.31665719888596 0.968347720379778 0.0276481303480982
0.646326221408133 0.531651213503378 0.84117085591215
0.123644145773596 0.304720913423281 0.15062236093128
0.548766085117855 0.3826912009384 0.67735172872918
0.67654905569466 0.836800083944479 0.577226370233162
0.439390997109288 0.950820424819721 0.068557278005823
0.124598100328811 0.734274164408787 0.00513382272717075
0.556552503552008 0.501727855018566 0.985920644535075
0.0241953554174206 0.00517352140522956 0.642037733975835
0.426289281328683 0.574067883589574 0.495192287355495
0.958816359066461 0.80551394295418 0.556747853719062
0.637797298152914 0.774930059414478 0.63603636567234
0.38523444988461 0.0647986864395037 0.0757768665762829
0.051769271107063 0.41663063378117 0.00578205213183577
0.00754007603691881 0.0115021744712145 0.37698247795495
0.10921654398589 0.137481286070472 0.500976900819621
0.375619655102979 0.950373035141272 0.0525300049575926
0.258397947808686 0.491946061261191 9.25675214119736e-05
0.019894846216189 0.000570980651349223 0.113723557962527
0.00511010185568931 0.0113233203296737 0.238105150255912
1.65816803886303e-05 0.000585833676163844 0.0012392671275254
4.1648358488113e-10 3.65550574406139e-12 0.999983645831879
2.99764461216777e-13 6.42755857097431e-12 0.0189662444448377
1.54708376473421e-11 1.25920043579014e-11 0.0790006182609956
0.614302088684471 0.676761603732708 0.749523020554863
0.804820714330503 0.320221391691016 0.638663343511827
0.736263199673603 0.142212941114433 0.101701234321426
0.908974867551165 0.661597225251464 0.614111761416009
0.277304119223172 0.534661279276957 0.354166085466575
0.95222444629339 0.560825902842283 0.651240532323964
0.117073925242796 0.78504667123325 0.0611092458501162
0.371267704151174 0.275292974585138 0.791920779711857
0.223775791987546 0.74339324088919 0.178424535094299
0.517996625599835 0.202894627597392 0.814310601213555
0.678009792239342 0.11706004328529 0.0450620833571607
6.50394804073544e-05 0.0697974844793621 0.00021801597260974
0.171037942674537 0.534482008386764 0.189157485992421
0.158033428199633 0.117801035538 0.585334875829028
0.0324494827475061 0.602074523017817 0.0177362659262481
0.467456585216371 0.0140809819309822 0.254434446143889
0.614383779920651 0.690374890709606 0.749965652136829
0.16508096871225 0.184944452690681 0.489330452486931
0.0182328766302894 0.166607995240972 0.0468661379175575
0.00057569748751202 0.221000796188901 0.000332866675584911
2.98214910696553e-06 0.692545976981435 1.39908494992734e-09
0.00599002276571004 9.29341476310803e-06 0.8782204143117
3.38813996209541e-10 0.00104264263443263 1.37532872734064e-08
1.22854222468773e-15 0.00149723869212651 1.3082559652458e-14
0.000168164753612164 8.27660735304542e-12 0.33094808766209
6.83268721723156e-12 1.12688253131823e-10 0.00024288332648027
7.44346574272017e-23 5.74337856095509e-09 1.78327468986437e-16
0.0828415175005765 0.14961715807703 0.115014842997502
0.632509814641511 0.742814913954909 0.523842450874384
0.496863701919761 0.283964068140179 0.0883120424369829
0.92149486531737 0.853849958700781 0.712512809630332
0.533626640849867 0.684182282007596 0.413849516096624
0.726840126808213 0.764139174435603 0.799618698851885
0.293976086014568 0.545159233641724 0.0537663558611537
0.0677196129538486 0.0793933679672046 0.434531270304089
0.824931337211454 0.686508387056191 0.430696345096685
0.799650272040158 0.832893800998858 0.817562226400123
0.618711900132213 0.476866654352191 0.435297208488854
0.927514821279977 0.747256025424409 0.0572273902435197
0.126981672905333 0.187538079627884 0.17036209590762
0.182649972801008 0.207667080201342 0.612694451501186
0.00252440648675714 0.00379251842910831 0.483617252445609
2.69355955985797e-05 1.97561221055544e-05 0.868328558303557
0.219423448355988 0.213762345101781 0.938290401699867
0.0161481648410388 0.0487984635053348 0.00828241213164058
0.954020784067187 0.922481197007581 0.868783088519425
0.564821916398985 0.629127192467943 0.424865290659601
0.176388113807296 0.0626815048956304 0.000739809938879523
2.31381601077953e-19 1.49082618914377e-21 0.0970029911886184
3.68071132203529e-13 4.98821489603271e-13 0.162958019957448
1.8848017678063e-13 1.16355138446507e-11 7.37385203440701e-05
7.66301701040536e-27 5.28935625069328e-28 0.950227481696148
3.36932516257366e-21 2.08147073798394e-22 0.809774542030091
6.01834673606136e-30 9.96188020771487e-30 0.0620241357102047
0.600051896672462 0.419834907527239 0.682168994705758
0.576850995568404 0.784268923609151 0.439811774795627
0.946642010690932 0.936989542263078 0.754854534212414
0.102934344115922 0.341887904714984 0.103607036493687
0.530200318192668 0.50438506432686 0.931343299775061
0.163167482050808 0.350123924408271 0.15316526793247
0.0512655566889628 0.0161715998668087 0.676219882987977
0.000144537522819623 0.000468126292450753 0.0687448809970216
0.569853888665966 0.338749263342646 0.453789775339554
0.0354645072247271 0.0067111861736745 0.544182212558888
0.78793356981371 0.507301609041874 0.439370093741676
0.00597568618982821 0.0302510994897318 0.0411601677489676
0.148467405856371 0.0669082997179679 0.742662202533271
0.488912322250899 0.388824140380532 0.860686842868142
0.0168681338210259 0.386165058869357 6.42738125428498e-05
6.44595822193237e-05 1.75422290643915e-05 0.592766524200135
4.84501228688458e-06 3.45103349399057e-06 0.245467312351591
1.7140552752681e-06 5.68975433181532e-05 0.00336448188113943
0.608924163183302 0.573181863073548 0.987304758009002
0.233738345558446 0.23969360988781 1.45638503132982e-07
0.00393397560129336 0.877687632082611 9.8218647625192e-13
2.81132069530023e-16 1.33950064138262e-20 0.847665378850284
7.06456654880066e-15 7.71429478663413e-13 0.000215855650886495
1.06735034681492e-20 4.26590718407738e-14 5.78243589301688e-12
2.27008675198558e-24 1.98434041114583e-31 0.861454592325488
4.57741329988634e-29 1.19443062173356e-27 1.97297309150353e-05
9.16477361001146e-36 1.52209793088364e-30 2.15315247895576e-08
0.0706909916391873 0.30934945607349 0.0397020139899861
0.675239851817206 0.550863152889449 0.812859513564998
0.572220937761244 0.393665369894624 0.659159432818151
0.515915970635049 0.409610342893261 0.856827009736474
0.825910439120485 0.683151378046722 0.718056986804447
0.277012624540086 0.321700783777993 0.652653020444785
0.19787008692329 0.411091007186957 0.208634821846295
0.310284240576644 0.56130917213225 0.275677747553775
0.340273857085374 0.114386269044315 0.30873998994367
0.281539312655503 0.562161521058354 0.205380398221938
0.835708361308274 0.898260452276179 0.464203471267419
0.317882226676331 0.377722224304366 4.13449635328288e-05
0.178741779043424 0.145332814001759 0.919028810082755
0.169817850605366 0.19414307705123 0.621523049223492
0.0205157280229076 0.0244525350337514 0.493845724918486
3.49663525646078e-05 3.63547641691076e-06 0.996558833634787
0.000155102834385007 0.000266782088997284 0.252989112435393
0.0021158472191472 0.0198263930429295 0.0226932681270457
0.52525492305142 0.857773456871823 0.277452393732243
0.1059260874296 0.639731547311262 6.27922341851576e-06
2.2355322662898e-06 0.416643583407354 1.12291490292467e-20
3.90255948111431e-15 2.42026229529153e-16 0.236802858199139
5.54854743518473e-22 7.1966730114055e-20 0.00133038414110205
8.04995126652384e-26 6.08475480271224e-12 7.69394277887922e-23
9.65843926795363e-50 1.59019507536987e-63 0.783516709002908
2.96869082533807e-59 9.2931494512293e-59 4.40127697567466e-05
5.58864970166908e-63 4.56638956064853e-47 2.61888892366451e-21
0.733687854813375 0.556223701073463 0.960238589522992
0.564297058707305 0.850606593110985 0.351697549668111
0.279815324218122 0.00330315039340461 0.273158518469143
0.634209784658708 0.846514538709444 0.428313291634046
0.816699764626547 0.892975275193794 0.844884901877301
0.331455638214131 0.577158060205384 0.412033876331691
0.128670456660703 0.255181864920617 0.293584529163843
0.707062837682361 0.158985872387008 0.477908948954311
0.10689971508883 0.154832416708037 0.358804000228952
0.236378566098741 0.586231534563055 0.263843928440992
0.560470653886622 0.0564240119666365 0.0153080944623971
0.0176947710059144 0.585996675337514 0.000249739204411713
0.877420357856511 0.078603499689785 0.196501537435166
0.000136069140560238 0.00136642509959165 0.0169356082004705
4.84021170333355e-05 0.426870267713725 2.33840062384212e-06
0.255130598164215 0.00071408543832118 0.165787985919837
0.00446537676106515 0.00347400446374218 0.182805239474062
3.00332828668674e-09 0.000124550231610642 3.69727856296438e-06
0.915980647890132 0.0739087955917853 0.0972774365865571
6.69717176865602e-12 0.753555500189126 7.33278867362411e-22
1.62081093878646e-45 0.803144402143672 4.66011443399788e-82
4.52578164264693e-09 4.0949866283884e-19 0.818860275005246
3.60896124425085e-31 1.06097913114785e-14 3.37262540405378e-18
2.8908344525709e-75 4.43148983774381e-15 1.65710445334896e-73
2.61229757882478e-23 9.61320471565687e-44 0.108424548071493
2.2279103493054e-58 3.05996743657513e-50 3.93130774724312e-19
5.72347502958776e-96 1.91912534061739e-42 7.97996260231161e-59
0.733442452037745 0.629589123198112 0.52765575828268
0.0215599699945838 0.0222709882976479 0.756774946367759
0.782136435363627 0.770394477592195 0.963029346425599
0.86620725149792 0.757591797666524 0.0109393950033051
0.525530371452273 0.755156560189745 0.111312694775464
0.211455755255916 0.241477599098604 0.571475794258481
0.0151043298160325 0.0137643624973485 0.884721196399087
0.0468691833009417 0.0631170337120195 0.401330990779792
0.00673156722789031 0.022939890124744 0.0138042532029339
0.887610170054518 0.926762739417648 0.795760396515857
0.510467004918619 0.329200033044889 0.117753438648364
0.58585989303385 0.813821126953075 0.0511006826196593
1.01842020938991e-07 5.80069922887457e-08 0.889321714536546
0.000806525239908206 0.00307834291684018 0.0134711555178609
1.14414944169721e-05 5.1116695424949e-05 0.0247513860453029
3.22185234601281e-25 1.45069049514897e-25 0.364018546597448
1.35222966640162e-19 3.12222956810511e-19 0.118376297554308
8.36091915039696e-11 1.83047598012336e-10 0.139161973879813
0.521703444779906 0.423028353349833 0.435686771601716
0.631094495586338 0.17302321695286 2.87956770896751e-05
0.000710440061888751 0.100291385949119 3.07642496355332e-20
7.45247549326235e-59 4.95330683996681e-62 0.874225736049288
1.52294652936485e-60 7.5751664650346e-58 0.000180999449733168
2.3652498829121e-62 1.20387989494459e-55 2.80894693127153e-12
2.49349615542758e-135 1.09857556224323e-141 0.810236597354578
3.00284174495007e-135 2.26747130994719e-137 0.0170794974160061
6.19550940217595e-143 5.03030764582986e-139 3.66704997460562e-08
0.494333331031155 0.631944761893872 0.52688084230754
0.566576538167806 0.24593602257799 0.275412963737625
0.447354571429702 0.671217386187174 0.368478038320884
0.153499693370213 0.0429471020126166 0.417590402809013
0.0121049745355259 0.0159611754004941 0.364144552079663
0.0143135443290506 0.0218839983654284 0.317521841089611
0.654791294423713 0.45966133702522 0.621064425947598
0.349464888676583 0.1822457589394 0.592280619752358
0.407060796372384 0.45286089881976 0.697411575766117
0.07481020689002 0.194761973864488 0.115984863860662
0.966643580705814 0.229945873217768 0.0189439790697786
0.148246669432346 0.464085072657672 6.00804637223839e-07
7.55339147336627e-07 6.68161376303693e-07 0.172293060807575
9.02813935387241e-07 7.38013971216978e-06 0.0216409465259079
5.382114703126e-10 4.99178898254614e-06 9.08412583236044e-08
1.26871068143519e-12 3.40648357005555e-17 0.409049202954592
2.70916111717596e-19 4.93845811984349e-19 0.00760409004188174
3.61901991638542e-17 4.5122538685385e-13 8.2217312107102e-07
0.263079844739457 0.336011858789949 0.514745097569275
1.72519413528794e-07 0.781026713798752 6.5116725014282e-32
6.00741687677635e-09 0.0724080296234707 1.10921263352174e-67
3.26268331382013e-49 3.0022339960561e-59 0.374437598470279
6.83984463268584e-64 5.8314891351042e-51 1.52959400817579e-18
1.06032253971295e-94 2.18491934561891e-58 3.60279017397358e-56
2.61784295882331e-131 2.09840428783526e-181 0.142052077831485
3.39729745330161e-138 1.75321859901841e-139 2.45420577248313e-12
3.45378452612947e-145 4.40203952134576e-126 1.62511861771464e-30
0.535240127278276 0.779924366455277 0.386156868481856
0.108015925745912 0.248223971363432 0.174528772472383
0.205176224406219 0.19927283436451 0.777898132737215
0.205371729855221 0.155671033918065 0.988241199962621
0.330773296543045 0.772815965116833 0.0915308639766045
0.202804297607917 0.420420584226245 0.205780875888041
0.753691286989343 0.091164790888413 0.00750696772667539
0.125223783078038 0.181852689294514 0.444629522117084
0.162029756527298 0.0970059565321681 0.845126813809475
0.336880656846421 0.154891825117351 0.495336195795471
0.125626614818203 0.315759095102344 0.136104079031461
0.00388848389864856 0.436436791390158 8.64861652198328e-07
0.0714800012463293 0.0403192584550426 0.951324451524568
2.95165937763785e-05 0.0012075485608977 0.00356795506508822
0.000441330505272787 0.0425892256654094 7.7517254397023e-05
3.41156806411563e-10 9.71875890412853e-13 0.867052372727811
2.75969163091665e-08 1.53631268218562e-07 0.0456038872895762
1.31863880828774e-13 4.55792895242586e-10 2.27681232397853e-05
0.402505109287927 0.375749726377617 0.906123200685384
0.0527785653906186 0.553023355540162 1.14372744300083e-08
5.0082016075625e-12 0.0740194577590705 4.66596645030069e-34
4.15912009672497e-31 5.53129641913039e-44 0.0668627846456841
3.00199479620163e-37 3.22706762004806e-34 3.56795191865749e-05
2.29470399304227e-51 1.33201028859539e-28 3.15434991107737e-33
4.39796399663518e-93 2.77525825680779e-127 0.0363758023155822
2.06410741488158e-102 2.51257291956372e-105 4.08435815073739e-06
8.75420842586284e-121 1.28347654217994e-99 1.93808630379178e-24
0.325334356651635 0.0591973774294546 0.767130150171273
0.704794416952723 0.616369374026251 0.936473983178451
0.127361770293284 0.790646423370827 0.0709583029406618
0.0587858424048164 0.0265118425130918 0.562157550677318
0.56949263922225 0.562383129521159 0.78523673153
0.454178035910416 0.161234411412791 0.818516753144661
0.322041602851899 0.759482641577567 0.291088973331067
0.78342482157867 0.570763540592268 0.906121780729973
0.497128873084479 0.648253449493067 0.605174769400444
0.742561057918861 0.572841139880402 0.363930664717545
0.120532854322841 0.725334106267381 0.0757606508529207
1.59821377443728e-09 0.85767010380087 4.01887753819515e-15
0.0064541453086719 0.000301002752431001 0.602256553200875
7.20665192939043e-07 0.00297421351763133 5.75342597199334e-05
3.36603888433147e-11 0.00506975124520465 6.83070192118234e-11
2.09145980746266e-06 4.54353733365304e-09 0.185077064249992
1.16483296512266e-14 7.32469025648077e-12 7.57418051955966e-06
9.01536816334707e-27 2.16630747016807e-10 1.99781868147731e-19
0.546136518561879 0.411673994884947 0.127180713000593
3.39929445427434e-26 0.883653545359452 2.3309657764987e-44
6.40625291910243e-90 0.275265168951725 1.11960047831511e-150
8.26897530538901e-16 1.77073385178535e-30 0.341731572509266
2.98372320551519e-74 2.40011483564621e-34 1.74533902804885e-44
9.78625537640776e-135 4.50493928912781e-21 7.92868975218397e-141
9.50339492825677e-41 9.29009475679242e-103 0.725767727904757
1.78985696041275e-119 5.45922138331417e-96 6.80265176996137e-42
1.95690435740301e-189 8.96681009242417e-84 4.22069371545609e-115
0.704906469321351 0.544019265370425 0.237235576594695
0.162436715331769 0.084036570008559 0.161538958579685
0.922882923751348 0.906924173125454 0.93117475938031
0.320632712039655 0.406803088298302 0.339094701614725
0.237793848477228 0.244222584212279 0.811443237070557
0.0231896573664201 0.0500301219688029 0.0805759166740837
0.0331012910929179 0.0183584749249817 0.381292359507574
0.00831068017501484 0.00357582948134277 0.286183298108411
0.184755353200805 0.177993080857716 0.9535230136999
0.311022414549019 0.262010143324411 0.702803702195497
0.64967843927626 0.355323837336573 0.0394494105137429
0.247936193595375 0.576766034764073 0.000335629000609857
1.56003599954792e-09 1.65995440490481e-09 0.389900254728861
1.75106838411675e-08 1.22626119168268e-08 0.683551651152746
3.58209093877944e-19 8.96634579236523e-18 0.00351518173090797
3.5265950769571e-28 6.60823095779549e-30 0.683470456056002
2.28109678659332e-30 2.98880277402609e-29 0.0106314091630028
1.89173589784278e-35 1.61550966822559e-32 1.49170147349021e-05
0.973142984744665 0.922999365285293 0.755847119099147
0.943542423472342 0.131628357882623 2.29434774711789e-14
0.0351459892474251 0.714168272667735 6.15951601480375e-34
9.33947379736143e-114 5.23919480251585e-120 0.989256493854585
2.22320110089842e-114 2.89575216172507e-112 9.33763514291692e-05
3.9768803106577e-156 2.85685627586618e-141 5.74019797036574e-23
3.25609777811252e-261 1.59346249917325e-274 0.745856027939548
3.44838683416226e-269 1.49878869075121e-268 1.4887743988889e-06
1.12397205570433e-257 5.32138091350493e-254 1.58455923447812e-09
0.674699493973029 0.681532068482669 0.887752548854507
0.590801460059701 0.914512658629948 0.130483549522041
0.426993151835256 0.756984984826462 0.212865605893868
0.0214675112566605 0.0185840326930301 0.585068585226036
0.251498389904025 0.152413951040494 0.771390908157972
0.472798608260691 0.455117581259407 0.88843108456934
0.0127328046797516 0.00497019982966085 0.983001735329568
0.00101253647410607 0.00291356143100096 0.121538234380545
0.0301361383703673 0.0931039573011677 0.100292002631525
0.900678786902765 0.651230552892862 0.51595126227038
0.111178549259886 0.716573585089135 9.54981797132902e-06
0.45220959467972 0.0481707519534776 1.47571921682993e-09
3.84878750346561e-06 2.48331604048558e-09 0.172740202555542
1.55513216546597e-21 1.85108820672942e-18 7.69254785907036e-06
1.08384336654336e-20 2.27562507636384e-10 6.05137534572515e-20
2.29540348863666e-30 6.56600840855088e-38 0.742797784201679
9.79356138068745e-25 5.92348175750399e-22 3.81901165632535e-05
5.32561343454504e-42 6.01820164264961e-37 1.29259520167865e-08
0.780059469566128 0.777480178636042 0.942096898451481
1.19647840278235e-14 0.670975434526238 1.262916994549e-64
1.2289195044981e-20 0.334557779005064 3.02143261140888e-139
4.12997409833798e-119 1.11762720978142e-142 0.0274205838014866
1.7695255231891e-137 1.99958349969115e-119 1.61939770884228e-28
4.49931958280443e-187 3.9390949056858e-111 1.71412146826515e-117
3.13868771287359e-218 6.01726812796579e-284 0.872816487613899
2.25160251936486e-290 1.14355849636376e-297 5.86834299947624e-23
0 1.14483295340727e-276 1.5117847505114e-81
