TOT AFR EUR
0.964768510405218 0.911014508729231 0.757087154772644
0.345217181011482 0.672495832221298 0.182597137886692
0.277231396983903 0.157457056395675 0.694030727302465
0.539813728238843 0.467423074121721 0.931414927799336
0.0611018907008789 0.0357626407900455 0.982427570210345
0.690732121037149 0.433901052035779 0.486460580251244
0.416904315859606 0.773429003474582 0.251021242659134
0.0534285734801742 0.116240442333063 0.230657626100372
0.934591796082887 0.586098168737072 0.318735257600486
0.638943609334459 0.652032293847871 0.860567676817311
0.239429197030808 0.173703452059545 0.95788961556053
0.670034372216695 0.72883033918295 0.0826507769035768
0.701057402015578 0.760649787349403 0.122626673221913
0.286318848914759 0.304173252318305 0.736158269563858
0.413924948371293 0.891661898679149 0.13478625358544
0.0111375083784944 0.0192899601578149 0.310975014979335
0.21584363986286 0.240822173691233 0.635622173005728
0.0055946820856454 0.0030938541539705 0.702001186109223
0.945593518829885 0.945768947901559 0.987013047695127
0.674665301904407 0.281705141106411 0.00204864149813787
8.94383215767712e-05 0.0483117132830969 5.07802103946059e-06
5.03756545738744e-05 8.93794487712427e-05 0.183531117471164
1.57679503145756e-06 1.35037275905556e-06 0.293097970278936
5.13808763464299e-11 9.18415897449665e-06 1.29604569430578e-09
1.68672600289803e-08 1.19683535948882e-12 0.232324967514655
9.6479122377054e-12 2.91849286029316e-11 0.0482761211702808
1.64697579173839e-17 1.28137365866028e-11 3.47908529229e-08
0.0464105536042022 0.0939663347905514 0.206833770364043
0.561750957447823 0.991520812844213 0.433992631661619
0.589154892550906 0.439907376135198 0.974131469236271
0.911559146628944 0.722661302875433 0.640519160277449
0.525478358978857 0.490537245584979 0.811125270719489
0.806846523374381 0.46980609566713 0.33685778753179
0.915495768919672 0.298912897002116 0.330580199466354
0.278117971973621 0.558566810628149 0.0502272167453696
0.691048294135387 0.800130190946485 0.748038061896375
0.679198044081716 0.275097994681709 0.700711776287752
0.00484891768159208 0.0443570332273217 0.0541076666719914
0.00177128323872307 0.241713196528797 0.00163502568329393
0.075884877153117 0.000396390975171212 0.446739648499264
0.92477799964309 0.557693612754453 0.714265135131673
0.0472760632487843 0.457864644667405 0.0452798137580934
0.0133528969084105 0.008147995296498 0.339469578863875
0.0585634530843381 0.292993936915729 0.104860795552346
0.0436815304450226 0.0267181805790392 0.475665032131086
0.30525031327646 0.145537441198501 0.912492198139709
0.0425789730789449 0.137127679380077 6.62205893418604e-05
4.71783665402811e-07 0.156318945878072 3.5029250004494e-15
0.000309400169952651 1.14879192071309e-07 0.706189698571938
6.46413430862517e-06 0.00796864241615674 0.000130259405807294
9.35547236336358e-18 0.000306173431493536 1.36033601897412e-17
5.29221255676964e-06 3.74067707720438e-11 0.729545519486952
1.32414217683599e-11 2.35279912695399e-11 0.000366720197203941
7.32840377105493e-21 1.99397593976023e-10 2.87118876653445e-12
0.791050583003214 0.795685254484503 0.945051349192939
0.800123498703675 0.863344431520162 0.661505206138874
0.764128381100272 0.780599982732437 0.874029288481172
0.00476159265889356 0.00472045904229476 0.684064795454538
0.944505979741773 0.973746939624947 0.84617357731287
0.286750353075947 0.268001107228382 0.950260984671094
0.605182491303137 0.747525051078612 0.436756783791025
0.154931117496827 0.257892345763962 0.152046144538138
0.33568413178803 0.401015490252969 0.488525137459432
0.0457378206907732 0.0375435928318302 0.875260400885666
0.0933780173178589 0.0877033255646866 0.923291433906074
0.0388875430495982 0.0162269689128924 0.141964121024583
0.0031031314025698 0.00341596529372848 0.538324952713731
0.000333172526392561 0.000307132822649962 0.766475641765094
0.350038698447022 0.51993715546093 0.127014662736339
0.0496964265903094 0.063386659359427 0.432994572523993
8.16412757122302e-06 2.1205883220573e-05 0.0988818249438255
7.92369170173662e-05 0.000135538987736284 0.177997229686047
0.000974134832525197 0.00159391932450589 0.307531959540944
0.376924103561514 0.65504907520229 0.0372084843971041
0.6208331884648 0.508011050639843 8.24945945219621e-08
1.88917518455472e-13 5.4971819211818e-15 0.242407183584315
6.24676486864768e-19 1.69648396338476e-17 0.0033305481833766
3.57467511696873e-16 7.49307528688589e-15 0.00195036001362947
1.3039748520499e-32 1.00264408129606e-35 0.250975762805621
5.41503142032947e-32 1.27729097294108e-33 0.93963544101932
8.39728759444233e-28 9.67250715492273e-27 0.00285598305042941
0.244772309687095 0.16729768719087 0.873634961654897
0.760287373545329 0.997825022581469 0.496233841248449
0.362995406530102 0.280825219304157 0.884593701973648
0.967635195552707 0.568614087052632 0.161303781594394
0.348568231802256 0.243781497199121 0.879803952121693
0.0189577030845828 0.0071240754319835 0.925673574827041
0.960482819762309 0.955959628376631 0.998664916129986
0.388463493557805 0.640822420315732 0.313518925054581
0.387145490208707 0.648466469710961 0.29227919837622
0.37018361726135 0.0782694730846008 0.130198954625529
0.322386993659303 0.10391905011998 0.317028732278355
0.213656151306323 0.957136787500172 0.00425028796392
0.000529360999547975 0.00191227845240846 0.0577804880367734
0.156282154997142 0.144540207084272 0.770947671964349
0.00561194490008239 0.0334286871469123 0.021533688986401
0.102353049517518 0.165861772007251 0.270198465591266
0.000720717489658604 0.00104021722232219 0.253706475851677
0.000359328912990001 0.00013974916420841 0.700772825107539
0.111427944554288 0.165997281098847 0.321635303112323
0.833860449208001 0.149762666189036 0.0216427165203076
0.00254266117046675 0.629853703489389 2.90617658056889e-18
1.22108927533452e-08 2.10510134247029e-11 0.751030179353179
1.46701007835277e-14 4.44806136174023e-13 0.00215611270478289
2.37713560348597e-28 7.27629906588017e-24 6.16430212187936e-08
3.87746092723839e-25 1.59060132548766e-31 0.708365924205058
1.32392192330426e-27 3.92013367870248e-24 6.06631245007543e-07
1.50898203249456e-30 9.99250114486893e-27 3.27724438551213e-07
0.722735577284793 0.446536283659464 0.488654599143477
0.710677217797461 0.86725686507759 0.609048398011233
0.982656211572216 0.59459986030713 0.291370453840699
0.837317995263673 0.8232481213339 0.347852024835735
0.484312663083725 0.925004360570267 0.072654316925644
0.0655274904314087 0.631774565650082 0.00135404217128137
0.0125519068467487 0.0320043519674168 0.185667324912932
0.153521417623161 0.180893595969272 0.60856002168237
0.675806875753648 0.663820161592085 0.942144262598936
0.790281353898963 0.74805689678439 0.962590086219311
0.0119177732853076 0.116397431478711 0.0112271093713006
0.183271577692887 0.489010981925755 0.114117086212425
0.0341190225085887 0.0520296629323335 0.383288519543396
0.679171502655776 0.627683853233576 0.965479465746865
0.00165556329036816 0.0401251844739042 0.00431675933169777
8.46447952961217e-08 1.00027481113907e-09 0.801984140991095
0.000798239520961495 0.00109867053353254 0.315043571705608
0.00034550130409861 0.00528350473365973 0.0134300364405564
0.444414967000857 0.764096366238427 0.0223190926740219
0.00779907398409872 0.69502569574753 7.49577910532552e-08
1.53192619899002e-07 0.837265181274772 1.48182835989266e-28
1.16591849199218e-15 5.78986893840714e-17 0.249897096149826
8.34477626210939e-23 2.38869295109576e-18 5.24158717590243e-06
1.51126904103943e-37 1.90782115155137e-23 2.17508709228822e-20
2.84512845280504e-41 1.59866159885899e-51 0.968251406632789
1.31113453583799e-57 4.72929598474981e-55 1.98988284087642e-06
2.01074315378622e-69 7.37720228693308e-59 5.01335160640895e-13
0.43631913583491 0.630092833244503 0.533176034105471
0.249234996748189 0.861541625290838 0.0869905491870404
0.99122480689021 0.996674705444137 0.985331431937042
0.583991757837181 0.777634137495794 0.624800249381409
0.355362086792 0.580204608714226 0.449722952283509
0.890335754728906 0.89712077217069 0.774472647350811
0.309829451944346 0.281814072577144 0.675841775642579
0.599562270059833 0.153094924530488 0.583594446995487
0.228179370101836 0.778915168354287 0.0608458966553721
0.770871438960818 0.963961429211983 0.672787067318108
0.00294253375818359 0.337902424111169 0.00194175466107892
2.191446525949e-05 0.0298935550022608 0.000182253326361097
0.231820596816791 0.00933973453056886 0.510382054577358
0.000715203428901875 0.00926178630377793 0.0213794060909811
1.37026249925588e-06 0.0571088254566129 8.99316409491391e-07
0.0964175208226418 0.0127673639298792 0.920488775812145
0.00137229113058927 0.00230015250812893 0.095707316574723
1.13161648592575e-10 0.00040899228058312 3.00618578393934e-08
0.355519621532715 0.240093546544798 0.812889356171822
8.14474470681231e-20 0.8543642835102 1.60968502102995e-34
1.50249819130571e-52 0.0644900880441281 6.17345032430509e-78
1.06086896071903e-06 5.13703841453492e-13 0.799646893558587
5.59007579947141e-38 7.82659237162663e-15 1.11207204085187e-25
1.0904775863951e-58 3.04387219082374e-12 1.3972001730403e-54
1.05672360864095e-16 3.4772887341716e-50 0.206196752351297
3.78037041588298e-49 1.6775238046356e-49 5.06564740560432e-13
5.19813133921219e-103 1.74787063085544e-44 7.73843160619683e-64
0.331646065906447 0.512732780787888 0.0567339703378804
0.271386280941604 0.248404804252275 0.901675733304284
0.718123003694407 0.643075254669396 0.657925887056254
0.0306387214496113 0.0438935742674834 0.359243526670094
0.732288252138253 0.939207211096696 0.0414865931301838
0.344748831076774 0.490796663899293 0.168542765766011
0.0188700334942795 0.0178917632451818 0.840647458933811
0.00016773652504242 0.000309006068605047 0.187182884971802
0.217447603913947 0.178896494175641 0.618998795356521
0.538709226549319 0.652022389139595 0.355736850668171
0.909481275948643 0.951086268374109 0.775099095285959
0.475452718115178 0.769089443914152 0.0312748040875366
8.59174220118614e-08 8.58577049242629e-08 0.460658399567317
5.81759362235123e-06 7.93617489079814e-06 0.397298468596305
4.79358142875467e-05 0.000146074183420142 0.0438371193528596
7.90185132750607e-18 2.74478074270221e-18 0.641470034955262
4.15312349737578e-18 3.37307592848241e-18 0.305738772766949
2.73265175137837e-18 1.69262740445909e-17 0.0484170553668143
0.412991974847027 0.396458880760228 0.971216959763753
0.00605111390969943 0.0528924582317083 7.68439949753019e-05
0.386111912511054 0.210765681970726 1.98361457018259e-22
1.0428218383173e-52 1.29797532066138e-57 0.0901749742110854
2.33040454494067e-68 2.57440486695262e-65 1.08277216339696e-05
3.46631204594889e-69 2.03016067444988e-60 8.16532263443927e-21
5.47616585328696e-119 5.98659966714782e-126 0.745019063741734
2.41285037168269e-142 6.42579708917291e-144 0.00869934188890142
1.55025197869574e-142 3.1743362137239e-140 6.0985269960302e-05
0.487699382842263 0.252726321149062 0.462637473202303
0.840427240542273 0.650927492741391 0.642558156259728
0.660794759171889 0.918915077017073 0.200105136837871
0.545867116131102 0.660221386392011 0.611929873079812
0.468586432957078 0.909499057103703 0.138116827022192
0.947669595877368 0.977620411242586 0.827857817581118
0.00106160820594979 2.99035486746616e-05 0.314326667514364
6.60726806272659e-07 1.14150284636514e-06 0.120986913438818
0.284034391062009 0.695039914039673 0.0820358889051703
0.381317643143765 0.772865472438723 0.15098284832441
0.442015175211155 0.743619512456661 0.0159679000737009
0.378640237166057 0.113581396190445 5.63023592948371e-08
8.04522128112346e-05 2.33195051297108e-05 0.612904818804973
3.99869666718942e-07 1.60904970710843e-05 0.00245875298573933
9.74109985041946e-09 7.1751040219824e-07 0.00216814400588771
1.06513828826587e-12 3.23154200322038e-15 0.661257294067493
1.85379444046511e-18 9.82429874311612e-18 0.00346671693823691
1.52507986133512e-21 9.62687403782464e-18 5.00676578561419e-06
0.956867312474584 0.897683378083154 0.887539991479924
0.000539897046336602 0.301687494270375 7.86736632063881e-25
1.63124866016555e-17 0.462831947288039 2.98082488052199e-78
2.95168957935495e-42 1.40774830159691e-52 0.701301688284349
4.49300281102622e-61 2.03694431423734e-50 5.34901982216397e-17
1.67173021777353e-84 2.92642213839294e-50 6.65880642927992e-57
1.31472653976786e-99 9.72761107646394e-133 0.440792119767875
4.4885168160531e-133 1.70213262445351e-139 2.68432274854304e-09
2.38076917401426e-138 1.20081068842076e-122 2.77545791510642e-25
0.507318158297591 0.749740462490861 0.396604459140247
0.239372338505234 0.256800358084871 0.705672783305143
0.885036079674882 0.619129888461765 0.181932372557537
0.601500015106684 0.693188030565879 0.692366846614659
0.808695121456081 0.986857563461114 0.55345923631654
0.959358760509285 0.95397511202753 0.81734200039033
0.000842925596758571 0.00104540164373406 0.328755459321313
0.0694375145415605 0.04698501913161 0.921543148505528
0.359177361195355 0.704863415719615 0.188396335149302
0.280306882429948 0.184945798301679 0.824681438004856
0.487331055954197 0.71497311919928 0.411804816282885
0.131619561576528 0.713391450765093 0.00827389783679776
0.0511214400467695 0.00216444138215986 0.0752041274288494
0.00141098388447232 0.00111681242965531 0.520963937717778
2.05831054138462e-06 0.000674270395560709 0.000101253881583582
2.83170474781006e-12 9.89906389084163e-13 0.162797713733378
3.3311349771458e-12 2.02774661274529e-12 0.12381727655161
1.19603845020103e-08 2.87607505891899e-07 0.0112606425790194
0.151074945691225 0.622310397397767 0.0243943883084446
0.00370942366027369 0.856919759314033 8.82855300918907e-12
6.99853549968031e-09 0.669028267364431 5.08245459725933e-34
1.38435591794598e-29 1.14168668898162e-38 0.50167499049099
4.49813646906309e-39 3.51983680002188e-28 1.22270280634192e-13
2.33120233845129e-72 9.63298055207162e-45 5.60699508107917e-35
1.34392945356271e-78 1.09572204311378e-106 0.0529312811009153
4.11197934392065e-105 6.19297771088286e-110 1.19202880872347e-05
1.43775542643395e-134 3.65090331289765e-115 2.58319035438267e-24
0.973681575927666 0.390116823587477 0.434469982303434
0.283250475617836 0.752473332935541 0.243624013729309
0.0453679943743295 0.266433488627927 0.0844632388416761
0.24252619659534 0.909328527602879 0.0972451534074256
0.137785352253703 0.238362111814499 0.321669025819287
0.0263902393335647 0.78567539477701 0.00641217429388196
0.785109823044654 0.963625788148026 0.745228551133245
0.662364456798463 0.288014232021862 0.738548837339941
0.202501740548938 0.681726084450244 0.175505092548227
0.404684392839836 0.619093915174433 0.498948270680623
0.483077576322934 0.0491488814876793 0.00814550186419747
1.05606983268377e-08 0.0677074473346545 1.28700253562143e-09
0.921284727225415 0.146833922084534 0.264395280915437
0.000519686807193806 0.0925354017646447 0.00143391067985891
1.12412759164339e-16 0.000599087148127351 4.55535534153659e-16
0.00204476419663879 1.88549549310678e-07 0.757933008816988
2.82034083246094e-18 2.72295940510749e-14 2.34711949458873e-07
2.40010760767417e-20 4.37810558797616e-08 2.52948239734927e-14
0.241438027775684 0.455331960658555 0.357778867753306
9.39978443755519e-20 0.138101693619419 7.51122661481728e-41
6.28729240313625e-80 0.723556543226467 1.1860230250723e-138
1.23816144415766e-13 6.59564929107123e-32 0.853905872512108
8.59892017183723e-61 3.11101807630876e-32 8.94291271244507e-33
7.30284446380341e-127 9.56476628831869e-27 1.2886640603892e-116
4.45016624692607e-46 2.8019367411931e-110 0.783239922035774
3.59575351422815e-104 2.23502886804342e-107 1.12375988506397e-25
3.96334491478361e-200 4.7124732990931e-90 7.05445259301527e-120
0.697015654891926 0.61023858123397 0.617519469286756
0.810010425806901 0.619336830021471 0.222289804120577
0.0727465874333714 0.107669778408506 0.241481380338013
0.633049923538238 0.673206382404628 0.766189501913228
0.955628064982729 0.802979063833523 0.327540273637491
0.186216442675206 0.182112431962326 0.910181379102089
5.05255998722093e-05 4.26047189221164e-05 0.776000157211528
0.0241555392465124 0.0313730114456224 0.432200730946213
0.050468595428439 0.0235153932651696 0.209337790905139
0.372521537590993 0.347651366655652 0.895402704066037
0.51144978663217 0.281881489029919 0.0462576334386891
0.599455149237373 0.752068801906479 3.25696871844855e-05
2.77252257029123e-11 1.09522165980224e-11 0.859487438556155
3.73004528361188e-10 3.7224532325229e-09 0.0101465834620381
2.37118264236054e-08 2.29994346728715e-07 0.00700607684951
1.52565338574334e-33 2.27788674298483e-35 0.882097136099966
9.4390488231427e-48 2.01136948470723e-46 0.00488065909623406
7.84348638889037e-34 2.61422170431572e-31 0.000325586797049607
0.421407557820287 0.5426958410376 0.30383826308187
0.499733756752145 0.627856924684355 1.76727032799324e-08
0.00168991752909095 0.723618381603659 2.15866074465611e-41
8.64767658733829e-123 4.85440279126917e-129 0.927266443851922
1.87919539353604e-118 6.45658808167718e-114 3.74054702032403e-08
2.89721135977298e-139 1.12429925404617e-120 2.8175862671985e-35
3.79166940437994e-262 2.50605532678925e-279 0.381825115310198
4.98870249238275e-285 1.56121020472225e-286 3.22198810060039e-06
4.93039098480969e-309 9.42315840352224e-303 7.75391836329732e-13
0.595218790163917 0.838479800729183 0.410820509318464
0.349651697707871 0.0814157417242441 0.151528558250139
0.178109336112308 0.232418270244286 0.480437547142973
0.401013836762268 0.178319087651727 0.420295114949482
0.559887737495465 0.561468240594752 0.872049649832611
0.613206361204446 0.963980734337309 0.279022131357506
0.0630624949589984 0.0430153262687178 0.866041760590076
1.04461048885058e-07 1.82385334142512e-09 0.999473798726365
0.00272695255032275 0.0180878821465741 0.0305930738259022
0.60189660123702 0.502466104914532 0.87460698670214
0.00318754313116729 0.433695718679032 7.69126939067336e-08
0.0119816995317066 0.993709973501963 1.55292544395348e-09
1.51041406535602e-13 8.28482616743699e-15 0.20232373000386
2.51346892247096e-10 4.89426413639807e-10 0.0463402673713317
1.43591585685074e-11 3.93019533105029e-06 1.07951392099479e-10
1.69965076696451e-17 1.95262258968166e-25 0.105628965586594
8.37986416190703e-34 2.18450140061503e-30 8.39629764401669e-07
4.80517559110552e-35 1.11854643000333e-28 1.88385114040705e-09
0.663127315462137 0.895629510678605 0.462047859535247
3.791353767028e-07 0.40411460301732 8.43381064769256e-42
3.70886795847856e-26 0.612302364318347 1.89845711222227e-149
5.88129474982319e-95 3.06892477671123e-122 0.96192928951522
3.66711590006984e-170 4.55710214425728e-142 3.80229578441362e-40
1.07884180503435e-166 3.61923373856538e-96 5.05525588286628e-119
4.36502846557694e-212 5.4417865713397e-279 0.863170616763345
1.20924405261436e-272 8.26894279576466e-280 6.4924657778809e-21
2.53194751651663e-308 1.06502684440731e-267 8.25107629814723e-64
