TOT AFR EUR
0.212846971508223 0.294960538928363 0.470655420774101
0.468099107906839 0.930187345867306 0.149443408833255
0.742426404943208 0.921706873483405 0.288318474191808
0.733670005116757 0.374156082552338 0.255449284666823
0.12738726897555 0.184247292012476 0.434990036296626
0.0378250832965787 0.00700801633446874 0.459044771693502
0.780485713602091 0.64386549766363 0.754379070344086
0.0468807975095482 0.016786582103964 0.801817256083583
0.634993939170374 0.374366862324529 0.481285324813227
0.537395254924758 0.879550010627952 0.300128674905525
0.411860685398199 0.269913816699763 0.674468525446372
0.181370509412125 0.736831341024613 0.0114913875203301
0.596113906656363 0.541817306191791 0.971197063885989
0.0199056068632642 0.026091194047317 0.40388736348321
0.441111309503735 0.544465640592156 0.579433852108618
0.991820520524778 0.556406271347127 0.232849796934262
0.0394574575786871 0.0736843854633841 0.304613024279797
0.00783196443313903 0.0147185953202002 0.292867385908247
0.13160838815399 0.0835254898378446 0.913030565191572
0.398982406506989 0.588522740652607 0.416485799670185
0.237443952041519 0.275907534960568 4.04479990621562e-06
0.797072440821958 0.242444085111128 0.0736190776762247
0.00190503938850088 0.00085506973265213 0.773176413233706
5.90236668957169e-10 1.68353006911871e-06 1.66901613446137e-05
8.54119823421942e-11 6.84858988493044e-13 0.759305730689436
1.0223959991718e-09 4.75348388701623e-09 0.0442980323140505
7.06182578385706e-19 1.27984742814978e-17 0.00358357222971878
0.296388701498951 0.391076683723009 0.50656027799318
0.851265340650288 0.811380107755523 0.963195546250583
0.491538871794672 0.712736695662796 0.227295500988426
0.140087531526465 0.431189931899951 0.19891479404841
0.194851582054724 0.476712285840713 0.263437823096394
0.816464120224186 0.0694255245819943 0.199243706641978
0.115341680845125 0.249478532869289 0.262820524679936
0.394583671767306 0.482244698995475 0.56460184648125
0.969773922117717 0.81052254773441 0.882087212715307
0.726486614836917 0.707144064871572 0.878544886915704
0.432741028891851 0.57493418661874 0.580810324245689
0.24705936812759 0.740722819625851 0.0665710877605366
0.00771152825653407 0.385355712915737 0.00344417520476659
0.00925056069754382 0.0355481796443381 0.105070287012596
0.00132488701544656 0.0922009446872303 0.00527046038015492
0.0432656666037749 0.0511974956930106 0.308110051868949
0.000154349026067965 0.00165368515706281 0.0158427390059534
6.46529169489765e-05 0.0347339187216137 0.00051620118614335
0.346325804773659 0.764581444140736 0.142740014392492
0.000173022562563334 0.0724482228490262 0.000540109276889337
1.4331237878033e-06 0.671853502121405 1.51537942093046e-10
0.00166237481429696 0.00016032677324453 0.317093268987259
1.40697449875922e-07 6.77061277666423e-06 0.000690503402769306
6.75843148215887e-11 0.000453735981084777 5.84506474482343e-09
2.23395400864826e-06 2.93680351710792e-13 0.920578642918156
4.2566039493771e-17 9.92654736480187e-18 9.49537212674246e-05
2.0902486376449e-17 1.32565275414134e-09 5.5855676248676e-10
0.943323769135934 0.85142053115728 0.576650728977775
0.649571151005774 0.713872653849672 0.666831477688913
0.641695692706563 0.501951950561415 0.37220199589236
0.234166765181254 0.247247687612399 0.777818967698086
0.153509852712635 0.120507794064109 0.699257293589934
0.230243191743148 0.384440565379105 0.0217117602318233
0.938441476064232 0.830580823225251 0.468194663808894
0.214383429508467 0.187246061712926 0.810206991188984
0.518004774520496 0.581381823050382 0.635886778157377
0.747420272877411 0.801953646729121 0.677005265516915
0.597435444165923 0.612424687659856 0.821787910736964
0.542424953535737 0.434664225061288 0.432424871316375
0.833857325529744 0.924505795149004 0.504759378644894
0.0640155973105605 0.0545093047922772 0.884048375764994
2.44683922519071e-08 1.63814678592145e-07 0.0167594377781622
0.00331895639720477 0.00137833220185707 0.482836468766758
0.000574778397418274 0.000578442846481057 0.674882455180934
1.43231941227168e-09 9.71153169813349e-10 0.653600173516523
0.944539257339904 0.887977914640757 0.321096920921192
0.454807859510982 0.274989824514894 0.052136145532383
0.546557980659662 0.980038544782309 6.90353640531518e-05
1.92534371709347e-11 1.15324240455561e-11 0.744776656086912
7.89964859800501e-16 1.33913404488648e-14 0.020934651577708
1.49588238998616e-18 1.00638378105811e-16 3.50514504611497e-05
1.03613652325335e-39 2.79146957608086e-40 0.236264051418429
3.82712120693776e-26 6.31292722927936e-27 0.534561755663226
8.24195610476245e-29 1.39330128305181e-27 0.00515895816323302
0.497907059285691 0.379971410994184 0.788245690779817
0.962830928361717 0.638646239242691 0.338349074184037
0.561444471788442 0.152195414357993 0.11625261685771
0.51579186521216 0.67151204211106 0.531016947804486
0.918974962089911 0.945785726888804 0.929067995405735
0.755481667380834 0.436899745248448 0.348625390550495
0.313174878936045 0.138599418519094 0.460312564349518
0.0413955130195208 0.0222268034421703 0.992165036818969
0.0184318114552645 0.0175863755922793 0.540790931619011
0.195816267474291 0.529703434697421 0.0707651293758302
0.229084035103586 0.86571300025647 0.0124308669215434
0.505188710720005 0.594478553507896 0.00683130936480436
0.0158920080911716 0.00220002592912747 0.496977637379003
0.0597933205052855 0.0781381591750344 0.409476595597634
0.0027578246368983 0.01453840223658 0.037443691752417
0.000210439384589165 5.18161370909093e-05 0.783528383265488
0.000314127058573712 5.67020734025589e-05 0.892929795968254
1.79560057810888e-06 0.000183217222267723 0.000388688684872229
0.724680294760172 0.973172810020479 0.397691213040133
0.426403933991241 0.218274915864536 3.92516999962697e-06
0.00107674367763409 0.73925665810227 1.48845287146901e-18
2.03579243357252e-13 1.8960695221073e-19 0.135605640464663
1.82944727991747e-18 1.44987572006349e-15 6.73914252551995e-06
1.43586331275985e-25 3.00517208519305e-16 6.17367755397881e-15
3.13005539356159e-27 7.563376957909e-35 0.874259701016682
4.04218565284647e-27 3.08761488351586e-33 0.605349460156175
8.44673182921428e-29 4.76799311395776e-27 7.62885342445084e-06
0.0950581849494837 0.0318081160502894 0.570677181647146
0.262347235687483 0.300113007937532 0.648363751078115
0.980502860731352 0.976054836531117 0.900495071768434
0.20222712128957 0.531205030318002 0.119264545945599
0.731500994387925 0.465710213896052 0.489608082747298
0.193210184076651 0.344428433510354 0.3161581603723
0.0170916559601584 0.0258686847449775 0.371024963633934
0.495831041395093 0.198109602552262 0.288898098532043
0.0767239847920344 0.0363577290611655 0.812070049561898
0.74100277772686 0.942253606312835 0.557591378313691
0.177925862830079 0.536855670484512 0.0660841040961474
0.246639236966479 0.945767897786535 0.0053866113201001
0.011006233915022 0.0140778561797859 0.447126473100856
0.0099904684414081 0.0499539769009627 0.0648113163433103
0.0143217547761992 0.252839057612527 0.00114593309901706
3.99275262334447e-07 1.87275776890314e-08 0.856899962598763
3.32449699694806e-05 0.000261993324879326 0.0457216705237487
1.52777303794784e-08 3.46609739138612e-08 0.0959312854287902
0.609741349816672 0.403375388988148 0.582090663909817
0.000441598969101098 0.562447325854736 4.63429626067932e-11
2.08571973522003e-12 0.000826630629793569 3.30560470905651e-20
2.23600431499791e-16 1.81463990934019e-25 0.0133601703265995
3.12360512205969e-18 3.2858102999958e-16 0.00109311150288529
4.99801033636301e-33 2.28477792026577e-18 8.27470826041071e-22
1.17611582187276e-35 1.08553541266589e-43 0.599564528384015
8.19836136012002e-63 1.1756957966549e-60 3.88361946219928e-07
4.37696276430038e-62 4.59535018691482e-45 2.66568854400324e-20
0.144400064397048 0.657624989094761 0.0187093691130033
0.691250493333866 0.726010544021003 0.413557669594644
0.64725104136394 0.0767965390720396 0.380562480440942
0.229940896910319 0.338820474873834 0.439075736390433
0.482304796009047 0.815185298617821 0.462256842506463
0.107962671565988 0.06922452920248 0.55489960623769
0.441560435853427 0.174660018878778 0.888364687400597
0.539723978087505 0.536974598515148 0.773755018750359
0.163918291677627 0.841667829095937 0.0918059296934908
0.497875964152889 0.0852741101495725 0.560019809654978
0.100397384395519 0.439526248580834 0.00408245559648007
0.00231693487581894 0.15769896287514 0.00404367827004511
0.019699012621328 0.000862438161282982 0.791625038454324
0.000216491141327401 0.0480417854292987 0.00103661840728178
3.33812857597354e-10 0.00155857601327064 2.38904191072832e-08
0.0077605116835253 5.68195908975006e-05 0.889051570925204
0.000994475498862746 3.67375095247506e-05 0.361012463374471
6.72060216483893e-09 0.000242959106479271 3.6173273015341e-06
0.863790910917442 0.374108364533916 0.341633160953156
1.21020135678893e-10 0.946470596964034 1.44841628595061e-17
2.58252493497199e-49 0.0799609061538562 1.18360194751658e-77
3.27685417699517e-10 1.32957524980864e-19 0.537924719451838
2.61505196406314e-38 9.24092706730033e-16 4.36639909667401e-25
5.33941705256415e-67 1.34384997694557e-12 1.47800966507695e-66
1.06243287186413e-22 1.32183991719328e-49 0.541126170591348
3.9412108913049e-55 6.64396421712104e-45 2.31294453886429e-19
1.12800572461475e-92 3.15738820728822e-43 1.67604569096838e-55
0.756473016443699 0.957519003775314 0.0701840181443494
0.21390422177837 0.255498469230073 0.505569784743143
0.0109564039228643 0.00555810340660656 0.383124975464269
0.226964196998817 0.168338602898337 0.50751957754433
0.0313493399231719 0.0339993696602745 0.627629410347012
0.247362310350783 0.358398899802487 0.178619492404498
0.1712582247627 0.264671732094554 0.148732308134759
0.099572768741197 0.0957666929109069 0.917874033674222
0.000177269534015493 0.000110303919532228 0.908338504101509
0.0272978962904745 0.0427113614734087 0.259900552095004
0.623048021274888 0.929514503723829 0.0585607882464761
0.729535439994231 0.288680647711763 0.000188402911212946
9.73957099078603e-07 1.25206365228415e-06 0.371179331395925
9.93009252593928e-06 2.13927550430218e-05 0.148551365373525
3.78715249632296e-09 5.30774772935059e-08 0.00182480213692829
5.80128430446784e-14 2.255860569352e-15 0.221506569323675
1.29200713249138e-14 1.75239753569122e-13 0.00269683016951122
5.71382627680283e-17 4.30066914097759e-16 0.0347144825924888
0.579475327138228 0.547042444615675 0.866781323406121
0.0328920564503274 0.131304599663123 0.00198362502540437
0.00970632751789363 0.594720626894727 2.41910692882926e-22
4.69784267801991e-69 6.70984738085947e-72 0.67190223960367
2.62421868890016e-52 9.41049144604668e-54 0.432246113891207
7.64996570018179e-71 1.6184887684444e-63 5.17101144197004e-12
2.44668885906229e-147 4.17244904917492e-154 0.720128243687664
9.29775739072568e-150 7.54687924763592e-154 0.0571480574296998
1.01880818722491e-155 4.37431052788765e-154 2.59077938712424e-07
0.24155767748292 0.732377572329543 0.0408459808993969
0.205024708756196 0.437933066701668 0.142988029481331
0.678704746811848 0.548967436426529 0.0259875443949966
0.000323459448090797 7.90468985168492e-05 0.802494583653458
0.038216959316095 0.0138606862372556 0.831692317489143
0.184173537535695 0.254408350607975 0.429023491961937
0.000648985119863197 0.000292317988707238 0.623601042178977
0.00460534119663783 0.00111908256552715 0.920682785059102
0.00417997970088467 0.00442618935591416 0.410254346284833
0.020040913619951 0.0194288773287822 0.524097823992433
0.240735932398972 0.670510727173395 0.0679189139910149
0.0811746538806129 0.763393173607597 4.42596644805134e-06
1.01335053264043e-07 3.51643636244703e-08 0.245589774111077
2.26346396576455e-08 6.40777260342746e-08 0.055293071763054
1.64734766718762e-10 5.28241404976896e-06 7.5454732143298e-09
5.03037990306125e-10 4.26018000834539e-12 0.829356687496179
4.18723945751503e-11 1.35755287964109e-14 0.72742752866163
2.05316259459459e-16 3.88843916103085e-12 3.41845357806128e-07
0.41824308789627 0.478746618211524 0.666497593470605
0.00169596715448256 0.148553102538325 1.04218299198104e-24
8.18866480133086e-19 0.323495413130301 5.51888250423309e-86
2.79551248363612e-61 7.51910322646381e-69 0.0252577211065462
1.98536913042284e-63 2.44368360384486e-53 1.5334068906647e-15
2.83815161720183e-82 4.91485623070514e-52 2.76726841064546e-50
7.95243797060922e-122 1.48735758665307e-157 0.884820404274929
1.93314115047243e-141 6.19341710010157e-139 9.15347788781689e-16
8.96168555933561e-150 2.80059650992236e-122 3.50549337308139e-40
0.159512693242059 0.198880844914832 0.559869015480398
0.757789344476448 0.663899832475089 0.107669789214704
0.294325689784136 0.109345471642582 0.382161798481962
0.40815351915798 0.438009035385188 0.761232197766666
0.220641725608664 0.110714283528215 0.65294036979925
0.154649379155815 0.385119401620957 0.141521796693919
0.771251749452041 0.443064597929887 0.387096289428756
0.467474984440833 0.53950891121753 0.680731572747363
0.528232736381203 0.434107325531237 0.880832499459388
0.09105796491433 0.131850078820885 0.422028436594998
0.560541747643129 0.769297844914728 0.456267592456907
0.0486807594866243 0.88560735033168 1.50057181626252e-06
0.00551450641373555 0.00466767554333119 0.566518071032908
0.0201233009751542 0.0507053665198 0.170147044750995
4.93657816462427e-06 0.0568133482517418 7.09898074357601e-11
3.46632468500037e-11 3.69698392299191e-11 0.100606719829771
2.41981952395417e-06 1.47182866108277e-05 0.0585592431133474
4.34041379221056e-14 2.62882359613379e-13 0.0153273358243949
0.908692649857741 0.379062173777179 0.0362352429099042
0.0117933209684423 0.821466209944183 1.53803151016036e-09
1.24675512684009e-07 0.957421273575035 8.92395621769909e-34
6.00707877192661e-27 6.39560317136278e-37 0.186931584238404
1.08746146817014e-28 6.23694543963648e-28 0.00238413856369399
4.28913272214567e-52 2.06208664967058e-30 1.22019874940062e-30
3.12108732204707e-88 8.34373076069085e-110 0.93261115462834
7.41668462537421e-119 1.97045944374979e-117 4.91590285816982e-10
1.38336740813444e-129 2.77218834178137e-109 1.51578284547363e-24
0.0936441437511649 0.291928804211643 0.180676171109075
0.39552045762808 0.481553229710308 0.591058981262101
0.000742427781524736 0.021140830549888 0.0116439213548399
0.199633907570333 0.188325627355067 0.567565398933513
0.0115675924104499 0.0639804285967839 0.0790533363949696
0.153395490837306 0.435249629110483 0.215878753226929
0.225267910632529 0.24890119106005 0.525757051676443
0.588913660194822 0.532929010315953 0.856029018735592
0.19270004249569 0.323675386789719 0.367341805789631
0.846264944687737 0.908484070902657 0.724292710744388
0.0691073600694158 0.734661657056589 0.00695528192702712
9.59836734855552e-10 0.912671659095322 1.65683329845517e-16
0.366475789927003 0.043133471890833 0.634501899772767
0.00515358806373184 0.18235805172405 0.00977158795816618
7.24883430134575e-22 3.00549446785818e-07 1.77810573496705e-17
1.56297358607974e-05 1.8016436776341e-13 0.579441169797893
7.09476129961732e-11 2.43215620020523e-12 0.00623532667402025
2.26871243189534e-15 3.69435820465002e-09 3.06847175396899e-08
0.711357629701369 0.664296495106228 0.904320006842425
1.42829118089381e-24 0.561725778192609 1.25178500607342e-39
1.08243947665679e-67 0.981410683066714 3.24052289623409e-118
7.51913429103163e-15 6.00848121700876e-31 0.625703788499445
4.74277049688034e-66 9.17732486435455e-35 2.32142086616737e-35
1.58744772613755e-150 5.30673652027276e-29 1.07863940733043e-142
3.55852947311656e-41 1.89524505544302e-117 0.100416387827146
1.89821673435397e-118 1.93571169703709e-93 9.70688895386683e-43
6.17936310639778e-198 3.47644114755283e-85 1.51215469990118e-120
0.203427483347345 0.252677987538744 0.429551174313587
0.80635940677843 0.97462690247773 0.274018910278468
0.836933908908685 0.857162658515356 0.882419490793147
0.374761977107035 0.366641530501932 0.969524434865285
0.0814994406541105 0.0737186685642084 0.984832156789427
0.0368011115032129 0.028204070481266 0.809623550756428
0.0510918313578436 0.0455612660963912 0.995023105690702
4.32450485263647e-06 3.87323870280137e-06 0.649105777458141
0.0332174804424398 0.0886992019020868 0.0242087821964701
0.470270036453751 0.440207284033276 0.884455532450934
0.468855794007667 0.382725676635459 0.519130260634908
0.541949158496509 0.824546733453883 0.0486227137017575
1.60118870062813e-11 3.20143613331714e-12 0.79872217250486
5.37840222921154e-13 1.9720808184433e-12 0.0762457114142322
7.73749626352206e-16 1.25145888038402e-14 0.00556274434446017
6.41554069511642e-30 8.24970858733633e-31 0.588585744777253
3.63093608193751e-30 2.1368322315191e-30 0.230836341917201
4.6234425986999e-37 4.82832343444431e-35 0.000690207029881939
0.582957519726635 0.628568021309001 0.687247761202734
0.0159799133947294 0.293526469177816 3.07810104134019e-12
0.000808288205970281 0.265680698025645 3.012144460232e-31
7.57466290183852e-124 4.13475394785532e-129 0.463441013944434
1.12934689078213e-144 6.46912818768237e-143 4.82788523002402e-05
2.67610057651706e-125 6.47145150242136e-111 8.6197505435084e-25
2.76200847534949e-288 5.62300315954905e-306 0.466835994733801
6.40806583950828e-281 9.10256814897796e-287 0.00542209719398263
2.35161542939788e-298 1.42646213541239e-287 1.66433694234696e-17
0.42016024332982 0.458661437529735 0.718782685007643
0.661087824381593 0.795410091177702 0.624923512979945
0.929154656816323 0.339236328174932 0.0803161806790585
0.629073942175814 0.665241411340313 0.80270812485074
0.127650286133974 0.114250015538765 0.754965498503368
0.0139942315905192 0.0115985564187621 0.596188874415437
0.0340586813477698 0.00664446438867395 0.504026717206568
0.005637675303818 0.00403092829145334 0.577021075034701
0.0266198014956922 0.0755502106957794 0.140738507147905
0.0318197760123354 0.0518701461344235 0.30559393148451
0.702118276107724 0.179088129592411 0.000257595616513629
0.000733534036090228 0.909043752261929 2.04688132104047e-14
4.08646782959766e-07 2.95108015007274e-08 0.70509867917805
1.7312761807446e-12 2.93479860304446e-10 0.000308024561163041
6.30529725262542e-18 1.27956072862479e-10 3.66893217367466e-12
1.11842695155634e-22 5.70899200936184e-26 0.208867493151712
1.03184939368289e-26 3.93435849622882e-31 0.213967891164852
5.44805453815114e-34 4.23782271593847e-30 3.12135999050022e-07
0.547282643056831 0.618704354227304 0.707809514763614
2.44916203333551e-11 0.587805883834644 2.95076473975337e-50
4.33532930527845e-28 0.286655046973055 2.79029805692256e-124
6.257808987649e-122 1.58843369614842e-152 0.606562856970057
2.59229746241131e-129 1.55670746595898e-103 4.66966531123509e-36
7.36595551151075e-204 1.71516048746564e-125 2.3640762760663e-118
2.5583865182751e-233 2.35829802422229e-294 0.286783005379481
6.98893483646175e-275 5.19966374695276e-283 4.28236500238706e-22
1.44678829265228e-299 1.53912930875592e-244 1.55751420933677e-79
