TOT AFR EUR
0.539870832901128 0.468974319795454 0.946345851186691
0.319754404412206 0.273023586180921 0.989874269426178
0.1384105423309 0.689679835353546 0.00635310230786796
0.669770995762201 0.394229165139002 0.385561391688913
0.842517678667531 0.581363675111447 0.134682377354256
0.998297874709393 0.950097746011312 0.902332019989333
0.871545174678772 0.651896459544384 0.588164183727757
0.0446328976004109 0.0246308472726755 0.964022198962356
0.404569812296773 0.522098629344627 0.569363364417983
0.666988678363307 0.934723575531101 0.201046275964851
0.984772635285894 0.630826873834678 0.337766798632642
0.117712051875993 0.0880283463789726 0.885262247536519
0.0606350701056398 0.022352733334132 0.721827014884652
0.303147518603996 0.146118508305925 0.583924630838529
0.116969660614768 0.532809350074087 0.024405443768953
0.000282388643726443 0.000379924351154744 0.278332102875677
0.0173144318767577 0.0064126419651022 0.924077394201536
0.018152635235646 0.315243257975449 0.00204155616848525
0.335145411404768 0.345233093447478 0.788597562806856
0.131379471667915 0.306825974901427 0.14335891132981
0.0499263998053366 0.637018744222826 0.000256910534656611
0.43246115918484 0.0738316896132089 0.0917949869342943
0.000331326307691321 6.45484227528213e-07 0.0461604297159617
1.50457613369256e-06 0.000161379009588801 0.000878380564096757
3.94887439812191e-10 2.19289947768450e-12 0.741648620210905
2.76711360945668e-11 1.05036593741356e-11 0.173912901481069
1.16067681220482e-15 2.11662198146223e-12 5.65456131495585e-05
0.928166802476871 0.61773110652419 0.760319972113961
0.10177073408769 0.151914775652482 0.353044427746092
0.212721485739134 0.228611385589968 0.499833627241571
0.875077331608554 0.514590416155703 0.461773949947981
0.166807602887801 0.292046650440714 0.367454922859263
0.411739402441671 0.642157794233106 0.488058844233251
0.79127268419521 0.928276537375831 0.676052664448345
0.030350894399946 0.0691534413314975 0.1693489903097
0.431368451471569 0.778260121052018 0.4085499269392
0.0768254097526352 0.029640023937981 0.617548315596918
0.628880647404737 0.832473136391441 0.425339765217091
0.107021171709897 0.254160774366024 0.00164758841459251
0.748332618493133 0.792183465825675 0.519881263136193
0.917653769508283 0.723631870421479 0.672312517933288
0.00475417535315272 0.171722939563182 0.012486792004369
0.0386735691995504 0.0198015754508945 0.427522408244663
2.69906956778599e-05 1.83751130156606e-05 0.0607259817726194
0.0435527506512917 0.592581924833419 0.0227398844359087
0.940291997284063 0.788335037211629 0.91533468779533
0.00429456073799016 0.705471622215412 0.000374376098395598
3.62492520185858e-12 0.139434428854028 6.13730262602881e-16
0.0849225387754645 0.000262743280314093 0.412622492948435
0.000116934225054482 0.000817935243416628 0.033274107780642
5.22304170007162e-14 4.48096111672641e-05 2.19015725095146e-11
1.27944951651235e-06 1.74524680207822e-14 0.915697370816652
4.75316208858215e-19 1.39277336304276e-11 1.26026693257352e-09
9.77981147882689e-17 5.69302041879822e-09 3.53822063519783e-10
0.708254396393553 0.885656093240762 0.137937662646115
0.758685963470796 0.80409925655754 0.788675524436788
0.141193092799032 0.310155366528172 0.00792165893796709
0.0272960919105293 0.0104315485838952 0.194043810430976
0.454734023689734 0.492715352805573 0.700411812832161
0.885051461306242 0.943611353819708 0.703897571655602
0.0701128403916143 0.0559559505860205 0.764953515298759
0.0139797580789412 0.0137104136698937 0.795460060547892
0.756959931806344 0.724591940488235 0.868729386504081
0.961701735008331 0.928728521869162 0.512418410072431
0.776773863753521 0.844452370876578 0.66064624466504
0.217962289634519 0.396763728335715 0.0165704911888623
0.706321456700915 0.761673025705698 0.72772295078222
0.0224514640636989 0.0217729250374122 0.816895730147025
0.27058967097551 0.448782751717573 0.0977419374437278
0.0110068053275804 0.00770202427965763 0.800813655937377
6.40904743939135e-06 4.99793499411321e-06 0.754511558687095
2.95226349601647e-05 8.79213074198339e-06 0.305079078777648
0.992842895608897 0.958542577320186 0.783631412660409
0.975542320609188 0.858556399724669 0.303736894020122
0.209477873942905 0.977306958401266 7.03093260374943e-10
1.71203399598799e-09 1.06232662851916e-09 0.667421532116564
2.30275788366536e-11 1.50725859630548e-11 0.526580641281424
1.65666659867715e-10 2.04258921370588e-09 0.00103721360588673
4.60081885540446e-34 9.93870881243615e-35 0.435170637206195
1.20811330453613e-28 2.37642152238632e-29 0.4222950022016
1.37352525695126e-29 1.14010752161832e-28 0.0118856279720389
0.815454791396861 0.711820586054732 0.791188407022382
0.655623729800878 0.639659984957047 0.934912094552228
0.513278460870284 0.378621848927868 0.733643764848818
0.520067970910983 0.0821024439186499 0.0442074377429491
0.378390359857449 0.354557368306354 0.882301740879804
0.817437848293989 0.753884169902845 0.914822163290791
0.0372689470842788 0.0840888699238251 0.192771334009657
0.741165640155839 0.98465589929128 0.479632555559641
0.29410879425734 0.347876521498937 0.623006546135753
0.00394138618108496 0.00376786473291343 0.504232031383159
0.230009734397567 0.492696838209534 0.212822240905643
0.45971586163367 0.269348041817319 0.577731797112094
0.182881376194951 0.0496089583725053 0.329830642068611
0.15976062808913 0.204815818277731 0.48908173516159
0.109212201565201 0.8333658287145 0.000747620624878482
0.00103183835942556 0.000424582848344908 0.650815153603547
0.000325578360888984 0.001824825779068 0.0486972132334814
0.000618583488703547 0.000453270523813806 0.450263865178709
0.331431640034294 0.235358886491607 0.863460872858906
0.0156260296756967 0.571667240396743 3.93923033314121e-06
0.000166900271256016 0.936325680102253 3.89981566044909e-23
3.54944428570151e-12 5.48348750381656e-17 0.38131507512538
9.63111817909691e-15 1.04863709853217e-13 0.00636260589310981
1.07275463446121e-18 1.84598095236457e-11 5.38275439511464e-15
5.32728680962621e-22 6.94618601391529e-32 0.178857855741801
8.07231655224582e-26 1.62141351209654e-29 0.12441977380275
4.39685235123351e-28 2.24062031116929e-24 9.56515619863143e-08
0.248861737968841 0.510454043117378 0.190993704716601
0.631473150456988 0.924091279064303 0.372423255208538
0.0550984085259795 0.0138018797082953 0.504562209153153
0.758519860736334 0.906879468327881 0.354924631673374
0.455160880815768 0.722332459663602 0.329276511697832
0.0308891722674204 0.0530005429839762 0.332207637985172
0.00276117271280961 0.00156076355256284 0.674748891437396
0.0893102645608998 0.142908278263931 0.371360822181311
0.137400710353368 0.220132669121277 0.366337183176947
0.0668957341255233 0.0318376078312123 0.865901108244334
0.377053549155578 0.450142797022388 0.633063659726647
0.30793235035972 0.688931529981588 0.135488152495059
0.442537186836426 0.285866432381628 0.678931500376142
0.564923292419963 0.903399307061869 0.290214225235507
2.35549153793213e-05 0.000960789585095021 0.00311571820630791
0.000283701502184217 5.27424017686025e-06 0.353973797947719
4.53903878024579e-05 4.94736993857792e-05 0.310670974341402
2.21306075150872e-07 4.98277883348702e-06 0.0108617313702935
0.866680720885856 0.795851532661287 0.376624979304093
0.00189418470513815 0.0593545136229118 0.00103436418078678
1.92860398558446e-06 0.12608095002425 8.86060305138944e-15
2.46382787720405e-15 5.11593535086982e-19 0.927037011083214
5.11336957173808e-30 9.54218636907687e-22 1.64652598983666e-10
8.86190344076159e-20 2.06559825678317e-11 4.34904591733811e-13
3.29299451223611e-49 1.3697299854604e-59 0.484920397579273
1.17216012387772e-50 6.11300837080407e-49 1.59013342602421e-05
1.04401822403937e-57 4.40982458972787e-47 5.65493548899354e-14
0.652799301056039 0.48919360631663 0.22352170393517
0.439570948700927 0.57446576692608 0.122993007222195
0.935768213492893 0.842180838523463 0.948124367578707
0.0329997578420262 0.0029431693137152 0.783296317112819
0.197753537262641 0.492244752732621 0.255884348940539
0.278507529643325 0.168540576261315 0.783590449411854
0.50858659112156 0.179846119151946 0.0380761998715018
0.544691799104404 0.538147890630803 0.773949113165374
0.143393411051894 0.244118692833597 0.337125124321781
0.342325105571342 0.198200281593206 0.85977235804776
0.319534429073137 0.296457344675338 0.0236663940178415
0.0292708064629851 0.0116314359256623 2.82019313726686e-07
0.36080373597389 0.236258814575198 0.81223695061328
0.027749145502136 0.0470257786281242 0.215077963753252
1.15601613676377e-07 0.0672787157332002 5.57858134873408e-08
0.000670079951054679 1.48768225761515e-08 0.803306037091709
2.42254817031598e-07 3.84274767016327e-06 0.00464725736244283
2.17768230064645e-10 0.00114136219812639 1.6192508433068e-08
0.12719701378386 0.118897529888804 0.477705275153694
1.0089033080953e-15 0.536764511661034 1.48044011954312e-29
3.21939528877609e-34 0.274164573052004 9.0625954055671e-67
2.2275285556386e-08 1.6772578625286e-15 0.495245335625395
9.71607515099916e-45 1.84179366716143e-24 8.70262379329818e-24
9.08086357157961e-72 6.16094969341817e-16 9.27688775379369e-67
1.39648324491893e-19 1.01665986691736e-56 0.189407013503593
7.63089310497282e-60 4.19668874681626e-57 2.7172320685119e-16
1.85619961941092e-113 4.22007979447199e-58 5.60940217752916e-63
0.96530602135435 0.926956254757068 0.831657857430923
0.471550258847384 0.316128505082893 0.172403704713267
0.648272733547958 0.434017758479707 0.12598303397737
0.0326379411394901 0.0235507016393109 0.649341208903764
0.746020036030969 0.917177133839923 0.26735637186106
0.26583166568142 0.252060822922049 0.979417381033509
0.0670605488836401 0.0567823955469269 0.898455530728934
0.0203228399436194 0.0109953512793612 0.357802363278387
0.016996803558845 0.0093039406082929 0.432117248440524
0.649207579257711 0.647458291658927 0.964671756489944
0.176296374675227 0.457038269800932 0.00201650771129646
0.868803300560066 0.510586900171687 0.00461690251881815
6.78462243778066e-05 6.67255301610791e-05 0.659073902621017
9.92234117734972e-06 3.22568138013864e-05 0.0799276910254113
0.00037750338706462 0.000339312884718184 0.743978315285217
9.20032449545252e-17 1.90272007653649e-17 0.920656613829226
8.57421254682329e-21 1.45935730275396e-20 0.123977643552905
1.46170501416294e-23 6.32777882050998e-23 0.0590617273226354
0.4232926382639 0.418904670311833 0.950642209319187
0.947504584627103 0.304904625348136 2.04289298931425e-06
0.0991498275363384 0.947438702140866 2.24542054443798e-19
6.48509899777857e-52 9.06902809787988e-54 0.551374376169496
5.98154679916157e-89 1.47852379402534e-84 1.03498552412004e-07
3.05476497462954e-61 1.81189125306153e-51 2.37911859562314e-21
9.83088926397492e-137 3.13294108291476e-145 0.513485514046283
7.35303560356569e-180 2.7177012270441e-184 0.0439900878325759
1.11554175462939e-149 1.59596553887272e-142 7.74963344337463e-13
0.763528571464161 0.667524182204598 0.857294041245168
0.235423069149227 0.489805763558757 0.169261858402483
0.217103264864675 0.373564760062339 0.292292735042299
0.667135258512578 0.0909227147336555 0.0130156144782313
0.959411780294945 0.607368529759599 0.249811668769366
0.0370313080070015 0.116013521229702 0.110682922252278
0.205961584350707 0.225833764579099 0.631572408496243
0.147973567657768 0.23314684789014 0.353232222455095
0.285726939410386 0.453098628607617 0.360486190698854
0.362410054208141 0.495732357823204 0.470177604476194
0.648455367605209 0.298574702558909 0.000991110338938705
0.000996530916101713 0.212318378811384 6.77793387440296e-08
4.20888366283417e-07 2.94204019620207e-07 0.20378332433134
7.43669278801854e-10 9.10478782508584e-10 0.0658531437089528
0.000357183245311714 0.0312759703651305 5.68187705883387e-05
1.60379755810746e-16 2.97241959181517e-19 0.443478894953657
1.54066523446017e-15 1.02508452273424e-14 0.00509534497418896
1.67740165895593e-13 2.02241186022743e-13 0.0262485168125695
0.812251330493937 0.247917059381076 0.0565236436613233
4.34554561865174e-05 0.638564934269168 1.84004041512079e-17
1.60981818773872e-17 0.112156796462271 3.36801989715076e-68
3.95124153068742e-61 7.67565181776004e-75 0.37239774803795
1.23572635819709e-85 1.12305582431509e-72 8.07931580241687e-20
2.56406845034668e-91 1.43041913168979e-53 1.15203490166501e-63
1.1969204969935e-104 2.69265007701664e-135 0.750452780441466
4.01862221625182e-144 4.97051383790755e-147 4.9448182049102e-11
3.65019841823891e-190 2.8183052666572e-159 1.64913955294793e-46
0.71173187473227 0.634035548753647 0.070567046969397
0.615540563844245 0.785114648416137 0.552866781915821
0.509032732166266 0.549882858932813 0.772998405598488
0.654837894663517 0.484988184687459 0.68762071294669
0.0718552498670047 0.237435148420556 0.0912605786882761
0.981086337911849 0.850109501731322 0.747492708298587
0.980660580838045 0.692813831579282 0.456128647871151
0.0391081433862095 0.267037607965162 0.0132601711531367
0.707762106817206 0.368382547354083 0.345908508230257
0.076063024797213 0.143016632141084 0.284014493469038
0.0674515565274266 0.0533480977653473 0.822905027989841
0.0509760994031775 0.63099542978053 4.01825669053407e-08
2.89432130389284e-05 6.77926741451578e-06 0.734076922356431
5.99988628912681e-08 2.3175492668036e-08 0.325545819254858
0.0017124860786221 0.0110547784807197 0.0541837309215797
1.28144775047112e-06 4.58098986627544e-09 0.375028112610704
4.96071063821024e-12 1.89416835421956e-14 0.869460798151652
2.42313902735114e-14 1.86498525900408e-12 0.00232115033582273
0.722474282308016 0.779988248188591 0.801311776007511
0.000192935940724794 0.241719066567099 3.76106492649376e-09
0.000943521569418192 0.0700770937076889 2.61256936011924e-30
2.19159770797998e-24 8.55198980940324e-34 0.20019258657037
4.48655259150052e-40 1.06038948902669e-32 7.33192475046423e-10
7.82155396333359e-65 7.85144474563879e-38 5.54641982945383e-35
1.72462702440989e-88 1.09330523421574e-110 0.790624283738771
1.78584220806028e-97 7.32072096237368e-100 9.09320140482162e-06
4.885983947167e-150 1.86768583404347e-125 1.56500668791774e-29
0.638933155720755 0.391418802960873 0.912696662197114
0.0390869762794487 0.431859304289751 0.0399166104050518
0.627497163178425 0.128490530142013 0.531160347712835
0.580551157805643 0.537855349532623 0.211060333288377
0.794078859899089 0.693630424211118 0.992577409253593
0.773541355989329 0.139967250306122 0.0964605717845712
0.77855240812235 0.905560450881552 0.636004049020116
0.0252979522715834 0.0342537000213724 0.240502546817816
0.114085457290554 0.522672635304877 0.122640018693401
0.384229838820974 0.483510430707532 0.574515306225228
0.0225028670409216 0.500703042470181 0.00028687109752651
2.00688864071186e-14 0.120215489083245 1.82746996841259e-18
0.25558190584447 0.0337140326363878 0.748684310437602
1.28579639016644e-07 1.38710091884914e-05 0.00106228208268868
2.8350227626899e-07 0.344820739928167 1.53558203930235e-09
0.0160855308992287 8.16459378775629e-06 0.587234061975699
1.29626805909855e-14 7.80818234458432e-16 0.000461998927749716
1.0194481122042e-21 2.30913650955637e-10 2.55850584625299e-13
0.901813000038248 0.594966155878202 0.529844654891336
3.82144765637927e-26 0.875542891836796 1.10038136850946e-44
1.10404936798302e-88 0.459338585790003 1.42180103658209e-155
8.68622123572604e-11 1.85189952305478e-24 0.856172819950936
3.41281648551909e-69 5.89481299314744e-29 6.32991499778914e-46
4.87841795591516e-152 1.03781083850398e-22 4.19545680333268e-158
8.56098638897943e-33 1.66896663728892e-96 0.0316902792136919
2.25669520786315e-136 1.36433864223704e-112 2.88363854884859e-45
7.7126144326583e-187 1.20844365607119e-79 3.08137065158849e-116
0.596429771862683 0.664184666041289 0.596772348938114
0.385264245387766 0.325391741176673 0.658266177624945
0.540181809814427 0.602933299879277 0.563008207131061
0.238437354899953 0.324935509812201 0.269385341175627
0.561106314350672 0.529940023859823 0.856060949731539
0.627932116412448 0.503673852358112 0.408288271829658
0.00151466395792648 0.00138439029989333 0.803056471935047
0.000665177209617323 0.00166349356863617 0.0836528960058535
0.0234619773465002 0.0293760419924477 0.464274867341562
0.585578431876237 0.420441855014491 0.231366378151685
0.92535453938665 0.486923486326692 0.00330391906328946
0.143233643430378 0.333187384189663 0.00857698503295693
3.4523696222577e-11 1.9549416932679e-11 0.683367631986739
8.09930724224822e-14 1.03526415769322e-12 0.00675089950791565
6.41562304766966e-14 2.04085131734744e-11 4.89932571032959e-06
5.84136445735662e-33 1.18921995485395e-35 0.376207313877259
1.41836880693044e-32 1.53506666002333e-32 0.132566334186763
2.11351371603762e-28 5.88200408785701e-27 0.00748594734694538
0.472209882331708 0.44224513233495 0.875381537947257
0.0023238863627683 0.0711022770857448 1.9520279435419e-10
0.0007077846867022 0.445256718071606 3.56829252013217e-40
9.18982247893612e-134 2.02250026731999e-140 0.850999040905371
3.54900154502271e-131 2.45682148659146e-128 1.44562374481077e-05
8.38891613576666e-129 4.20686864488596e-117 2.64251084377267e-21
3.75769738023687e-280 1.16493391857204e-289 0.0675879083924027
4.8501449985062e-268 2.33096598142587e-266 3.85062563826904e-07
3.11712063421301e-306 2.80294986506438e-297 6.61781844883105e-17
0.862419882129763 0.793779354947516 0.889616764396778
0.0749453360740171 0.173906173471135 0.174352801644221
0.174260552895991 0.259760870779559 0.381745226349571
0.117307300733765 0.106208173695669 0.734829607587597
0.000430084443098039 0.0174929915120569 0.000724064823494735
0.166528201582907 0.376650054451926 0.168640559413262
0.506711571215858 0.358202380555752 0.73033052877207
0.018501727289825 0.0141558664184262 0.649630013572837
0.00152506549943366 0.000305810987466175 0.956707027314256
0.405577897569368 0.648005411938044 0.322643867024521
0.0287008713938623 0.482493051159066 0.000240226931036696
0.00834053445876058 0.98624616658653 7.6615947599254e-10
7.31720979050116e-08 4.48644501127428e-09 0.602375713196983
8.9927797328924e-16 4.00608069335406e-14 0.00135435563673112
3.97226766852292e-26 7.19799635823339e-19 5.39927987030313e-11
1.64347091361531e-22 6.1951616803448e-26 0.236451779006418
3.71263006497626e-32 6.6514963175783e-37 0.133684660184936
7.47302476202259e-41 8.82755616451961e-33 5.9419381588878e-11
0.716788229962216 0.661406444834411 0.0668701792937165
4.57370954887585e-07 0.569591164494381 5.24757673203565e-40
4.60705552336268e-25 0.819988072024505 5.97704208749208e-131
1.64952681114587e-117 1.68508827117674e-144 0.241305695400088
1.10250466326107e-132 5.74971905637934e-113 1.48880615953984e-27
5.18285882932e-170 3.39554657015258e-95 2.51969332495384e-130
4.73736897465685e-209 2.83787499314251e-270 0.641535135635154
4.19578243740855e-267 2.34003221306023e-263 1.99830668040553e-26
1.4488071669576e-314 1.92947921169167e-260 5.11041484667142e-85
