TOT AFR EUR
0.765122525942537 0.65644237108905 0.816924102407177
0.266503879289078 0.867377918769382 0.0432875403899487
0.987795600144796 0.663984272933302 0.375426202482682
0.011977256922773 0.0544991609167092 0.0601042983290351
0.091838497414443 0.0779410225312648 0.812862826916643
0.835182220110311 0.998864975536041 0.627930609443895
0.886628988415756 0.861681511933364 0.499293404756833
0.632741925874651 0.542032871748406 0.88940587530532
0.856973226889241 0.812554113803753 0.344122011592383
0.271495977004178 0.381569160871336 0.454099511136867
0.705253294544792 0.550999301629805 0.752534915731468
0.214042636865172 0.599793423728666 0.0526478494739673
0.439155336527502 0.69703731574509 0.316792472149071
0.0176793110328037 0.0163292429132404 0.560064514354877
0.3610814645618 0.266935695157734 0.868107640570388
0.0757173042115413 0.225044370056069 0.118639859020624
9.61995916941251e-05 0.000483022874119784 0.0796426102866861
0.25609923181146 0.552522093788363 0.191900568485195
0.866743765866621 0.685821003178909 0.675182629631519
0.940727645469756 0.225532141167114 0.0315516847734187
0.168944682420715 0.443100114771503 2.67148307294012e-06
0.000341859806292918 5.93248869701215e-05 0.920926976234315
1.95432128604584e-08 4.34453573803793e-06 0.000989037559092856
6.77180088619877e-09 1.84820558322529e-06 0.000520262612340402
5.04367137542374e-11 2.42163189623562e-13 0.948705515188816
6.02637626743736e-14 7.49155990645555e-13 0.00636656461122448
6.80130733175716e-21 4.61817883534595e-15 2.73035728156211e-08
0.899273728322036 0.907244163292543 0.949824321698033
0.579341275541221 0.484044615367839 0.911238329891904
0.744811759368095 0.0317796407011487 0.154624675994784
0.458089952176581 0.123973288919719 0.728904970226686
0.672091522777972 0.324994612570521 0.187394530746289
0.461282895216533 0.763331868049408 0.461845411767006
0.381584781914011 0.250281008650956 0.883590060944378
0.0970141599104173 0.0174805584923284 0.966302050586093
0.170372494946919 0.781814087858337 0.112347022157075
0.0476788468298771 0.952096003773659 0.00926520768413366
0.193666445553 0.661202387294199 0.0301013168033829
0.0307287499306127 0.764267982162618 0.00844787580291983
0.500182553244056 0.415522872400425 0.106323653657622
0.138736598866816 0.582482471747835 0.138164344364889
0.231831966999417 0.688314058904731 0.2138212359874
0.817349275216092 0.777203170509347 0.578187392748541
0.0420432979437323 0.0522856882039175 0.257997224961933
3.48347528427951e-08 0.000125671319469806 4.31635264442422e-05
0.153167780405331 0.461934830404193 0.207524200306991
0.00161107186958777 0.685374644857007 4.69495362744925e-06
4.06552556075016e-10 0.751922391893249 1.4900577302875e-14
0.370565008271316 0.00861205727640564 0.289972311849193
1.32827152396305e-08 2.16063635274949e-08 0.005004086650137
5.83410352244341e-15 0.0243576907095681 7.52268763466201e-17
0.00117015096110058 1.63767306370278e-13 0.0694424003012259
5.87263335348026e-12 5.32846205479199e-13 0.00194173936586911
1.89210834402513e-21 5.98446141394803e-10 2.87725045667968e-13
0.974246196992302 0.803707877295645 0.344314815412676
0.56353463724703 0.958395545036972 0.00672203506486267
0.210343151181953 0.178041290855041 0.720598175976007
0.48833764147822 0.452705690977584 0.803397182649771
0.736689497278553 0.866845007056661 0.0360419814487128
0.91967907740529 0.826184317675665 0.36997215113977
0.0698351022175844 0.0955382509689012 0.202736793977824
0.323925875072619 0.385247350779983 0.524620737778602
0.0561427387242854 0.0911501258662701 0.2718308397599
0.0230824159004395 0.0214583506291386 0.917142292815302
0.467572366581475 0.497837542545147 0.76198363828397
0.475009539602124 0.450096847345487 0.894267416901109
0.0963718129386054 0.084750880744032 0.902337974959109
0.0415108552332463 0.0416567253497836 0.868308060206554
0.00121046924746609 0.000483142739219916 0.409708970908193
2.55972347755616e-05 8.28358570575722e-06 0.467202303401091
0.00105063547423715 0.000262512944814494 0.279108907595684
0.00386267826478558 0.00182855376169744 0.276401961463118
0.130762781553273 0.203680714932633 0.182504540085731
0.846108868849852 0.509151261255384 0.00931363394381051
0.534531257424735 0.984503549616029 4.41883502100963e-05
2.69658724489773e-14 6.44863348034756e-15 0.906561118240022
4.52430086396564e-14 2.22788758794977e-13 0.0111728314131298
4.63333065742288e-19 4.62394054761673e-18 0.0160518271742486
1.76518201088711e-32 3.2446413897471e-33 0.460753108412928
8.68123609822859e-32 6.45418581562739e-33 0.710818021914028
1.05687553680147e-28 2.30969902490753e-28 0.010806155131153
0.772517093558555 0.666452593677864 0.815815098376162
0.836174587400333 0.88989155285838 0.827097822202193
0.189525802350818 0.470494306677338 0.0955347506263994
0.119120918197371 0.0575489789913744 0.806220634612681
0.0113721159353063 0.00417169569832859 0.999384966979677
0.0883611626475985 0.377689480499544 0.0327359979727069
0.202549383117856 0.395934777931107 0.244539665577947
0.209681076109464 0.142950939538496 0.912814128814261
0.80918266179221 0.99961824280787 0.557878623361576
0.581196685332817 0.835333294838665 0.0852395205153525
0.487210100418796 0.147472373041302 0.218556767381803
0.482321338834682 0.0497062001712767 0.0136594911041682
0.0034443141254327 0.000351123063016893 0.552537577019695
0.000558318362378889 0.0070184964779117 0.0114212077448612
0.00951778536462474 0.0782187334115492 0.0144838805022863
2.76752833018677e-05 2.33529983876633e-05 0.239809167914696
2.46789419947913e-05 6.24680315864494e-05 0.123974446945036
1.75447639565525e-08 1.41720296745678e-07 0.0130970684997452
0.821664796285122 0.563864648285312 0.486441528667185
0.0101414852728895 0.436400450742359 9.55304531302734e-07
5.42819839127708e-06 0.191660858524005 1.9957225347444e-13
2.41810977497168e-10 1.23787221529993e-11 0.42531607145886
2.54753939863256e-17 1.85225208356102e-13 1.93429064535379e-07
5.60581975496222e-22 9.35913042252952e-15 4.53188356754302e-13
4.73195234425973e-21 4.2581564618387e-28 0.765396020544637
3.14003697776426e-34 7.80015586782217e-37 0.00587353356274467
3.05548592958396e-26 8.16815648026417e-23 2.08671338771874e-06
0.913744351239769 0.897465998185502 0.988852578437117
0.495250047297087 0.95217035784935 0.0991991478115306
0.303624548661604 0.684641452679541 0.13369518388604
0.230824325903165 0.273199341143379 0.627851366087936
0.523792833948248 0.210303536148295 0.291024604928434
0.399259980683271 0.354591429186253 0.963684761757485
0.684178323415022 0.675437475326462 0.942048550528995
0.0505788760135657 0.0426217064503949 0.757461943963061
0.964593089857532 0.807040438707319 0.700797334847802
0.751127312674403 0.869735519651868 0.703336249126987
0.0628301133792048 0.00741397542850422 0.273144611294483
0.170877717069007 0.270084872376296 0.384141531799733
0.123628312622224 0.0429618964607655 0.542021703994518
0.000336611054264589 0.00572062706196171 0.00985235069314181
0.000616292981267524 0.0177053356620388 0.00415374916400528
6.49360447866976e-05 1.54103698370124e-06 0.410451945447077
2.21979043356591e-05 2.29237019650307e-05 0.271007087779433
7.8949121220034e-12 1.23744025175065e-09 0.00169286142239965
0.902328593167281 0.576325806979751 0.408968300344727
0.728749497903496 0.0110708961693449 2.29264175768001e-05
0.00628597888059431 0.89754905892995 5.42380410148094e-11
1.80150011441265e-10 2.03358911504723e-12 0.819890239546574
2.67858050728187e-16 2.13319864592434e-12 2.01469669111376e-05
4.19635311270735e-24 7.99975946237172e-14 6.44443170689379e-15
1.47468396787009e-45 1.03030008605205e-59 0.612647830787076
2.5399483506322e-49 9.40237098358461e-48 2.10761052741574e-05
9.60143905587596e-65 1.40627173147453e-52 9.19413886694185e-16
0.770741821764432 0.3103387460729 0.633796006069061
0.361281547939111 0.00138264804396286 0.12212022333436
0.586685606273806 0.708951405499871 0.695000907466232
0.591282660346697 0.676250897353938 0.723044669762101
0.489500621350187 0.32898631527725 0.918814806050885
0.00498922581154126 0.272390345226764 0.00588175233572831
0.86127252477124 0.291040145906374 0.2500297800123
0.933011959854993 0.301626768221283 0.440949905008918
0.0671361583809582 0.29032670399794 0.126157230534192
0.0431925141654339 0.391675649030421 0.050038845046629
0.0159768478760179 0.210903387794055 0.0316198881327172
0.0023914219781711 0.524996357090581 5.21912579751642e-06
0.135942853321255 0.0105840407889567 0.869018227160853
0.000435675341805285 0.0726844294273266 0.0018710927777424
7.20332149260249e-06 0.00731201371571068 0.000262354793774319
0.00021775705864689 5.65421957688907e-07 0.453993626454826
3.65491472573041e-07 0.00148270364306715 5.90288935276282e-05
6.21703583195398e-08 1.0618737792483e-05 0.000436680348581607
0.826002531722265 0.387141578550675 0.658454437621992
2.20538314106456e-12 0.835026046839033 2.0041047749111e-21
5.69486494809405e-39 0.541634298989724 6.42782959614135e-70
2.48171822759066e-08 4.90871661354522e-19 0.881269143711015
2.43781551117713e-31 4.83470943937512e-11 1.95228980002707e-24
1.05129288001307e-85 2.22596422460822e-20 4.11343297210989e-75
6.2199480664742e-24 2.36079025660643e-46 0.361408954161012
7.96664681992052e-58 2.6581469648305e-45 5.73213649027314e-21
4.35105437036598e-100 8.54381707330926e-45 1.20127920385344e-59
0.585555329159302 0.562507024645073 0.924247277035553
0.368273818611197 0.418232961436452 0.619434275028114
0.566806749329723 0.583371764861537 0.840825303675478
0.485302879142356 0.656478191001731 0.234326987438148
0.735582888799026 0.709892278173399 0.880154807469764
0.562169014616286 0.501598972765446 0.707647541819949
0.0146817039807709 0.0182814702107159 0.476715015656528
0.025833915939451 0.053557247608769 0.0776852064405671
0.0403534252878702 0.099482018259449 0.034029334518164
0.723640350056103 0.847785698918141 0.418344017483129
0.648794197450962 0.591374581139292 0.698903804221661
0.377377564073507 0.72465003140217 0.00741362737219004
1.7600384798929e-10 3.02045184451518e-11 0.653969461699603
2.12417129150309e-09 3.51818127542407e-09 0.250404723842883
6.42741993747408e-08 1.37027866593825e-07 0.129731485533004
2.36180343532935e-19 3.19241394519572e-20 0.952229865997733
1.81612722144225e-17 6.33344380046785e-19 0.428148289379954
2.40465461615711e-23 6.3419738971429e-22 0.00196612259927108
0.647394461317416 0.748008852555902 0.479799779363486
0.0358816474931418 0.221914087358154 2.08402831588974e-06
0.0106855550917543 0.314406751690616 2.6814747871897e-16
3.62887665867209e-76 1.09453819269035e-78 0.460055981212049
1.84124491247059e-60 2.35786401659702e-57 1.12964349040837e-05
4.5262399421447e-75 1.62527789850145e-66 2.19906966077412e-13
5.78865848184496e-128 7.55272937511976e-135 0.864905097699149
1.74888922561288e-134 2.3812453266791e-137 0.0296772203715648
5.37021818391429e-153 4.18965391721412e-147 9.19252670083837e-09
0.980317070572694 0.590885814922845 0.258034360183531
0.615436267829184 0.475611121778635 0.773060776190891
0.58986057021513 0.924520201611721 0.130580847554116
0.9159109236996 0.897441089163951 0.985091278052167
0.810548472238106 0.981058261585168 0.61056451943254
0.000779838800347944 0.00748920022984298 0.0166933585781183
0.187493951742648 0.00484546316739441 0.00787421935671151
0.0356606620506575 0.105844665951118 0.121069185163812
0.0375648707987491 0.0661996966841615 0.271993068510057
0.358798411402596 0.168711316152381 0.484231522442937
0.415878146407449 0.868288973478465 0.118702817044827
0.180098089387227 0.338287155134071 9.40280448833589e-08
0.000582137419172668 0.00029713315502957 0.533463194989952
0.00017591834237848 0.000349229030557664 0.148309572163898
9.54596144341803e-12 1.90985561471374e-07 3.9857155373908e-07
4.22791158369025e-08 2.71524424708769e-12 0.110052293087965
1.08548262519301e-18 5.92534172445603e-21 0.175163452575389
3.22781653857337e-14 1.1727277422762e-11 0.000106647732470569
0.729536942760355 0.883365080226397 0.606508188792805
0.00199451896152337 0.299719992135817 1.31844161633058e-22
5.72655202813174e-13 0.602203218250021 3.21730275568958e-64
1.27710503454177e-48 2.13989143064591e-60 0.524820597027744
5.6564614366232e-92 3.73913554893455e-82 5.95706583420008e-17
7.13498168932424e-98 3.44927737101899e-58 7.43257285434019e-62
6.19228008044954e-121 9.58264177493331e-150 0.190165615105345
4.79280924540954e-131 4.83728574022763e-129 1.98533034698589e-14
9.19580814807559e-151 1.53453190923191e-125 5.38023847632396e-34
0.208581091372008 0.254001889058126 0.586700401331628
0.249925054338253 0.220730605182859 0.8872226935479
0.270611828905549 0.168361855497245 0.776892872537103
0.559016593118072 0.401457999861174 0.710816719470312
0.108714790729532 0.0595896950222534 0.870362713633005
0.0617484053682864 0.0598849492580801 0.665663445698839
0.281474983238047 0.255452195336669 0.881519426568405
0.472391985006457 0.462737460088309 0.88454711321483
0.0291171903620465 0.0273290785775295 0.634343121150876
0.742991817797112 0.48371576282715 0.508674440407023
0.00927781419874648 0.0769745105640247 0.0197022699511582
0.175682765130497 0.763612275193193 0.000229866242400942
0.0442092939375249 0.0193021381120837 0.861775540136517
2.87370605209441e-05 7.16852919786466e-07 0.561269319798636
0.000160762939081807 0.00197646425864088 0.0218296123594249
0.000223620885610824 2.7307580465938e-05 0.93289256109358
5.91954798398632e-07 6.43648488531748e-07 0.216498639301068
6.22222702843648e-10 6.04699091840856e-08 0.00151155719282351
0.434439985815048 0.550141789169774 0.580792703318862
0.0383489205351574 0.425019076097994 1.84328825341077e-10
6.65360236640867e-07 0.42837575051767 2.86924262737371e-37
2.61698815837098e-28 4.15334094613282e-41 0.0367632116762771
3.90950667229443e-34 6.36281068779356e-32 0.000131195435967878
7.38792879261846e-67 4.65633540194501e-41 1.00269017846836e-33
3.33744910127288e-70 3.36508336770845e-95 0.0650784479587301
7.38915955525996e-101 1.36407905257482e-92 1.9370693427041e-13
3.83612327033528e-135 1.29386022140743e-108 6.13515577913549e-31
0.198795050926605 0.193853201533144 0.55221258724113
0.139979709190559 0.413622727775196 0.20294719168997
0.415616551863876 0.371284493483064 0.749723272234838
0.57810559911161 0.140177535803608 0.0480773406011212
0.0132990349220494 0.199532997915264 0.0256597746962738
0.0359186149268462 0.00511144847100053 0.694170791881139
0.552682140240703 0.377373338178924 0.969348700409833
0.482797007795268 0.881145748978878 0.41844825892912
0.0964423596275532 0.37740571009159 0.141859901677325
0.134963181100171 0.633701097158224 0.114458743826909
0.00739699603251132 0.622552535661642 6.29247547436018e-05
1.08813916705249e-06 0.213067335516957 5.33722076854959e-08
0.00142494583819065 0.000922712180907777 0.15829852286319
1.38027161692752e-08 5.5712702653118e-05 4.36127072387901e-05
1.94878315155002e-11 0.00278703746755678 2.46382587437052e-10
2.05523432737009e-05 2.86705344332549e-08 0.364576770315538
3.85039570911619e-13 1.11081748052395e-11 0.000146466867698061
5.17808273693556e-18 9.58278487150745e-08 2.37532005974758e-12
0.815375213839185 0.616272438431806 0.903606098026111
6.81975155608117e-28 0.123248951892337 2.45206774128872e-41
6.16716545047772e-80 0.800120240216568 4.07383996459232e-140
2.28957305605696e-10 9.63770775239364e-27 0.551664684601138
2.14918810164228e-72 1.78913316559717e-34 5.56033066729686e-42
1.61128973402409e-133 1.11112147290954e-30 3.25176952768745e-119
1.98285458204616e-53 3.71016673947425e-118 0.31925141540986
1.13663061693199e-125 1.41885020673724e-110 7.68514273840777e-38
1.75990883301747e-202 1.59661663694444e-89 4.28802839038554e-125
0.155519160803242 0.167460570506117 0.704107441219956
0.345377521161188 0.395585301538797 0.547180744349741
0.139106922309233 0.183068477784511 0.352537661911393
0.0938905024040579 0.0896710406764497 0.918030288982429
0.0505659475848464 0.133818894083628 0.0155773728640115
0.753015381858617 0.938033933623832 0.218554164065831
0.0287059971413757 0.0256590506675407 0.953336590248902
0.000575225973340529 0.000675057277110102 0.512018521839292
4.89105275084621e-05 0.000150568683340197 0.0519915391580832
0.493467469195415 0.474932907218783 0.948125564700822
0.195194133897708 0.324413913579105 0.111278023056456
0.165556686913119 0.266113362306579 0.130834823981222
1.94920770030498e-06 5.43681016854129e-07 0.5274885045079
8.62121141350029e-12 2.68134138829722e-11 0.102222698985716
5.51355975637183e-12 6.51047554354874e-10 7.66901406715312e-06
1.8693663815159e-21 1.00022497244624e-21 0.410467021491704
6.98103755138088e-40 2.66556762209591e-40 0.170454451817008
5.53343114417739e-33 3.60039674724978e-32 0.0197103278725166
0.621957854996852 0.527160754551556 0.549075402042473
0.0233024565235683 0.249787537749529 7.41135505714352e-12
0.00348046167220557 0.980021252229999 2.71578822741557e-50
1.81544201659615e-122 6.91668340592626e-128 0.654924717685416
8.2396055046287e-134 3.36554362942647e-128 1.9596920763986e-08
7.66553265089886e-144 5.0241738572417e-128 5.07063912260531e-28
1.25430151227638e-269 6.32947162065529e-281 0.279212410769343
5.34404210200004e-288 4.45240838603211e-292 0.00028511710807152
1.50098845779396e-292 7.08169158042064e-276 3.98868068353957e-22
0.508197588880238 0.481599987748497 0.921913776837189
0.785218843219086 0.220345110733199 0.0490616406777355
0.959203110392217 0.952194951489344 0.80674881910078
0.043850082348613 0.0451207610943568 0.556175289108314
0.830207984313617 0.223885142374671 0.0401265421448374
0.00527921502538883 0.0657598259221248 0.0049356655470093
0.000520785391983806 0.00119245412685811 0.157002098241252
0.00554970555440082 0.0521519663045358 0.0153679533973348
0.0104631223434836 0.140571578838692 0.00252844522477164
0.23693613672528 0.22006990751194 0.813783643806943
0.0270364238598115 0.329662734140075 0.00222153987728027
0.000893023539686574 0.985261971407297 3.24692340676724e-15
2.23171425575126e-05 1.93382623861298e-06 0.887423964197085
6.1995771170962e-08 8.41331517741167e-06 0.000442554991151091
2.79458330935735e-19 2.80998418557769e-11 4.26868242152001e-14
9.34852648316924e-24 3.76634599650273e-33 0.179314405724573
4.16507768263457e-38 1.0046797278922e-36 5.01453165241791e-05
9.15325394967337e-41 8.0890299352825e-35 1.93125665771846e-09
0.993835303960969 0.609488801124813 0.281025486448703
4.73899981545661e-12 0.0751737415524472 1.0317072132011e-36
6.22164655488685e-24 0.917858597045605 6.1504817624059e-144
5.05440678271103e-95 4.45648187610387e-120 0.659331495557427
5.45913779521307e-141 2.74126293102666e-119 6.11613672266911e-31
1.95926911920551e-175 7.57459007059496e-96 5.96219977834209e-130
9.82922491633164e-201 2.37274531197256e-257 0.560334188329598
6.65932781566851e-278 1.41878026737788e-293 2.3208713844161e-16
0 5.58411910486509e-278 7.52659533839331e-81
