TOT AFR EUR
0.907802205786558 0.800974344638516 0.793072614952028
0.258172193169298 0.134326818186275 0.660301523498193
0.120724386226064 0.313933513990807 0.156972188211882
0.838018842076566 0.699900725655923 0.209199122741534
0.302038959317787 0.123687985327607 0.424341349884074
0.0946328739942165 0.0999236188024262 0.629297717612338
0.629965867670584 0.785747863448724 0.600373761840251
0.255300177131508 0.624139559023741 0.143628831941428
0.543972790125945 0.361943219787554 0.554039346648273
0.174209469422671 0.196806921134938 0.65056225166457
0.59821403038161 0.693405525926861 0.671280853704824
0.000490149102102535 0.0120995471681215 0.0037377686085401
0.0935751923004844 0.0201094498756199 0.327587113995654
0.844880722499836 0.143278372219262 0.0148302743539347
0.0210956711514278 0.166563975313345 0.030540177823429
5.27683485781712e-05 0.000265923282803914 0.0976337909579067
0.0253570288178985 0.0115453697333585 0.997331034197343
0.0355700369574424 0.234855348722926 0.0202933704505161
0.237301976793531 0.316929421811322 0.5225737815119
0.156573322658068 0.911958193283493 0.000840711559539389
0.137731311743364 0.745472790111873 0.00682863883854151
0.000107373594948782 6.98131960831753e-06 0.635637160546627
0.00205734362280721 0.021223162980973 0.0214067430538915
6.98060677767944e-11 1.72486914708611e-07 4.29058184965856e-05
5.4688064133043e-08 2.12038082182528e-10 0.515036183715549
1.39230807883713e-13 7.27307369007132e-13 0.0191753935859929
5.93558508277843e-16 4.5576506505285e-14 0.00399484672622609
0.2067608872171 0.518499334986697 0.252596054042062
0.696730288536462 0.997183953044676 0.605187755442294
0.075942379610372 0.0377282068159305 0.544993046457103
0.645609849035278 0.362452551332357 0.158162646276308
0.663228591574282 0.116593370698003 0.458625231817918
0.147976478853436 0.219166636176769 0.369909705811712
0.3782117141152 0.45261276219777 0.567341026997776
0.152494073829507 0.135043775597335 0.00171316771123818
0.689866041162234 0.604103702281164 0.930821324285686
0.321897236679558 0.777809692237493 0.274101364318411
0.202961338895828 0.949153016901286 0.0720593342983745
0.163937129840494 0.86264090524632 0.0831731844983734
0.409204072470015 0.558878648837822 0.100219380292253
0.697523759583442 0.609606995735027 0.923079162217458
0.0114746147840276 0.0747404376551421 0.0815875382718315
0.21138777641838 0.187761263653369 0.574613286163958
0.00877374435870782 0.0152353192606629 0.172618652898122
0.371176351941309 0.94431146256855 0.269989869087324
0.256285801381801 0.285466660607604 0.581264386452397
0.000149143107356959 0.618482561253773 4.30672981248883e-06
2.01687678180528e-08 0.646508000616919 3.23306449141693e-15
0.0341492294982647 1.37715089441756e-06 0.207218525678413
5.21107949693979e-07 0.0301735682543287 2.71158948148366e-06
9.5344915510341e-13 0.0777588246669321 2.34601019494522e-16
2.62578907122164e-08 2.42378596408249e-16 0.670714124134118
3.80296565967221e-11 8.87768944469131e-10 0.000588645843408783
8.20964125685039e-18 2.35479183456583e-08 1.25988546924035e-11
0.887773066038298 0.99896676394958 0.59464612660003
0.49061027501372 0.538308439188719 0.674568603730646
0.2004251381989 0.10058221315966 0.134326466157473
0.829602977615953 0.970086659859293 0.342958217281336
0.89524848695464 0.72308197036138 0.32325138791674
0.528065608905433 0.23360716544022 0.0345625802759603
0.0366535281648294 0.0298046066125597 0.87706773660833
0.441261243206576 0.353502173058543 0.540872848380232
0.358361551123052 0.215508150027573 0.186453329883993
0.44949653038717 0.358469315268911 0.462749983226999
0.313809239109776 0.422382128199593 0.205675868084191
0.51505339967861 0.562814287090822 0.641892595421024
0.00491548754271764 0.00915700239710837 0.158466990903343
0.592188603037126 0.489797507946276 0.485816980170632
0.0119993908027918 0.023787356748783 0.0512474482514354
0.000266991227917636 0.000202584511110148 0.867854740195399
0.042030661354756 0.0472743649778818 0.604337585954284
2.85193588774464e-07 4.59498598674364e-07 0.208039938316362
0.166853745209054 0.215626924631152 0.534831508941063
0.967845551902018 0.472201046374858 0.00219778722494651
0.804792803566769 0.6065879812837 1.05314010089284e-05
8.35850559369704e-14 1.66721725490591e-13 0.18048474551423
1.83034167378237e-14 2.34255173301289e-14 0.344580267070705
3.87690905586998e-22 3.20108386329129e-19 9.50343576531948e-07
2.16805370377043e-21 7.45955451066694e-21 0.0277543936550011
1.55217492627637e-42 9.52214922414114e-43 0.1416717489547
1.88845153582901e-25 2.11922265190112e-23 9.98590085892367e-05
0.0644994341901489 0.0452451939676827 0.847964688171653
0.299781927224358 0.143980907545535 0.580419787364846
0.900281799017653 0.692183489626988 0.217455324725159
0.95770325617943 0.781258112139677 0.657593792350894
0.57933216417317 0.450830491395648 0.781217932671024
0.199009742817347 0.488980976563272 0.0883728358918421
0.706488113181126 0.755815822855448 0.804768276873849
0.385106392170748 0.298815169029503 0.888482193623461
0.0995399545832455 0.135051990688206 0.399229520735983
0.0379606653949116 0.0129859549168671 0.706506508739271
0.834514067286356 0.803656963062662 0.971526467178174
0.341790568047511 0.0461418572036543 0.0605101125279833
0.910851828598236 0.477345157404058 0.221945225993181
0.0321859282565102 0.112342233512927 0.0743575790066666
0.00348677764708386 0.0124302350336789 0.0644548227072533
0.00914767756846214 0.000768766120341123 0.391322555385947
3.1788134325879e-05 2.57533488663184e-06 0.958572998571727
7.29634687484178e-07 1.41802523377486e-05 0.00865220685852251
0.44011817309358 0.727103018214485 0.276204184877602
0.130353231476833 0.963842481909541 0.000274859806431429
3.99042132891767e-09 0.151141374152158 4.10977529250001e-25
2.29267988750535e-06 2.49733034398809e-10 0.0422659450291264
2.564913799279e-11 3.75787937244002e-08 3.99472808249812e-06
5.31001060818947e-23 6.52891751324217e-16 6.42664712673476e-11
1.47516301970025e-18 1.87076108444667e-27 0.114418932717522
3.77310241293816e-34 7.96386092059523e-33 1.35244485227449e-05
1.911972438399e-30 2.94556095119464e-27 2.2034790025684e-07
0.287553005018502 0.508657928229454 0.294488629336396
0.490738141733644 0.360297561859354 0.787466813045637
0.833347208831634 0.694128365763399 0.218558392714886
0.142698003520958 0.0456334393609098 0.486508261767678
0.381801526964874 0.107309110322706 0.188772797963231
0.308042757576533 0.366656025246593 0.619267643118663
0.0571070956908912 0.0287356349062536 0.919728392557666
0.475068622972526 0.804550164143061 0.0327125693158253
0.330846156044308 0.141653377547051 0.422484395745818
0.914935220468443 0.40138715734141 0.0547652546543917
0.951917328425997 0.279060128113631 0.0189138176081848
0.103338098070727 0.867321664147007 0.000829117436869951
0.00119233003421887 0.000325494128845094 0.934524254442414
0.0213686736174132 0.13383803433255 0.0259597684120534
0.000878609599213192 0.0168537096735265 0.00756154441257779
0.000204206663326259 7.88200308233627e-06 0.589022820585605
0.000359683355858308 0.000551181314288333 0.272670917489634
1.38715436346226e-07 4.34911353612636e-06 0.00802289787515358
0.2347937511176 0.262337765916605 0.670434787681737
0.14771451745147 0.419886960051092 7.65575406887169e-07
0.00493921728850331 0.522174677900082 2.51351071499145e-14
2.86017230323166e-13 1.06499900014581e-16 0.852724796259831
1.71713454397229e-22 2.17180419763823e-20 0.000712917730301324
1.78757644205134e-32 4.61631956635323e-23 2.37824855357902e-12
1.38621868255841e-45 7.75670363106001e-57 0.897113646723964
2.95471226320149e-63 4.4838244495221e-58 3.46640949765223e-08
1.18263149108441e-64 1.91938597770884e-51 4.70595242241613e-17
0.800210689646836 0.668397748393079 0.971514996721908
0.898971388240269 0.931536970237575 0.921634407518969
0.317137535324952 0.383084989209058 0.558480314495579
0.486660121914583 0.565898013409297 0.170768857267311
0.920642802501047 0.615040797908884 0.769049076812774
0.19303733816278 0.459735224874755 0.0188959942311275
0.341765712372621 0.787642176351278 0.132091087314731
0.779216497957457 0.973248900851488 0.730632770836859
0.958300635416507 0.508139338609342 0.615812500665883
0.532359490664815 0.802731700135102 0.294705134063479
0.0508442040743475 0.096238644414922 6.56017848661465e-05
3.25498346342992e-06 0.487321196744137 1.11658571383283e-11
0.0635628070990897 0.00220999459118582 0.834350040427709
0.00267416583159197 0.0133902747521199 0.0595725069024916
0.0273668674215448 0.0815807607833827 0.150876846184326
0.426525940766402 0.00875190943483885 0.254918275733296
1.79017306181108e-08 1.2237845732742e-08 0.00625773219946613
1.84795054110873e-11 3.28253707008473e-07 4.09872729938805e-06
0.201942159779913 0.0926123283714101 0.784962293331423
5.79565982672171e-12 0.623893482429626 1.5628081947518e-21
4.17748760564209e-41 0.62700403010549 7.35608521470173e-75
2.32422496902333e-07 2.34774048815837e-21 0.242621587965485
4.64652321814618e-39 3.33103787322137e-13 8.4826214913601e-30
3.28677279311308e-70 1.530118110034e-14 2.85164562551097e-67
2.63867975201483e-27 4.48260013164038e-59 0.548223095088229
1.44727574486041e-69 2.44159828907592e-63 5.75377748857733e-21
7.4000134850774e-111 2.49431516023031e-48 2.24165272262777e-68
0.660504001752276 0.544162780250527 0.398292515611889
0.987720253955995 0.852916525421633 0.275607554715695
0.562914308671471 0.523943441714591 0.829174347875634
0.0646676077472627 0.0484025972543806 0.701336452230344
0.264387479947263 0.25771618189964 0.952706039940868
0.266075951188289 0.428011060830994 0.0599385233669622
0.00547600489631261 0.00558609844756532 0.731775239290171
0.0255992255045147 0.030397271641873 0.526523673946968
0.0229643543271418 0.0403337053728065 0.180289819396713
0.497308736768538 0.537118154344318 0.705623633250543
0.251137385259233 0.403763573361812 0.0912202641712621
0.901444769461277 0.463361804708525 1.2823346542158e-05
0.0142111323944245 0.0140814088395092 0.774356431676752
1.34386989619722e-06 1.08707305326796e-06 0.667068258397862
4.13807404249692e-06 2.18295378898796e-05 0.0292996792938484
2.48832908942467e-22 1.42080590201836e-21 0.0258511550310758
3.24756813260321e-14 4.48865970014672e-14 0.207563073445653
4.14729525742645e-19 1.86186123219378e-17 0.00158715082853696
0.922284391764247 0.849199230136939 0.109850751387264
0.824143968547047 0.470560941777354 4.88834451028997e-07
0.0282508889053301 0.794567603116409 5.18954081146232e-21
2.91670665114389e-53 2.49180600948059e-58 0.0711315438105442
4.8399636992672e-68 4.98592880704953e-65 2.36564513191401e-05
2.29329341709528e-65 2.8489099380045e-57 1.615217488661e-18
1.91493460266167e-126 3.15071008160566e-133 0.949075547405633
1.00406231517134e-142 5.06271259116156e-139 1.63614540119268e-07
3.54964897699644e-161 4.74704157052535e-154 1.5225199814913e-12
0.0138069386260101 0.073243371890392 0.03705308282139
0.171612791671322 0.150892053345961 0.814819057790754
0.329690600069268 0.844360453972424 0.0579037673852239
0.228123188727074 0.149350101144857 0.849823852572745
0.402860812412022 0.167791696122625 0.382532470585473
0.261900591013263 0.24003583458417 0.836522490785296
0.225739523359768 0.0757445178545675 0.416707672771898
0.0964388995503051 0.0348981325267503 0.660810223890962
0.0668992087175317 0.295199771642101 0.0245701395771096
0.821657288928625 0.93682100608753 0.707705797724986
0.435189292624653 0.997907536864706 0.0661113116090101
0.118227292834059 0.701454117370556 1.79447055953179e-06
1.5107274926498e-06 2.18253904485314e-06 0.135999116601581
3.36263216258084e-08 1.70127127318793e-06 0.00239477716927355
0.000144724858719301 0.0246984002491891 2.02536919949414e-05
3.05287437622578e-14 1.75645844057267e-17 0.727303226548302
1.32135134778991e-13 9.25928425911222e-13 0.00959735436341524
2.03318245725003e-19 1.54289950875365e-18 0.00177737774139419
0.589583133747188 0.875902717284045 0.344706138854006
2.96990579567673e-06 0.256902319494165 1.28259332147555e-19
1.37796251519238e-15 0.546592077131023 1.485575398274e-60
3.27333499182851e-53 6.01281874630102e-65 0.42992198171311
1.84098526597778e-97 1.03135005511362e-82 3.97120003862997e-21
8.95747110469131e-90 1.72275671760603e-52 1.2320945083633e-62
1.38283999224757e-117 8.81677336839085e-139 0.0150256967500869
1.34133563635954e-148 3.8495527866056e-146 2.47268496038279e-16
2.4738885374679e-149 6.21209734177809e-130 1.14532074084572e-33
0.552938183166335 0.924869628878255 0.267230343164701
0.536204209027725 0.527329839721125 0.901954498115748
0.452123901272579 0.720205179171151 0.33921394903205
0.802856938754517 0.752831341157892 0.238272173956734
0.504098585432863 0.976914855908266 0.151200388558378
0.972920006591223 0.68613088753379 0.461234330301233
0.0293673807551375 0.0203479475826617 0.786366200111884
0.532095545974329 0.685705873713871 0.547246862075209
0.00965580997652198 0.0176792803366882 0.282703437781799
0.702150562643898 0.9826328765291 0.423003642119937
0.372238314672999 0.524594958254412 0.481257885985563
0.00215332280372099 0.130352497512926 0.000106369491627147
0.00121076171142504 0.000410348222039218 0.845238852645397
2.3857824547538e-06 1.96823816762987e-05 0.0389317730224316
3.11355166420326e-06 0.00121614694256752 4.79555499161863e-05
2.29326991841251e-13 1.18148380023664e-13 0.0921648073608681
1.16467901405841e-14 4.80225221252677e-12 0.000466630999181177
1.80181862763693e-12 1.21731027004495e-10 0.0031871817029392
0.883780123213809 0.701583581445424 0.276439645653444
4.8616738470659e-06 0.334686201020493 2.18150822784404e-17
7.12021179242245e-11 0.193313860580701 2.19442260047783e-34
6.32383957145656e-29 1.06447773931529e-35 0.862319489439223
1.38625667297743e-50 5.14265179486925e-41 7.6180161311131e-12
3.417847290121e-51 6.91766582324729e-30 3.27343481088184e-28
3.06652123519062e-104 7.18593259470585e-127 0.576662100828186
3.7073584049062e-108 3.11632552047755e-119 0.000597244994627455
1.20439030527417e-111 2.74270994437606e-84 1.07694331507031e-32
0.814822882141193 0.0509226235996706 0.0445646371114203
0.474236503735917 0.60499733833337 0.610509976693847
0.69731632749336 0.399294672972163 0.848046834693509
0.410405827998162 0.0445038672277673 0.521215944676973
0.706238917974862 0.185375759673051 0.525108860629122
0.119437484379079 0.918755321878504 0.0458609961320035
0.593068364570831 0.23602636797825 0.7633051940056
0.220647477240541 0.0371182580907073 0.887340764414899
0.0297355280820067 0.256000539515889 0.0544897960657781
0.118224517794832 0.969371246093658 0.0408770970049095
0.00628651137884633 0.554320695084594 0.00167082307441407
9.01846136995372e-07 0.776873671579619 6.57846087256243e-12
0.0266638653583308 1.63221720677657e-06 0.238215770741549
2.27337624726799e-14 4.47525575779769e-09 2.26976228584791e-07
3.47944299742986e-11 0.00159139715999469 6.98392595829344e-10
0.00231782668816768 1.31466801704348e-07 0.719962531437657
3.75135624386272e-10 1.19481841999795e-11 0.012210183409829
2.65459628591053e-25 1.64523951479949e-07 1.01645701879269e-20
0.676330397639981 0.523490883754375 0.991268225075812
4.50610304730729e-28 0.669890130505289 5.19659854878905e-47
2.16143202633236e-87 0.0501125936575086 5.25881382441164e-135
9.12279839364557e-25 1.91744135369652e-50 0.234169209567465
9.86948333919872e-78 2.68072137940303e-25 3.16759173147287e-57
2.8043902542521e-143 1.21532890053448e-28 8.9761427490066e-136
2.05618630539287e-44 5.03871136630153e-118 0.370127071699521
1.19829031802918e-124 5.84970059878013e-117 6.66540867541487e-35
2.16205918880761e-192 2.65405982918185e-87 7.3000019696085e-115
0.367447099096701 0.293157558969974 0.508816882830932
0.888082470290228 0.570405829528888 0.0334847537233937
0.0714091793424419 0.0630823326569051 0.959487163506482
0.629274829895111 0.542442339625661 0.564436320952096
0.624586721505796 0.733442832330439 0.441750733281252
0.697588923528233 0.761662981778458 0.614876228130872
0.0286771434663521 0.0381467601998675 0.383117602272909
0.00234830114160114 0.00582771282088634 0.0784170328493158
0.495264079229388 0.727535586523835 0.0725170106842893
0.595966057459653 0.801276009708118 0.139998418437652
0.923852462078919 0.886005448857382 0.819561440466704
0.350764176380461 0.482824622176678 0.20435053003168
7.37597402199465e-13 7.96389331721815e-13 0.32044753415322
4.58013841080014e-11 2.1676153278286e-11 0.765103237394261
5.20106706803461e-14 8.10544144689366e-13 0.00454889950174572
3.01411219130776e-45 1.14401900626752e-45 0.133860713153133
3.31804275087765e-30 1.72609431127444e-30 0.239181626680065
8.65195653336286e-34 3.65267275911233e-34 0.24088663740266
0.79942956874006 0.96825197207644 0.275641871850673
0.00646803647140496 0.172136801073545 2.31843581454437e-12
0.0102142566501093 0.903449176254739 2.92135615812078e-38
2.57588097947172e-126 1.75168664668373e-131 0.532260044486155
2.31387738667568e-135 1.84724061746487e-130 1.28848843743599e-08
3.85071827470777e-131 3.341213364306e-116 2.1008918985657e-31
1.14821742264995e-269 2.31822794027033e-285 0.578217973592981
2.01508582174065e-290 2.17602369740649e-293 0.000157790247004294
6.3365644508725e-260 3.9468830028831e-252 2.11598763303545e-13
0.955362253731951 0.789081966271671 0.666243926661911
0.446786572258012 0.659795837974248 0.00588604872219067
0.365191202286026 0.765314765882768 0.120723472523249
0.0272898165106986 0.0192751992453703 0.727247084785121
3.61136258175165e-05 2.57287371883693e-05 0.332541209129029
0.00243445175919458 0.0274927022827352 0.00917635486248945
0.0137699713663498 0.00263241710226111 0.673654698674814
0.339494310137694 0.370974431046301 0.690607822541678
0.177133812703866 0.460443231652944 0.0928107792535974
0.200545841867456 0.300132881137478 0.392539803176585
0.0113237815650123 0.462580172395013 9.76521537754667e-06
0.0544456920938242 0.461251670725095 3.10496663018577e-10
6.14308346086465e-07 2.00456797370615e-09 0.50342613566295
2.04656591406042e-13 8.98592767097897e-11 0.000106642525636755
1.85478109385854e-14 1.41396631253636e-09 4.49540439718275e-08
8.15775422733705e-32 2.77632723698202e-39 0.620653309039709
1.11362876658185e-32 8.90239702849717e-34 0.00339282147431111
7.45510945429453e-41 1.57082890170862e-33 1.09374967435123e-10
0.418472836081671 0.220549197135083 0.515627308528866
1.63744493711771e-12 0.100247349063546 1.07183092321899e-40
2.10723065422502e-33 0.247602330843641 1.91413790002512e-147
4.11596879624479e-122 9.86543061299155e-154 0.595805258813972
3.2485467644424e-142 1.43493427763093e-119 7.0243144896904e-34
2.49922956623818e-162 1.14577871428393e-91 2.55845755495779e-118
8.64163543182907e-219 2.82265597019605e-278 0.334996759104604
3.80104420462212e-281 1.15449663591567e-291 2.21552419707113e-20
0 2.10321732784621e-269 8.39596118838994e-87
