TOT AFR EUR
0.456968592004279 0.663624554185414 0.408927132683684
0.765213747265957 0.881560891126204 0.313901395972028
0.293815342589575 0.240086495243331 0.983758935671702
0.256884661394317 0.0517787087202971 0.153534468167426
0.47115071298574 0.727493414506871 0.390528786525021
0.0531340345351478 0.0695932021102937 0.454111036269407
0.268962985915543 0.222348722279705 0.97034554294926
0.685376249955029 0.697530066027345 0.901578540087308
0.987578516016172 0.948888369640662 0.867178882943716
0.570547309678775 0.859262208977585 0.362482271956835
0.43006122212039 0.417981560680855 0.891882511395311
0.178413135655811 0.209913036971954 0.627626200545812
0.255744555240644 0.340879788378594 0.539662820177995
0.252400700107914 0.118459612645206 0.553185813371283
0.17696629344901 0.0739174964733835 0.579706374317639
0.0767497590604368 0.00479066437881174 0.122783895261338
0.893896260696651 0.912582745565959 0.570618001833675
0.00179300375370363 0.00875025714540783 0.0569195487686733
0.350041326121008 0.800532984818208 0.131167731158076
0.858694533630545 0.713137881615374 0.282011438462805
0.206283407672002 0.870464413271616 0.00128617820672493
0.00792211039733255 0.00127035677646592 0.526930664535468
3.69972050834131e-07 1.01381615302924e-06 0.0821060979413013
6.30019629264454e-06 0.000848381210377997 0.000153023976274886
7.22249310996236e-12 5.68050371402667e-16 0.552316304311209
4.42496903073133e-14 7.44698981918533e-13 0.00916934696234563
1.56006511337982e-13 5.77039950973291e-11 0.000110701403671787
0.494289986688223 0.177301922484723 0.822529731894724
0.567314776047253 0.376538361417004 0.985871445789711
0.362852351684218 0.579722043766209 0.0945455996826564
0.296251431242915 0.853249496452584 0.214538955189778
0.819607964973173 0.591881657555325 0.878682368089189
0.932855705273656 0.80268638444771 0.916200264419279
0.718886133222616 0.376895700186063 0.788221215128717
0.448938199002789 0.152594378368876 0.867225229398993
0.988802376670811 0.494030204921417 0.548167338509422
0.804428222125312 0.538522102720765 0.416156894468871
0.097018003775994 0.524734048597674 0.0915879287510292
0.473376143347112 0.904939290163953 0.287971219914693
0.503945569707198 0.895185482179873 0.436238376073561
0.526100301991925 0.709158296215355 0.237778013185669
0.0850954216683947 0.435464806441522 0.121545678916333
0.388995629300856 0.111474267702772 0.844659681494903
0.0799483208231518 0.407589293130937 0.104524861200125
0.00143991656403883 0.0189434752195316 0.0248384717755262
0.339793694149368 0.397485384078818 0.586221782147151
6.82834838616848e-05 0.715061598779265 6.15241464859572e-07
1.54615561924374e-06 0.835847400966047 2.17943850736295e-11
0.00588112360340099 3.25052372269209e-05 0.919255348343709
9.38078337086734e-07 0.000769808298632016 0.000305638772114275
2.41118237459719e-16 4.81644257624597e-07 2.10845824584333e-11
9.49789137572285e-08 5.80964036502305e-16 0.821962766124937
2.37385466064192e-15 1.37418584841078e-08 1.15816532149157e-08
8.0942444441274e-12 5.43943501474291e-08 2.22761284533994e-05
0.67066942147182 0.596313307186796 0.58452261955614
0.622677498961035 0.68692176259589 0.591101966919396
0.104066438234404 0.0988205861716012 0.942521547906924
0.278058011342377 0.12926249388318 0.062036761495303
0.52168970790143 0.589669072604662 0.561647571867879
0.923725130268856 0.875816962046424 0.790600238165067
0.835909029742874 0.368200339723803 0.00605045504584685
0.976266462964753 0.702945188889697 0.0517394079939875
0.0152552680182268 0.0299936503722668 0.192681873794069
0.87055269983218 0.973241157544418 0.43571799408062
0.20689590687106 0.149103281323725 0.449912709919579
0.121353966856235 0.113610508004403 0.977670140177747
0.010989074878577 0.00903893295052313 0.980303831241036
0.581849736959315 0.735091885082072 0.302494734280774
0.651540971785526 0.590733948092561 0.626095600766646
0.0121274740924201 0.0178679837813509 0.341966510094439
2.81899673104003e-05 5.54260553143361e-05 0.11116842382335
0.0012280865242906 0.000815780779840787 0.822474750019525
0.737544428063778 0.829093857437835 0.532264167170384
0.751998298944965 0.334802058797395 0.000871163445361088
0.412402631438679 0.684143883496759 0.0141245375041891
7.66942248302541e-14 1.33104812283667e-13 0.16107888272816
2.68054110639333e-16 4.40419510517362e-15 0.00791166987653914
6.48690557169681e-19 5.04990343593065e-18 0.000600597139298025
3.33671867196242e-27 2.96270523690978e-29 0.562105355626124
2.51784163028729e-29 6.42839048340425e-31 0.756047792309551
1.08767950184011e-24 3.75661811551355e-23 0.00410045007478725
0.680545240610881 0.448875462854462 0.509872201654913
0.845156950886328 0.837888357225054 0.967301420476176
0.652582689809971 0.664813756735528 0.0469776755927502
0.061764653489212 0.0405981040674835 0.892237660653181
0.888785938257736 0.916282960539458 0.916953045006933
0.986877303305683 0.584066068814616 0.218287821463141
0.34012855154091 0.260852667373786 0.943519432361305
0.737800096612624 0.623247874557792 0.805866626838995
0.0559579505924684 0.259439030597971 0.0304969272888461
0.883848155615571 0.885984537677719 0.96649337962388
0.933691666537646 0.63192632952636 0.48632957122894
0.883258325123825 0.246944098666106 0.054776239775462
0.0495230585897559 0.0180404161862337 0.730614754672859
0.111398462415099 0.161470792848886 0.420246968743665
0.0703624423277477 0.274868659847651 0.0446408863659936
0.156441230083183 0.0359563830071282 0.43051360644849
0.00200294606771124 0.00654350631800396 0.117735926585129
0.000250429634941773 0.0464402738381944 7.62531242487874e-06
0.411553639451539 0.413802092541399 0.801903157139581
0.227832963427921 0.620026283300701 1.5217318688251e-05
7.67027835538438e-05 0.0801114446058443 7.27231452195282e-09
2.16868437894943e-08 3.61448276104039e-10 0.906318749160289
7.49104258601261e-20 1.68524095333004e-20 0.0206537152643524
1.61736050039466e-26 6.72154146794206e-19 7.10838218342779e-12
1.93495451447636e-23 5.72477766247369e-32 0.449971683479192
2.73676376806904e-24 2.72842366489013e-26 0.00959300336928609
2.18460733338431e-28 1.26742496158693e-23 9.89126347841275e-08
0.231714526909041 0.627862159860411 0.0882415409110395
0.465469040506835 0.49233488265649 0.791979887118043
0.506794375875174 0.762036711419364 0.385482016705384
0.861419272185207 0.927373430565818 0.548266812808567
0.630472167533078 0.627268360448448 0.0353663872483284
0.23168886409547 0.0610295427968218 0.27316462812422
0.189491906127127 0.235721659071178 0.562765137584947
0.937342877944774 0.844140922285544 0.568704749723992
0.766896380947624 0.699902932772449 0.92064131687565
0.370541427554381 0.770357570758023 0.158300742927533
0.110747132026325 0.311064128988577 0.117581259572044
0.77750991765726 0.0974037491161643 0.0075842095890676
0.657954049999653 0.458589182520725 0.611174321635518
0.739875491249335 0.798691677261201 0.202766114505063
0.03687841785627 0.175864403101793 0.0389613175411152
0.000374700330419015 0.000110797324518074 0.79110387456244
0.00506835836157431 0.0034768619409689 0.681346862901357
8.6190558373188e-08 1.26872237330943e-07 0.158171866743979
0.551991937905418 0.224699558734108 0.268135691412541
0.0439983742061456 0.566601897112363 4.02812703892123e-09
6.23866949439199e-06 0.669579595954243 8.31677425755056e-30
4.8569744058986e-14 4.95567094214193e-17 0.908500312139518
8.12560220710923e-21 4.33417690184792e-18 0.000255253581684336
4.99708898977243e-26 3.714054846229e-13 2.71710906782318e-20
3.88857841016213e-54 1.66716770449461e-64 0.490157462411729
4.16027647804429e-57 1.95747909435112e-55 7.44730421399994e-06
9.07066375750051e-67 2.25266018654319e-50 1.8914842022922e-19
0.408607913106109 0.359611955174748 0.748240502224775
0.0900078932362419 0.844340460283192 0.0155255110077201
0.235414762109744 0.515528747789205 0.306298268536414
0.262807401852591 0.671237487899838 0.255991588716601
0.0097100053446339 0.0400931510244695 0.0843635961204145
0.332250223120925 0.172140026586854 0.884062598787174
0.135133977826316 0.810523859543139 0.0729956135281722
0.918998565658878 0.690564512314781 0.64083165761947
0.0259078642711419 0.156681351932771 0.0792304757967834
0.58325206071385 0.568779953826099 0.800659593201681
0.118667742552118 0.0808661577154654 0.00034562310052495
0.0043578955478696 0.333226096689566 4.3003615540479e-06
0.424435208270947 0.228666861401436 0.99392472353832
0.000221237558561715 0.0600715016020957 0.000830396917314089
5.38552319012801e-07 0.313138743446848 6.60693367887804e-09
0.035188383537999 0.000127335787689702 0.649018143724202
2.58821034524323e-06 0.00222817804704827 0.00028860330738066
7.45356602565441e-10 4.55231657228569e-06 2.01020434024893e-05
0.141044645157839 0.0477949289806858 0.799613447065759
2.75124118819829e-21 0.663174353711045 1.06283716422129e-34
4.0470637981098e-25 0.0504441616222539 4.50348961947013e-56
1.09728707730597e-10 5.79195656410027e-28 0.445267376414472
3.11043862178866e-29 3.55279940755589e-10 1.517122744084e-22
7.90649736184301e-74 1.98345429434146e-08 1.74998708352661e-83
1.82467182206827e-28 1.08626087689374e-61 0.37197996653154
3.24795698982953e-65 1.90475795441951e-54 1.18085954951971e-20
1.76083620493598e-112 9.93067342791677e-58 2.82635707056515e-62
0.395665353616996 0.409349256676048 0.823821124647772
0.87467349767012 0.811366993113793 0.694992932783204
0.337931228482357 0.234718686387755 0.215589967996223
0.50993258916775 0.571221975503445 0.581721053391719
0.369551755449805 0.392790923990502 0.728502090840637
0.0347944370743208 0.0294394566899538 0.963659849244461
0.134947262852803 0.17452655734558 0.328709688676257
0.00222766975046726 0.00163444383723989 0.945696929719902
0.140657083690693 0.31297372473569 0.01072436381328
0.0614277496247566 0.044483861517028 0.639285539036721
0.011520267675075 0.0163121997771055 0.308072445196666
0.328586375112468 0.311023401320631 0.960719310191954
1.59133885880172e-05 8.30949968067379e-07 0.014502732324372
2.33440767618442e-06 6.24312206000208e-06 0.102784539144818
3.78941826082073e-06 1.78827963461443e-05 0.0173172001436284
9.07557158707594e-27 3.77668824117778e-27 0.383992178655022
1.14983983831267e-15 1.56677643201048e-15 0.239797109081643
3.64127033091042e-25 2.47664360706456e-25 0.230360478566263
0.173663238870441 0.142850227202648 0.710711500801734
0.377208205403079 0.782241563330344 0.000798177156339188
0.0010340431612826 0.080782347617509 4.95887858591049e-18
4.12874598262222e-62 3.3273506896542e-62 0.0255038890977226
5.8322905349241e-64 1.12579496559296e-60 2.16236933144788e-05
1.71965305567956e-68 2.76238156696864e-63 2.13820293140931e-11
5.99868166878737e-139 4.79335755533001e-150 0.105990261022624
6.72815226201804e-154 8.59773778991678e-155 0.00491061293205118
1.21797653899786e-135 1.43273589503158e-133 2.5138382579898e-05
0.405552876551042 0.141651637263276 0.28223498088878
0.798605789849523 0.691538817601819 0.816752382597153
0.865264299842048 0.763787294199002 0.291563235087608
0.452369144442872 0.612068416650844 0.471011760193424
0.134370456368353 0.0224969118501247 0.2117621665637
0.124851895864114 0.302618389639722 0.130029871551083
0.00539742251399344 0.000411736986014107 0.419388315954065
0.638430275317798 0.468735643031233 0.683241252788811
0.0501585973619007 0.200580387774794 0.0501182112591809
0.641522913080703 0.858759901457759 0.156027598368935
0.932826244922017 0.378865347353559 0.0888701174539813
0.0174196836967068 0.92861912756283 1.36600090010811e-08
0.0101627266741389 0.000480119474314675 0.227310985987564
2.01493367131712e-08 2.33430235790429e-07 0.0140087072920591
1.50002907130787e-05 0.0171448159664448 6.64777642479889e-08
2.90791095793677e-10 1.74235363148262e-12 0.867902523085142
6.22111785066821e-15 2.31864191030179e-14 0.010826063433244
4.92058258580185e-22 4.24970669525435e-19 1.70447373875667e-05
0.298900255269548 0.135478141851207 0.52602310486837
0.00168910150458189 0.334768615020003 5.51241891031239e-20
3.98481713708892e-11 0.495778932769695 2.83921017988488e-70
3.25342036255479e-55 1.6891713760607e-73 0.616213656825163
2.75095672341991e-59 4.24656857811596e-49 7.21004544662352e-15
1.06160788986619e-94 2.70323277596123e-58 5.03510729745601e-57
7.59784348269916e-113 3.88699017406557e-145 0.558040389926038
8.93990130978455e-156 1.13292070860432e-166 1.9637959655233e-08
4.52096862802562e-155 4.07277041576729e-134 3.04580058795343e-32
0.0981488338535559 0.246560789708928 0.156737710124124
0.844665145255334 0.985778400994537 0.676147821719843
0.451849253170265 0.688311357220375 0.372907846599227
0.336241133348922 0.288926091831792 0.972789917425639
0.970018332175637 0.739408276781995 0.555758068346772
0.707866748787072 0.386667745140078 0.370349222005221
0.704782204288579 0.45875023580959 0.529968941435414
0.41077635470973 0.365462612978249 0.974294176997217
0.0606362096556321 0.0107151851710192 0.38020091030797
0.0928817936282382 0.143124664755361 0.398803249618109
0.22506541086365 0.318442494424468 0.46024893828822
0.0814639802949388 0.820170353528238 0.000662126773959245
1.75010350839036e-08 2.34885196133617e-09 0.474516814924159
0.00926445096098129 0.0224240508868459 0.202685139324868
6.50666941740244e-08 2.64549664828803e-05 0.000116980093007197
4.99125970019566e-06 4.11234758158346e-07 0.850904864515731
1.88199323882328e-09 9.71332208515679e-11 0.583841394008929
4.7324136382715e-13 8.88521696817838e-12 0.00943114806404195
0.993981715098267 0.692932994337145 0.418811221085831
6.73910366316769e-05 0.177177963640926 3.9698453629642e-10
0.000242191422680427 0.041363463407292 4.78557718598543e-37
1.70279839831729e-25 6.40257381337457e-32 0.897689338188508
7.41381176838096e-38 1.13568743697368e-35 9.11373011716945e-05
2.73178718589616e-61 3.06227974213313e-39 1.4755774928766e-29
7.56982926764388e-89 5.47198979099876e-110 0.891164725856091
2.30302609655489e-92 3.03327926930605e-97 0.000115219815148625
2.66091525704937e-122 4.74429488457439e-98 7.33223787642719e-28
0.267559238207103 0.63412894775134 0.280547212960898
0.71534507606111 0.1636785050318 0.492429724072741
0.239590286336145 0.838839725951629 0.0788393519377484
0.786440056372525 0.597134351594243 0.931214376319705
0.5658311819798 0.190036378652179 0.735468577119824
0.000924638390314053 0.0713738869211513 0.00399041839565567
0.44022116515658 0.064451912015701 0.59342098195432
0.00120014510063459 0.0240694489356434 0.0173257814178254
0.00398658377530202 0.854699537305051 0.000200915879203605
0.144716891047002 0.317610072628377 0.277608450404598
5.5888733201313e-05 0.629731469181842 7.90804790956793e-07
1.76702627665143e-06 0.644696555261425 1.50551442003156e-11
0.022576466805952 2.90506237184674e-05 0.578247418279249
1.56023521628244e-05 0.0145902476836304 0.000222249146818788
9.51570094085877e-16 0.0326197867587186 5.40597171813655e-19
0.00421764537324838 2.09938321913926e-09 0.191887119464396
2.18668967221889e-12 1.13874870398281e-09 3.6322972516492e-05
1.53289055261937e-13 1.88604198006025e-08 4.16659553213081e-07
0.461278506924462 0.556427243940943 0.630131209932935
4.8167454880647e-23 0.921275658847291 5.60001877461103e-40
7.4660530630602e-81 0.545178355314861 1.19748538931477e-139
9.80139627954372e-17 3.01819912621029e-38 0.838400706074303
3.29929262525922e-75 7.84953140138828e-34 1.4196793354412e-46
9.23081245575266e-140 2.27325978164295e-28 8.08134683785232e-133
6.89061153622612e-37 2.07071806839304e-104 0.151762611955434
1.43432925008035e-106 1.25340983185099e-90 1.09227064603409e-33
2.66782382708032e-196 1.65365937600324e-81 1.19370868210271e-126
0.313007652965393 0.16752738462502 0.0873648335335889
0.20983438714174 0.195693950060709 0.969202324945341
0.17644925618223 0.110252224187591 0.278685575514836
0.655756605918782 0.568287574065468 0.577447711334296
0.449895534907911 0.456833369387899 0.876721448364912
0.107907632861122 0.0913841408139742 0.844347192384866
0.0415888269519908 0.0477350419219107 0.5796085661767
0.039018519866862 0.0357962379324366 0.932589461846958
0.00169858749236622 0.00267693444794715 0.249539953386541
0.891239763578509 0.898344072880147 0.189451579831492
0.523108415417387 0.74431159882589 0.0856774286690164
0.179242926799711 0.0633915874854329 0.0217464603530792
1.41541697266716e-08 1.54311006946107e-09 0.316810069354464
1.12128690130457e-07 1.42503621380066e-06 0.00112884442698953
6.38577462253863e-16 1.5114021976452e-15 0.0991816288327782
6.46526832756547e-32 8.34664852880154e-33 0.551245366024607
1.10180978189332e-29 2.11384214224984e-29 0.100721042559868
3.15063215698432e-24 3.62694493551707e-23 0.0140226231519183
0.270189816581011 0.313117172618724 0.546908319730859
0.0268122264886725 0.243273809482332 3.63048015901287e-08
0.000540927617461905 0.187065245299706 1.04870660294845e-27
2.3616547319428e-107 2.10564747635165e-110 0.220437030305251
3.26886636846159e-129 3.51612265654332e-124 7.0486510070051e-09
5.47795963022506e-146 2.69740082073718e-131 5.34676139349848e-25
5.66489851531755e-264 3.63219810138675e-275 0.308752502672767
2.2630095464559e-260 3.72141188740353e-261 8.09274508013138e-05
5.92531834854086e-308 6.50703088776646e-303 7.49472827280416e-12
0.128584583874546 0.159866132577355 0.519786525985652
0.308385643736215 0.186243404652825 0.731688895144928
0.649157284504453 0.353379938050141 0.387207439090662
0.135708912405556 0.397653144993768 0.0839464732453079
0.788899472361671 0.631594137023026 0.71438443452404
0.185572423004679 0.807025535500843 0.00947272385897127
0.00666865608297325 0.0011918512874343 0.739858014945637
0.0109829860563157 0.0195899826252408 0.255617902454953
0.271854474153541 0.182047209421659 0.858638645643758
0.249530036917259 0.481241674090981 0.206742456110242
0.0420213511293097 0.562413761077922 0.000313300134577378
0.00226608311973152 0.681377185149094 3.2112900215364e-10
2.63404720398654e-11 2.23740568324015e-15 0.411081935215625
1.45439150406765e-11 1.41013293939213e-09 0.000829684063590566
6.93450884832389e-19 7.03420320013741e-13 2.47803568581685e-09
2.42986226544344e-29 9.05030779675417e-37 0.852997583959123
1.90534837672545e-29 8.74096165378707e-34 0.15903943892379
6.38852453638803e-27 7.87110240923527e-20 2.48048607574391e-10
0.0972841143122631 0.228971193025055 0.151819655451066
3.05323186176232e-07 0.646926056912551 7.27536226762316e-41
6.16529863951662e-25 0.546879011469873 1.23257259417988e-159
6.42201208115767e-101 4.43295355566971e-135 0.488607632803901
2.33481458871721e-149 3.96541263933678e-128 3.22813074383958e-33
1.35566097096675e-177 2.43716606411986e-109 6.43175550349419e-106
5.22564767760896e-209 1.85701529628772e-276 0.522089219512456
7.68171037771016e-267 1.61772530514033e-279 3.49423514966655e-19
9.88131291682493e-324 9.83996505792108e-274 9.41442461037622e-76
