TOT AFR EUR
0.882593018076015 0.69655195891602 0.277380352609817
0.276509127310004 0.514169217082968 0.221590563975472
0.518789558638542 0.500130229814082 0.931344837102317
0.688683093431366 0.81918478953002 0.186908044736127
0.015582317579966 0.0516226043563106 0.109676903285906
0.507362636075377 0.325241951971278 0.649427144384459
0.983507942636814 0.767980362206543 0.502114254979645
0.695150261358531 0.665091132479065 0.986393115200121
0.0783739299650664 0.164156917758028 0.220073614824611
0.860574457349211 0.831562007121938 0.97147260346466
0.435665560253535 0.522390975235531 0.636863902474172
0.707071226658452 0.595188691260869 0.0447117685947687
0.00133183264807244 0.000766183004522791 0.696177790522099
0.0223309143940689 0.00625100478783242 0.691400274185374
0.840143254634709 0.348024703792895 0.0164772172666975
0.172104764688601 0.110722294145688 0.908191511481183
0.00997558795374156 0.0107217683373032 0.441620218201641
0.375011648615093 0.122948829893597 0.246076508741488
0.823945101710456 0.743417682318213 0.261272041685725
0.799331089574793 0.374644044250067 0.0216991295622656
0.991372430230902 0.0174078651294798 1.48422596267722e-06
0.00168150892991246 0.000488237005050907 0.837907016468668
5.70797558892959e-06 1.61723553313995e-05 0.115192662377126
2.47027223629597e-09 6.2532482654092e-07 0.0021772362696619
5.38496241910686e-10 2.67425124602545e-11 0.524645113488041
3.12541513727955e-08 2.83803506838003e-07 0.0373829784056087
2.90797388415324e-14 4.61022468823494e-13 0.00751025340385324
0.639014740004933 0.281403655934014 0.786953145711042
0.135830917088351 0.269030528908629 0.296667611844956
0.935796607723508 0.532584788699534 0.518595723775905
0.497730119662372 0.772875550137626 0.512713784295774
0.990195880687362 0.909807578449179 0.90731247307908
0.667801110308009 0.649331730679936 0.849653777325369
0.605819924040676 0.322616804144573 0.90480740832301
0.42446246695843 0.793786943989522 0.399895329397659
0.149163958501951 0.285618367077772 0.328805542779979
0.172857130479808 0.727469523145769 0.041800330632283
0.913007865671212 0.65764110088812 0.594028276407637
0.0582209437571461 0.412013651417794 0.0759122314768615
0.133669626191574 0.56458801299998 0.129893063943501
0.569203823583764 0.389053064234973 0.993567396051437
0.00538291399667769 0.192715122187108 0.00883536140541076
0.0056456957082361 0.0227492874421364 0.0707721100444171
0.0014341150921828 0.067451229662101 0.008511134913009
0.0254169014500043 0.105751645326367 0.114385053042167
0.87802862934433 0.291321896654625 0.478109377769344
0.00343968641241178 0.923511363625539 8.40130412223421e-05
2.48938863921659e-11 0.645146621011715 4.10052136538481e-21
0.00310313832976569 9.31893126172898e-05 0.683650268535566
1.02768098582347e-07 6.22253939986253e-07 0.00390610332266941
1.02237263425385e-15 0.000742099225130369 2.20707493444019e-15
0.000165502273474975 1.31069377470481e-11 0.681579194553303
9.0476785513848e-17 3.14497542313756e-14 6.86838416670651e-06
4.52895417860761e-21 3.86717035212365e-12 6.90040762655315e-12
0.872077502530187 0.859504790877174 0.0802793628989056
0.656282228140535 0.6439374928399 0.973769085513587
0.431019279722786 0.399176289151768 0.888361649110874
0.0216545664751631 0.0300780883710034 0.326100271531035
0.269422560952765 0.252713039385281 0.974917526946221
0.694174815931837 0.693628563534743 0.957570998467941
0.597134245059635 0.624305211958742 0.729139173511546
0.995955701486133 0.917569975985051 0.442792605939827
0.213215960141677 0.112199210912792 0.109219801351894
0.309443028056063 0.28359352240349 0.831207381157981
0.680308275824364 0.774411701166607 0.00348907286693524
0.721649457695441 0.96304859325162 0.118788386332202
0.800859120181607 0.99992511805425 0.280074174551267
0.00606151113006997 0.0030379255974583 0.495728075121081
0.558937660976943 0.341009247006676 0.0713716702747533
0.000613019373547605 0.000135472847692392 0.0839384183784428
0.000150529835810282 0.000458990687679158 0.0860548814373904
0.00039722879680231 0.000668281190991654 0.220182832617662
0.00655042694804816 0.0107415531645389 0.279813556645831
0.174175004107619 0.381365752978386 0.00427899068112293
0.14490125863189 0.722576252243501 5.05582431039938e-06
4.86908207172062e-15 7.55349297929534e-16 0.95874115462612
2.24127022206938e-15 8.02050664300037e-15 0.0656402617264485
1.47512777007427e-14 3.15569346168595e-14 0.0939938027781522
1.07803149285985e-29 2.21310535964232e-31 0.980815170127634
3.31403242166384e-29 3.04167453879497e-29 0.131847427247951
5.91869240563575e-29 1.2068230649459e-27 0.00162280571481219
0.656382889276901 0.902028658621704 0.18622082219705
0.609989289721214 0.768199085105834 0.549907544038462
0.956603788547584 0.959804676897615 0.810723932814066
0.34937048758962 0.269707257862159 0.923869633743707
0.439698937829881 0.650246803890553 0.390639297716533
0.905302820508551 0.552730032292043 0.126953930680891
0.567545570005876 0.485449682185606 0.949728666904671
0.251918306947939 0.163657766753919 0.838319100214785
0.485867427989887 0.416399862011127 0.946953428339867
0.711192702450499 0.783258353712844 0.154327677435174
0.183172868502004 0.668334764336091 0.0255925916047136
0.7219959649542 0.0746612240129403 0.00302622403666477
0.00627904400878815 0.0060959927598477 0.463948955399319
0.104426266806529 0.0586754776857265 0.901778390519433
0.000557787782110137 0.0134144232938614 0.00229476012927923
5.43455057187736e-06 0.000104901370204783 0.0107380838039384
4.72179978748143e-06 5.16214539470165e-06 0.232725687126689
0.000184975087278187 0.00101180931215425 0.0519516883797218
0.86346509250296 0.436332379026211 0.228449235969005
0.0391884875234832 0.915769821612785 1.23182749738289e-07
0.000736532764924389 0.660875352118275 1.10481541386144e-11
2.31067579452706e-08 2.86264570793478e-10 0.954171179396163
8.0804440304055e-19 1.47427039656645e-14 4.00409798891928e-07
1.2478355593513e-29 2.7856551069704e-19 5.401106762347e-20
3.37932504190155e-30 2.11299786003126e-37 0.953248039705435
3.50093755052952e-26 1.3174316941708e-24 0.000259065632662638
1.64705860876985e-29 4.13313135497158e-25 2.63753469446474e-07
0.31140933609845 0.294303578121534 0.848610976518511
0.305440453014311 0.414618925377822 0.499492238728352
0.766335312310737 0.655407265488051 0.10862960224142
0.661864845837245 0.612241116544218 0.975924704035352
0.502991565203401 0.243621595338597 0.402260441199056
0.817305124626291 0.856744650656177 0.876983397538187
0.102344012066581 0.21039657491907 0.22757282205724
0.433809673058887 0.332946779689212 0.842817393446588
0.4897010934065 0.614343689794278 0.587891506868583
0.695862398731505 0.557217075043739 0.77206763324391
0.188341032918801 0.333383611142551 0.319388670166272
0.0526325213259914 0.415782569310975 0.00829805284735494
0.0418866938845376 0.0145176903437158 0.774025448341516
0.016249643947214 0.0119143028543775 0.721314503124071
7.91286022256998e-08 6.65401764781775e-06 0.0022194709923241
1.15753825854268e-05 2.46380893490115e-05 0.152909422463759
2.70873624337505e-09 3.63762120735238e-08 0.025087469002338
5.27419033525978e-05 0.000231062720283733 0.101434518036381
0.351739759739163 0.555437462858365 0.357799324177721
0.0175470330203036 0.292335489127058 0.00145758810422423
0.000784948903686465 0.810158546450751 3.47990706522462e-16
3.25321282283655e-16 1.01368579701129e-21 0.359998293802455
6.86517416767441e-22 4.15548643913987e-19 0.000108945611253099
9.91986445594177e-39 2.52674923669627e-22 1.4031158855255e-21
4.1388478182056e-46 3.35992363956161e-57 0.862558210182524
7.49473475528971e-68 1.64237508146812e-69 8.11882038304645e-05
4.96389317329871e-77 1.42585989815024e-59 5.6302446774875e-23
0.749019698713113 0.879864591658188 0.77202219933073
0.856883906195487 0.91617897138502 0.882432115184489
0.787138809124175 0.691126171564695 0.985125006512345
0.82669699519262 0.443178521763032 0.707158964926421
0.604974350866059 0.61300743619486 0.263323709431542
0.713593938117839 0.386176354298223 0.214559442557335
0.0277983922247637 0.0552075738797405 0.198003953702773
0.430257467120447 0.273851127238245 0.915367665750641
0.148622184718001 0.116062581979888 0.566958378103464
0.998848656805248 0.891439959498373 0.907699852378282
0.0170959360334298 0.192604952410339 0.0382846672381036
4.37868941563843e-07 0.269057079356675 5.62232620304514e-09
0.0690268047414955 0.0103965972359653 0.779759428078625
1.60605517346382e-05 0.00119831875044779 0.00265806977701628
2.15592099443607e-11 3.81090909934731e-06 5.83336397978252e-07
0.0266134656031196 8.18309620595318e-06 0.419327642115434
2.22980712016104e-05 0.000884178895903384 0.00387918565038667
1.39343391831754e-11 9.42712471597946e-08 1.23655936523876e-05
0.898792720220859 0.640044834926812 0.569351280974033
4.31491345199125e-10 0.832192635596861 1.35868545056444e-17
3.95636618327049e-53 0.783674114677632 2.62390851099957e-94
2.65538533409651e-07 6.81773561895144e-17 0.936835822721237
1.29869321817576e-32 2.04356704432512e-13 3.22247217165856e-21
6.21395942687833e-67 4.99221597261055e-13 7.68318229907072e-65
7.80222937229017e-19 2.03066703058057e-50 0.524397836102789
1.01681998097268e-57 4.09797336468595e-59 1.75032843173177e-14
1.89576111624189e-100 1.66825593984321e-44 8.67875657247779e-62
0.985685597806498 0.976564740043879 0.955575312253032
0.71698207190907 0.720476881537662 0.942344151304645
0.466824056656531 0.327572496656122 0.265373697029226
0.569221559267321 0.4897131315328 0.587729922204126
0.029344753309642 0.123672699200974 0.00141830878127328
0.0170745830947348 0.0075056382098108 0.251395075572348
0.010181070798356 0.00738989591355727 0.853481487900148
0.0502933646846624 0.0452721552784452 0.978014837458462
0.372418681172885 0.381642338286855 0.846156230301333
0.180408034886887 0.0932685923181754 0.125943407451922
0.709233823167325 0.650892786526394 0.733283482220069
0.60447200791204 0.447170923143503 0.231619381379264
7.81758161482699e-09 1.14269971880608e-09 0.43569867661225
2.43456319584629e-05 3.20430958040711e-05 0.390775629135446
2.18494447032163e-08 5.8278071881168e-08 0.0682487199374474
4.94698859155415e-13 2.32052733235413e-13 0.693181842962977
2.02070106413085e-17 4.59150066447199e-17 0.127957118516213
2.98999081956667e-17 7.91432996163235e-17 0.140593873808792
0.738513381881921 0.85931906381562 0.395892686968622
0.00528972067623741 0.0673150104749289 1.83797652721671e-07
0.865553935452933 0.21015113991445 2.79910310496955e-12
3.04352716710446e-60 4.08065440497252e-65 0.247206322629085
5.87489220373787e-67 3.59086118882112e-66 0.00343669952264939
2.5850694355786e-60 2.84912451257737e-51 5.92283321104016e-17
3.96657034860143e-141 1.07895809621015e-144 0.0912760308059565
1.52423540319668e-149 2.36247237376824e-154 0.206744500131793
1.43702531404772e-136 2.44592253433213e-138 0.0133931580529334
0.301858482081727 0.308440088165616 0.747442712786855
0.684865940925851 0.344336984595296 0.311681862257755
0.166516849139927 0.380374747452916 0.142500057190001
0.96387230815706 0.55227019928105 0.25254122824174
1.40144627348973e-05 7.56399858542661e-06 0.335408192492109
0.563479031516238 0.331890985636511 0.498049943602963
0.188032256241723 0.217673632932091 0.586548850067153
0.416790727922169 0.546985628889324 0.509778464831834
0.00646239296475044 0.00342954649400733 0.735697065251958
0.366755370921669 0.310931021218755 0.979226536713138
0.139063059010337 0.701463038625273 0.0065338267930666
0.202248676862166 0.615826670554032 1.48916611837521e-05
0.0240974873334549 0.00381879967759594 0.464842078846163
0.000548358554046827 0.00939746487286049 0.00608888604132941
1.1108949182341e-05 0.00397669053353545 9.44135307958251e-06
1.19875025335119e-17 2.41298352901037e-22 0.976274428670339
2.95016253307658e-21 3.49865615344712e-22 0.0193932205994338
8.63546096856559e-25 6.99554276560407e-22 1.48187308659596e-05
0.77271993685129 0.479502674872471 0.408994573955074
0.00495303236724099 0.0902387006325296 1.29566761317391e-24
5.33772397561892e-19 0.261988279526793 2.70748599905414e-77
3.18496520281801e-45 1.08443930031381e-58 0.958565864998811
2.50642474252285e-63 7.24074955929049e-57 5.99675703211561e-12
2.7488341355792e-78 2.52514461194226e-43 1.67138190730671e-58
4.37930703512267e-111 5.54428405529488e-140 0.381045179658971
9.50096822086464e-149 3.05517286901766e-147 6.55045766841852e-15
1.56176121553748e-166 9.32151777828723e-145 8.93595055005897e-35
0.403584441578627 0.378617832151316 0.907590696200266
0.71279946452012 0.311609811359305 0.220185204389406
0.915360981703343 0.537639201231793 0.138564734244742
0.291900637855538 0.0748043304713431 0.224654578217397
0.221218727102462 0.0325817888196677 0.12215028577436
0.352033295291213 0.889727329409652 0.0168177317896634
0.8333281726577 0.711226587884447 0.78328748830945
0.177441772337353 0.0531695637865004 0.390559324262704
0.329551066839904 0.473395245171875 0.452315741024283
0.090462385697822 0.287550460411196 0.09333294529922
0.793043849744321 0.399036261914824 0.291758934899402
0.000276040121086285 0.0159563066963671 0.000602369487694595
4.2198447603559e-05 3.35825954856372e-06 0.929309487012195
9.62153066993772e-07 8.78769841609281e-07 0.243442643463796
1.51644289483594e-07 3.89560144010262e-06 0.0127773527977928
5.4062024925738e-07 5.85050878596328e-09 0.699801873050605
3.77680912079222e-05 0.000149975504874345 0.092329013132583
6.3958789720804e-11 1.3020113161941e-09 0.00970237413688294
0.531229614751035 0.46021388154361 0.93846577387386
9.14918863920092e-06 0.256388905956411 9.3383383921117e-15
3.40569334223216e-07 0.73786429974767 4.89223557597024e-33
9.73023328993265e-28 9.81154415313781e-36 0.624677942064522
5.97877897617741e-47 3.24515888583124e-34 3.71294012032697e-16
2.4914854825188e-63 4.06443137626161e-34 6.43591928931673e-44
4.3941177483021e-90 3.4570598678101e-112 0.694195955075268
1.03032618474412e-121 4.62691113498256e-121 5.21292249068725e-10
4.61330178210971e-130 2.9314493412054e-109 1.04107648236509e-23
0.530770086526789 0.61991827794627 0.681334553284193
0.0242966905595504 0.105550167059505 0.102814594956347
0.236772162752738 0.404719296663305 0.390032573758886
0.320361931763465 0.789645793081273 0.275174340740776
0.0160676061863791 0.366865097616226 0.015854647908607
0.420648801706627 0.870291302286006 0.228464211349328
0.000309733766524955 3.98272197258164e-06 0.437419173897592
0.389484286734583 0.147035997974919 0.934624739759334
0.000313543172758103 0.00118087322983343 0.04465747324682
0.232360908789856 0.443355758946402 0.352085608549803
0.449452535628518 0.0480215170330016 0.00660505250585485
4.48434754419644e-05 0.836629856425649 1.07815796836247e-08
0.0213865366465808 6.09578147255056e-06 0.420671993631829
1.63315922446148e-07 0.000632176297833844 5.23120775339071e-05
2.94132436098599e-11 0.000634044405726165 2.75308697702337e-09
0.00201899108174581 1.01962606118313e-09 0.25808155487877
4.6866593151101e-08 3.08480494850387e-07 0.0042965619450266
1.70797700152482e-18 5.29004137562923e-10 2.38956190457983e-10
0.0767521878930842 0.0399800787363261 0.550392484253493
2.86576956594628e-21 0.64007764623719 1.49039134881775e-39
7.88231973105889e-76 0.762695737952907 2.05046674194121e-140
8.50604976909008e-15 1.35014426355796e-29 0.48365004459296
4.36133944065383e-75 2.40398345670703e-26 7.07501280538029e-53
2.83572971245372e-121 2.06697262036998e-26 1.57508255449292e-111
1.74609069876616e-58 4.69496519034269e-127 0.239565159795883
1.2220262115232e-107 4.78386615457203e-99 4.28539931123965e-32
1.30881263585421e-201 2.62112935106554e-90 9.00289591290796e-121
0.0520618964484185 0.0945137747664386 0.112562044794965
0.755075647448149 0.960120790105842 0.189198324346769
0.351805680134637 0.387521813577977 0.654429679589444
0.361583476629583 0.312381797102608 0.713749832337336
0.0320675183605143 0.0491152382656539 0.243925603947333
0.131080739866557 0.228967673129854 0.104192985767199
0.0133705673400035 0.00967788256626334 0.82155837420506
0.044181823763553 0.0250673887105462 0.380706863984261
0.341170190869979 0.315252838921644 0.887214493092547
0.0691118553364471 0.0663688359271795 0.882473217812485
0.843143199426163 0.627263945080898 0.000817489292942633
0.38189156919459 0.53985680609478 0.132870019706741
7.77525637775455e-13 2.32460455390162e-12 0.0735829701833356
1.22977451644744e-17 1.0641615367197e-16 0.0173609564384479
8.36116585063424e-15 9.10065262961755e-14 0.00834810322715587
1.55252730015219e-31 3.84651832770612e-35 0.0812299646792153
1.14299185338159e-32 5.28906775049955e-31 0.00205281780645562
1.98520823980385e-29 3.7340491581277e-29 0.0875137082659338
0.0790933622557578 0.0500144725240262 0.446281470002678
0.508484857854814 0.0164071070363788 1.08083166465925e-17
0.014493088376851 0.753408341991748 3.97750827162699e-29
3.33271976343661e-117 2.02029619670626e-122 0.645862171778685
3.90102582489205e-142 7.94901435381688e-138 5.270342665183e-08
2.25366514855729e-124 2.20820818647169e-112 2.30865183749882e-24
4.34815678936894e-293 2.76965551431878e-307 0.508943292641344
4.46327122660768e-262 1.30058810181775e-263 3.50292597099186e-05
2.08235840699914e-290 3.75469196142917e-279 3.38768810697854e-18
0.219815971098076 0.331460500999326 0.398695347719322
0.267480569282156 0.392359684073882 0.415989613787807
0.220069694663572 0.561906869043131 0.0873218890916596
0.128369242411369 0.0112504912578318 0.0957299361224297
0.0420524406891755 0.117326977195136 0.124117874751389
0.817513303537627 0.95523327581458 0.5138540790747
0.0156396361653334 0.00907968173393209 0.778811256033615
0.00203448512478832 0.00685231298193361 0.105146642244114
0.000461968778721148 0.0011855563837723 0.129654698244359
0.693578187402017 0.665935483896802 0.976506749496816
0.971720399741344 0.138373006713091 0.00249963064081346
0.16860377113882 0.420190974917908 1.09047681152821e-06
3.14155998912754e-05 1.75356054325324e-06 0.919321512627346
3.18547072162639e-16 9.72182054470644e-13 1.73657255030406e-05
7.17865325761968e-18 3.07183272861672e-10 1.66182269678813e-12
8.80971678379252e-21 6.00651997020867e-28 0.380387560043815
1.30320211351383e-24 9.04682807455092e-26 0.0165470645716504
1.36360004928372e-31 7.16366927923551e-25 1.23265371692279e-09
0.731811220422795 0.875934830621474 0.63427620440932
1.04974948463151e-08 0.693737475876665 3.43822648068347e-49
1.83181533885421e-33 0.0581360674122326 2.98282029670332e-141
2.38256856220758e-109 8.75141128800572e-139 0.500828241020222
5.78231358499673e-150 5.89672064541516e-119 1.90650509731862e-42
6.28431236944944e-195 1.79029470328957e-117 8.03261917036433e-119
1.26249192992334e-212 2.92264119237788e-276 0.99668190287065
1.9177894369605e-297 7.28786550126503e-301 6.90778414941492e-26
2.37151510003798e-322 3.7068312350317e-270 9.16660607838118e-75
