TOT AFR EUR
0.836968219795612 0.415074279983381 0.263109587614495
0.780963092132762 0.465533033852159 0.372779228454525
0.39555421235901 0.194796591155132 0.513369709571493
0.296951125759174 0.284389054103085 0.821894770619307
0.992227669648691 0.626931427634752 0.32182774688304
0.443145451052518 0.539524727741169 0.625649186043006
0.677837700122361 0.615767643583259 0.0517065573736754
0.253771112572137 0.360970687615358 0.441130359543223
0.681214117814485 0.986349364103259 0.397259911649879
0.58904625757459 0.987089582981626 0.216664394548293
0.30498152624934 0.614308932017099 0.216068129992593
0.0204773265133244 0.00697270541239555 0.836007544054708
0.67512836864581 0.405816003476732 0.44622275543771
0.964241609989889 0.428997890071066 0.157896310354218
0.309236214067309 0.66455171526724 0.171604317650213
0.0561226233275715 0.0017569524966354 0.0533044269199396
0.0322221910588443 0.0699856831356178 0.298444701933991
9.19553626428193e-05 1.75535529662516e-05 0.861319258145556
0.636128924201822 0.731313155730632 0.698579358565221
0.668941638422012 0.731537178175442 0.0838880730972824
0.0263644982583746 0.946989490336194 3.77982807960674e-07
3.23751865296868e-05 3.89115250393099e-06 0.938911728740419
8.96816715538573e-06 0.000127734558963823 0.0197754590222207
0.000224266912625719 0.0833459673403168 5.6273128722011e-06
3.14971864908314e-11 1.65001044274382e-12 0.374544732727757
5.11588970911544e-12 1.05938530873221e-12 0.228657102228128
9.8508087371223e-14 1.67759588524458e-11 0.000995314857901515
0.830284548846324 0.70540875120896 0.967037110248171
0.970682020578757 0.482215499316525 0.521806627284503
0.369421213650255 0.89644661649063 0.183053870487133
0.684254188645332 0.849581290313535 0.475290085886834
0.595338953359527 0.570885315683899 0.831685559738634
0.345123264269753 0.284233012057541 0.733548024172402
0.980998825917816 0.231300617764385 0.291038737751574
0.0431538819590607 0.00259222567381584 0.929047753516969
0.285897373795023 0.861525675085507 0.115891683553818
0.00463005605883769 0.00887071363856194 0.111621963300637
0.490234826597082 0.880023351404033 0.427831661643649
0.0212726034587462 0.690066505074209 0.000669061120722752
0.481180984196133 0.31351389255147 0.97437794255
0.16725728135011 0.345053906811846 0.321693497502182
0.135835317112444 0.131028390257404 0.49704053150649
0.321181607480981 0.0524232778623188 0.736065859377441
0.368599232816884 0.0761778465041843 0.752971413332459
0.0106368372088103 0.00844406244478492 0.266932020824931
0.00284271402922257 0.499263122066895 0.000912153529070684
0.0168350201159013 0.799963441995229 0.0021873000140667
7.27496054788576e-11 0.800069705809992 1.81756219405308e-16
0.2200223052203 4.90088935642306e-05 0.0630592324477844
1.20923784638476e-08 5.39106914804171e-06 0.000249765585160975
2.19110070962684e-10 0.0085669738833819 1.05248919681153e-09
0.0334661870769087 4.78397958163781e-11 0.00250984663124681
2.41651679297504e-17 4.67102759989397e-14 6.36527900536679e-07
2.20272905636444e-15 8.60478686061556e-07 1.2322547325367e-10
0.111706449847514 0.0832055013139549 0.612306151458384
0.917717791232948 0.880054639546334 0.730018235072873
0.51365911058252 0.693996247976713 0.223556186893749
0.290201722943062 0.321576277166458 0.642955542779093
0.393122705620702 0.305445604616367 0.22000081520278
0.417518390074123 0.507849355502822 0.292691769643454
0.05141458917647 0.0963561665346515 0.0458312485425596
0.792409027236462 0.746990256099079 0.776045323119983
0.408022810043881 0.529219792584768 0.305196150600578
0.357677612516558 0.201808761069943 0.0564674791088435
0.253044165866159 0.121309767409157 0.0770003747087101
0.835600862675278 0.607618478587176 0.110005113517778
0.391659242293547 0.267071675888123 0.190241165188213
0.000687530767261504 0.000944524685740349 0.359427826832657
0.0213588523832004 0.024556479487805 0.532606642756837
0.000393760690488028 0.000142506775656181 0.476465928653951
0.000253324854365552 0.00044569701734917 0.235899633649003
1.78005742427977e-05 2.63101223959089e-06 0.256394512459505
0.244124952268436 0.297659878830816 0.469062137205273
0.798840207478015 0.484761381018034 0.0328407714119248
0.258765153557506 0.808194922034257 3.11264795574209e-06
3.70826832943131e-10 9.49365192989326e-11 0.78060494662298
1.53610595670804e-09 1.79605133654671e-09 0.352549069884354
8.47969670806562e-20 1.59696112334949e-17 0.00026268170421505
1.54031262185725e-28 1.93906162959924e-31 0.102246748165349
1.82045589607815e-36 2.56673666143454e-36 0.0501238200149954
4.54054777807088e-32 1.45010783464949e-30 0.0101071438932131
0.0461485207332693 0.0858006964752927 0.253015975095143
0.399001540159395 0.461349477688976 0.660957506916242
0.777136976115393 0.947340479102849 0.53970840342444
0.86603409225544 0.770071009274059 0.830279609831901
0.0462029728782368 0.0370409345362333 0.696323110711637
0.360378487770761 0.637684298293143 0.254565534772504
0.307055276758506 0.244996564290037 0.990574231122367
0.731192252714513 0.597753236118251 0.0465865614330361
0.615114984108668 0.493350803366328 0.804273162918507
0.152284015414618 0.171444121681862 0.567683880324782
0.778573619282729 0.886453452192074 0.319449882226038
0.00895271283741193 0.585076213088731 5.89369990400651e-07
0.444883274585063 0.57631995705911 0.482482762357397
0.0213678452093044 0.0342694454881568 0.300314629786869
0.00853331526791237 0.182298261500369 0.000659473614920684
0.000324403472538624 0.000154922584728757 0.526431200285619
0.00594490070984505 0.000971312384386269 0.692701477329418
0.0371596774491832 0.0437054770170768 0.474609660894641
0.454499501962304 0.421679966889348 0.927598202229268
0.39476403880603 0.394084760503139 3.87486641019608e-05
0.0286285996598318 0.0464354198204777 3.82124845717395e-21
2.67913467677587e-09 1.70026676337517e-12 0.518327560272657
2.14474497241625e-16 1.98598489871329e-13 1.98512005451115e-05
4.50243438594076e-17 4.12549326359868e-11 1.92358594080428e-10
4.16895635498268e-32 1.84633123787135e-37 0.155208784652206
4.43205800543445e-32 4.2806618881693e-34 0.00308955838232089
5.58686355501927e-42 6.35218898661665e-36 2.45373770685345e-10
0.640438193562349 0.552945575699628 0.871618608852306
0.949430488423414 0.404392902485486 0.121558320873512
0.417634398944492 0.795207949508242 0.19758410702536
0.679479282734207 0.973155317812108 0.307795244274126
0.973694924787121 0.894296430006496 0.844154996091744
0.654089507203433 0.40442229879216 0.506060224947005
0.56833124987022 0.0967647960186304 0.042645774663934
0.349817960753276 0.497489765456011 0.461465935465377
0.866786286995196 0.980917543606953 0.739530058462684
0.413458329114537 0.390652431837844 0.90435704146792
0.649047240040851 0.547001547287209 0.845880885408527
0.662157193740146 0.894054000996918 0.455877172460658
0.00166586693683183 7.49415548056567e-05 0.393653128941191
0.0146233886793911 0.106249571321272 0.0179159794821493
0.0369018303796883 0.269255250932595 0.0139200288973595
0.00734170043318706 0.000535267988001687 0.3864800068169
1.26212324888237e-07 8.3966216931907e-06 0.00203448721483086
9.24536207752648e-05 0.00253490584210045 0.00603877593501154
0.334128708577169 0.174736055752066 0.599927976339203
0.115832949006378 0.889607816202798 0.000793705667709151
0.00252906521074744 0.110302105470627 2.72290677196536e-22
1.80213577467628e-10 7.63622057789478e-13 0.970959795970514
2.43871620145424e-28 8.85742876838095e-22 1.04670124764554e-08
7.29988515104366e-39 1.90609566117274e-28 9.95260003635982e-13
1.93691675588155e-44 5.87025681035999e-55 0.681067827991299
1.6532251342123e-52 1.58583240890664e-54 0.00106447871279335
3.8482233474497e-55 1.80211835625824e-42 4.47302111576172e-15
0.339461177631226 0.37787593611351 0.605465933085654
0.168094442223445 0.919304806375409 0.076353218168372
0.0811908735271347 0.522228293566762 0.0757552044348457
0.725204701859945 0.627898801842643 0.376468212414792
0.600613461382385 0.628111123775926 0.777953203169949
0.215248423902789 0.105083181507246 0.823537859981088
0.849339931538696 0.785130853131762 0.622824464609151
0.61017907050952 0.778394333526298 0.659140244498271
6.26158713286636e-05 0.0259655998403435 0.000465172000025063
0.515776717984539 0.625231575829944 0.657484284951089
0.000377365538243746 0.922110315884261 1.49614651738495e-06
2.51942705434979e-05 0.864658562133 8.46068861178091e-09
0.184172701736362 0.0108317034504572 0.676724432848557
0.00254080984081032 0.0186859008569841 0.0416483101504094
1.90767171643587e-06 0.0438456353396127 3.40200717311688e-06
0.0341423330965835 0.00115121524162726 0.937333414794806
1.60744029089582e-05 0.000155126877526934 0.0134075549860247
1.93627955797547e-10 1.48134824618616e-05 1.56932542817575e-06
0.58777909402402 0.990498780295678 0.47730260419713
9.31265641324369e-09 0.799566596556086 2.70625151289701e-15
3.00018915957277e-44 0.907109460421205 1.97704740770275e-76
2.01418171159594e-07 1.01101418331985e-17 0.611366472266269
1.84145402950047e-40 1.71164525080181e-19 3.85196195741253e-24
2.18316024651344e-62 1.87897898348742e-09 1.19153835573228e-65
1.55392470671188e-29 6.36038345291645e-69 0.709208334347612
1.86720041853706e-62 3.74805951227544e-54 6.19114432529931e-20
1.62946522207204e-116 3.98588811370199e-47 2.771111890153e-75
0.627054871422521 0.647777482517758 0.831110034805007
0.78380479896123 0.419271676475404 0.0086733613383264
0.516517030822984 0.804850051982952 0.0336863787556651
0.716177517661694 0.484112622548865 0.112734034928067
0.514266441868655 0.680874382382183 0.175075292838873
0.097884266491476 0.0666672451058766 0.519805711195698
0.432233979421299 0.400247285951491 0.859072009921819
0.513719170324053 0.566020639109323 0.63268124610829
0.0401189298537786 0.0256855392399788 0.523379278933878
0.0570235413852794 0.0517020537339171 0.988220010311802
0.26199481100458 0.34481897491257 0.329915342612318
0.0127770043153222 0.0564688127627279 0.000435459692774317
0.000714931536041231 0.000271095523666181 0.43633146175109
2.3764224443476e-05 2.88606839077729e-05 0.461965416098744
1.6961366795124e-11 5.67507878480262e-11 0.0747493451354702
6.06201464142564e-23 1.38050381053697e-23 0.69124857679787
1.19662302733388e-24 3.21400893715863e-25 0.449451703358133
3.49090833897411e-15 6.52532248983214e-15 0.162929160443337
0.217593002645176 0.218915795811025 0.859302306615593
0.34136860819782 0.9749663121692 6.33133043755187e-07
3.5505557636427e-06 0.00108619834979688 1.2699474933203e-16
5.97954114316985e-68 7.01539904476137e-70 0.406124999797852
1.48488840236194e-69 8.71090451623124e-67 7.96455503374513e-05
1.32260875003525e-76 3.16766779453451e-67 2.10710954548918e-16
5.38644208639989e-141 6.12655100136272e-150 0.752124640917636
9.89838875597742e-143 5.87856150316579e-141 0.000116516474372609
2.24073825462664e-148 1.40717652808675e-146 3.98574579958687e-06
0.763135522771292 0.733324893874282 0.99540446070088
0.447188960924644 0.467669817489467 0.76123832483984
0.236485439866186 0.343735816278372 0.405691757519326
0.390583258734571 0.731215644696469 0.183375842494782
0.795630203929755 0.378035836296346 0.24847856372374
0.000405151997518326 0.00296647520193848 0.0347480138651891
0.558168169546881 0.515567634696838 0.971662344718005
0.659984855548352 0.692071157158565 0.831289268025478
0.158781560320162 0.359000309081636 0.168927782657653
0.186487029236789 0.224325321922025 0.561487475173533
0.168045071232971 0.889779336607631 0.00437480124029036
0.0512614118100703 0.986990819661367 6.35072474964992e-06
1.40071118302623e-05 1.36250543255402e-07 0.482004976938014
6.46693063781824e-07 3.86343745460492e-05 0.00162755813666492
1.68983404386798e-06 9.88209184391686e-05 0.00164257093867484
8.21307337996941e-10 1.64948312135728e-14 0.153576828227629
3.29442364834997e-18 1.52928377656378e-18 0.0210745683513107
2.52045353279449e-15 5.37863491565098e-11 5.60041231975896e-07
0.357407900971273 0.907694872233761 0.0485441832751572
0.0007361891771044 0.168957989593094 3.91213050802948e-27
2.73804564681465e-12 0.902952745802636 1.56596801183375e-68
1.64160140933059e-45 7.62875851395144e-59 0.845153080574906
6.87947985868373e-67 2.73798786880528e-51 5.50818471385302e-22
2.78602604677141e-88 9.06561867047072e-50 5.42757311819714e-62
1.66209815789213e-114 6.23201362073285e-152 0.333878542281279
7.02155415278154e-123 1.33864138240193e-130 2.58086896537298e-07
2.60775550955359e-141 5.10872127114531e-118 1.62579776741041e-33
0.527102425479057 0.337212986349066 0.605493572358623
0.812298502024605 0.78912080459116 0.28566912800013
0.468621470848171 0.849433583743983 0.0508763900544721
0.93271445795048 0.932177957823324 0.984185305353969
0.704439259231635 0.590011033889466 0.812298526839631
0.820413587715435 0.704407170766473 0.799876789020333
0.173447282241813 0.0857433580803999 0.71276930305148
0.229064123071385 0.063061305327573 0.307225694728478
0.167418433344559 0.100878278166347 0.860294593766117
0.528197541595949 0.561956383819674 0.796772576352766
0.375040864949713 0.110211070063627 0.215319099280218
0.0654048512490006 0.879458740020233 0.000161135071044893
2.5099102725563e-05 5.90588003995348e-05 0.14248099772154
0.00461618790311687 0.0577375473132096 0.00864021420875427
0.00239782969489912 0.0150941470738436 0.0488560711090634
4.44645448516748e-15 1.64988794567178e-16 0.25616296459329
1.92438467806251e-12 8.52649154555434e-15 0.80011170671338
5.3572165026962e-06 6.96555086046418e-05 0.0220036523752404
0.320725211637737 0.711500986908753 0.138686080725193
0.000300844784567718 0.548483812893492 1.50420973140286e-12
9.39306213278784e-08 0.953938229502516 1.38245556910066e-33
5.33738799691679e-26 1.59345100683457e-34 0.38847076555335
2.2714476382258e-44 1.12095613495412e-37 4.85241495493402e-09
1.12427426990337e-54 2.48038346512247e-31 5.68403606686978e-34
2.35802413886951e-94 3.92496514040868e-115 0.477445281320971
7.96235795076174e-112 1.81506837540947e-106 2.059828899057e-12
1.84520342436991e-142 1.77766677301227e-115 9.15317338756807e-31
0.461120819145024 0.164901465969075 0.832795359609379
0.974002691993631 0.459822104420661 0.557182957336885
0.739817496551736 0.293882311570382 0.177537651991796
0.112280106929824 0.0465909981028158 0.666248713875367
0.139403566034072 0.212135157563368 0.361913985524988
0.000457154216105718 0.11797475753994 0.000797681685909978
0.424679415970857 0.153122331657415 0.884455276141568
0.16645990158432 0.944890897675188 0.0738206947284055
0.0950013227290667 0.266502008852788 0.200363437562167
0.892824925294013 0.879724195773874 0.960615597462527
0.00150298783553316 0.914350310282191 3.81789880652557e-05
2.05241546523739e-07 0.845419053674909 9.32586959775675e-12
0.0804111938552929 0.0323029060607031 0.604014732287604
1.40397352138439e-06 0.00137124536781831 0.000230792065395192
2.4016987682897e-13 0.0014639251279479 1.13525852783075e-12
1.98656754577609e-07 1.98103647894162e-09 0.0866445746050885
6.12935112160951e-12 4.33870704639076e-11 0.000401045968874613
3.31923189052241e-22 1.36334033321198e-15 1.0640327371469e-09
0.0606471403822975 0.0692089527738247 0.340059908975427
2.87552438176389e-27 0.399619840292808 2.31721920291563e-43
2.24533209466031e-87 0.36952653199848 2.21750605677372e-148
4.14785377791503e-13 1.24339999961306e-30 0.931237782260117
2.74625479801819e-70 2.65647895583353e-33 1.58849620954163e-41
2.03153162608373e-136 1.60544063582291e-33 5.90916750066289e-119
1.00363443178502e-38 2.7113997804438e-100 0.413092582342357
1.90526331800142e-95 3.15369925078647e-79 1.03079515655282e-31
8.65595745272839e-199 1.05132647657596e-88 1.04847846692986e-123
0.918162371120049 0.932128410876528 0.318951257197828
0.598447504271529 0.486810370973667 0.439900016520164
0.893572065540796 0.598501471600949 0.0712390187288587
0.370251169621491 0.242507708296475 0.176392199426947
0.726598939480479 0.846814122685231 0.403586607410853
0.0313346658747481 0.0331883998412071 0.709782506934368
0.00276666099858463 0.00163197418572221 0.675875727781581
0.000869966181948226 0.000623205793017202 0.947288237368169
0.0380225547241531 0.0306134114166507 0.85827596618969
0.609860616726899 0.809043328964811 0.145780012080163
0.415173419108689 0.182988279269523 0.0150146624591455
0.297736362680863 0.457365433993665 0.122615599604049
2.28991654106507e-08 3.18866218141108e-08 0.308956448583789
1.71895994427226e-11 2.1619235612111e-10 0.00418215757140414
2.84164023342038e-17 2.65209453611705e-14 2.5350766696386e-07
3.54897619127213e-27 2.37149145789519e-28 0.830572172140284
7.68787718671417e-29 7.59495952625626e-29 0.163588364399644
2.5347173710121e-44 2.4703513232934e-42 0.000554420295270003
0.0222906090978797 0.034195735189804 0.281203111028453
0.0483862079451061 0.360257411741969 8.51572020550286e-08
0.0172108676475266 0.853206775348795 8.61773550327484e-35
3.5312474370027e-127 5.56212013031905e-130 0.0829705182783068
2.61564280498378e-132 7.08524764122244e-125 1.75105676725549e-11
9.12595685300314e-161 4.81312273986238e-143 3.88630734460844e-31
1.37074649980173e-286 1.1140514130957e-299 0.468541549911486
2.25025171658983e-301 5.62693130719706e-302 2.18157933917285e-06
1.39725029319847e-275 3.30982620341003e-267 1.01211261855684e-14
0.25071570851202 0.195340844775304 0.991865960714367
0.795621828657289 0.92677062981879 0.41725445980294
0.0538704869564267 0.255803195793732 0.0314927688355518
0.142560811909442 0.0799123664300423 0.84663806122958
0.00267121528431284 0.00171732336067756 0.581758501082629
0.46081103171245 0.74527660079908 0.28084394260195
0.00457426640179656 0.0169055485698986 0.0867713814992717
0.0272281586692916 0.0127232060771287 0.975009144354884
0.067975045321168 0.164081842199922 0.165674179701621
0.504369803732467 0.352636569944256 0.706148910663018
0.138129608568729 0.787607247808195 0.00400889546917241
0.0188689804871016 0.525854257753646 8.75559386866265e-13
3.71883331131562e-06 1.78117911715385e-09 0.109618733020455
1.28760156202113e-10 2.53090681573755e-08 0.000269132971214002
1.90413169762493e-19 1.55365694859442e-11 1.31637681498022e-13
2.1729892278904e-30 4.11032972577457e-37 0.666466206708367
3.84888263674398e-31 1.15328443709818e-32 0.0117024621325018
1.6515721626023e-24 2.79527385709779e-20 7.34977224216359e-07
0.857787344201405 0.64879884707082 0.592923764830452
1.01220087669476e-07 0.64772419508239 2.6405178585825e-40
1.43439999941106e-27 0.499613823369468 6.58485676131997e-133
2.29151081290694e-111 5.02425682673432e-137 0.165239877814579
2.39761780688172e-152 2.05059251485691e-129 4.33203039863586e-34
5.73478994625554e-171 3.6445335496802e-97 1.00851654299671e-118
6.19974057501173e-204 2.35077703278537e-260 0.46143730325798
6.14840057820171e-274 4.13876157942818e-268 2.53835520743902e-29
4.61510512064246e-309 2.0579784952508e-259 8.85320688985353e-72
