TOT AFR EUR
0.0434372918513865 0.0229491208044 0.990432836206315
0.825665033794938 0.172026941784151 0.0237176645379702
0.782048357072267 0.66125307395497 0.814192450307444
0.246289652113447 0.337907708877179 0.480244987120638
0.610653926936303 0.297190618453715 0.37051262802339
0.30426454415881 0.406860982081782 0.497822342754199
0.454445903308106 0.179885767219552 0.268448345900424
0.907265349697193 0.711479971728567 0.35800873166996
0.363030587762987 0.873637688849771 0.0127012608320575
0.0798133306846292 0.0607404246721523 0.870895096153906
0.194726661513635 0.466784708131698 0.17979232484374
0.506901255145648 0.697478844067525 0.447847630270295
0.766903377790154 0.381602246560193 0.272315861276452
0.215323938819104 0.231936833922811 0.701994246209511
0.0958549416630845 0.351485528744031 0.0906111796873997
0.500183699035733 0.384003301527086 0.832958742630378
0.0568030052109559 0.163637910030953 0.120017440629349
0.576015024797224 0.487233827904681 0.893240237565065
0.571447588148063 0.998830047647921 0.166958582066051
0.173584694071483 0.301070105472686 0.278623865565108
0.075618337905856 0.541329070941527 8.16267035613298e-07
0.0256433653466444 0.00280506665133607 0.398418106953036
0.000471144944855657 0.000550869027739436 0.305800616225971
2.91661552059578e-09 2.37808816118063e-05 7.79666433720401e-07
3.47733474806774e-10 3.33560324251665e-12 0.80159105763918
8.32149782508735e-14 1.82813371250748e-12 0.00783941090692948
1.88769442953267e-14 1.03948703093145e-10 9.44577389982857e-06
0.500665652090235 0.473902431038336 0.787517856201796
0.424865086809218 0.505329921423382 0.628743690836188
0.755828293433156 0.849173726947168 0.802713175651105
0.947378130025585 0.366408695387756 0.487083122785978
0.0426851909421348 0.378360296641915 0.0505807924517536
0.474863836552081 0.626707961629943 0.591964249955895
0.569360395467259 0.332623736236351 0.968943957949059
0.694730946874872 0.868393266167209 0.707431071833372
0.0317966625386255 0.108331833500765 0.145219447190899
0.70020864005766 0.284411413911537 0.682858710185433
0.0732839751386517 0.643858243237026 0.0461313304759299
0.716740372301728 0.681124045300536 0.888501546282329
0.910410896475745 0.489603840789834 0.665385720750469
0.342890015916436 0.732519570310976 0.126787375909656
8.27525911013088e-05 0.071909571573305 0.000212835656794687
0.00698101717515522 5.12622732566853e-05 0.89684017203474
0.0382000715117242 0.00872869084894271 0.616194612285703
0.0116608176845884 0.166911890892941 0.0242223200386309
0.141233529296106 0.362906566356451 0.225048048484624
8.01385056373472e-05 0.476579015793284 2.7426362526967e-06
1.41251831440356e-10 0.748633597744117 2.37858749402074e-16
0.00291366011380721 2.01442118384985e-05 0.867424735019973
1.4549409753962e-05 0.0025190889841249 0.00196588299099915
2.22889101435621e-17 0.000161285002306743 3.90109652231568e-16
0.00135024793313247 9.41848678211809e-08 0.563031646336021
1.93212270819004e-14 1.26748073674106e-11 1.64628854316433e-05
1.09837300912895e-19 9.14116455944601e-12 2.46675977925713e-10
0.949256573868652 0.976178458168591 0.884032340778851
0.466013163797041 0.413765952913394 0.638111394276048
0.815636463462131 0.511411428037738 0.0777020943669103
0.503142460628151 0.612270594466827 0.268302273575198
0.965116095836941 0.77982489738425 0.218251387534391
0.840477062005942 0.849513565627288 0.947206961610161
0.185249700647762 0.0991253576422057 0.139325943097268
0.412383782043961 0.46264356069327 0.610805152468092
0.172159176190062 0.0875571125548071 0.249266096128803
0.808042006841698 0.593287173208709 0.195937102712057
0.778473502489289 0.785057617879166 0.925391829583456
0.194755152168984 0.366279204091663 0.0709553003043419
0.181891115675751 0.083673699138874 0.0936521633631768
0.149399135822666 0.108341149689643 0.653281890803813
0.316849001029975 0.472926120599367 0.116868190409067
3.61704139923125e-06 2.82725208807061e-06 0.773315036527697
3.96546789185099e-06 2.13291565225145e-05 0.0244900962957696
0.000291304617918945 0.000133588634984516 0.713548118583062
0.936566978583599 0.847832599012527 0.251328157750954
0.0463090041210882 0.040676607605699 0.98570687098829
0.110996839106836 0.352954444446302 0.00113448753381651
4.06038571152695e-10 3.61298281459142e-10 0.432176961869443
1.80400931800709e-14 1.81971480412556e-14 0.317570984067335
5.63822869870522e-15 6.7249450424575e-13 1.78332028446903e-05
8.08218516475327e-22 2.07853160718238e-24 0.141025415976484
1.96250492213056e-26 1.51378142468909e-27 0.747367120856008
1.04841969052972e-32 1.37876776403653e-31 0.00070057068323546
0.381272706367377 0.859174698376321 0.0924607040099175
0.957367560752203 0.859989767424029 0.788872298725625
0.146952648977047 0.17108270429745 0.521763477197868
0.14950751819251 0.0671553092544397 0.699364591513493
0.118894634598277 0.0913430418826075 0.864173473123886
0.00290695995844178 0.0114372507046124 0.0766160337964675
0.893975359337126 0.684762958432356 0.617065115475657
0.250229187114521 0.245895141082694 0.755633482281932
0.0996341574621505 0.0086804314090501 0.162557900556423
0.521858107880652 0.758492083924238 0.383616356485596
0.815172311322683 0.206851352327717 0.0372768663384341
0.681951588259337 0.356025478682339 0.312188602299544
0.22944908903329 0.0757959272857133 0.32934463830045
0.354075118738312 0.75409832865839 0.118851949145217
5.09606000048307e-05 0.000512592066388236 0.0159490353140237
0.000216103174971268 0.000134440037504932 0.412489916336345
4.21953362356747e-06 1.73967990760635e-06 0.355558357202046
1.90291600862627e-09 2.34029500325097e-10 0.278340799677507
0.345263532237049 0.356178560181495 0.764593147191075
0.00213472993651606 0.303465092168535 4.61618470814057e-07
3.18888050151059e-05 0.538571861076409 2.87467077334179e-20
1.72131765788426e-11 7.10591186074108e-14 0.607083883078672
2.57537330803603e-21 1.23483223368754e-17 1.44086176355165e-07
1.82621121132533e-15 7.51795171399126e-08 3.29403921163959e-15
6.03079608528962e-27 2.03884023832614e-40 0.0343618552616426
4.80492944966055e-35 1.11629356067682e-34 0.000366717055992968
1.48390759548386e-31 5.85615384782905e-26 1.08389150417629e-09
0.277429452088329 0.190476025715169 0.864666848031137
0.489231253711421 0.754104450441522 0.367262907916804
0.324396145292537 0.529587359623115 0.335821486036537
0.617370717719337 0.889946241717337 0.392603157068103
0.233897251965079 0.168259324232574 0.915933840828564
0.938281033068227 0.948617404661715 0.964635315847804
0.803887987566155 0.624725903104701 0.668083052309585
0.497761367456735 0.583011631772965 0.668456692053042
0.697757333683356 0.448486440990838 0.502951738152434
0.44135266693646 0.588810409615695 0.518530684508049
0.00309255264005377 0.00645411252043686 0.251032530245839
0.162240033048212 0.790021953379959 0.00834003245034483
7.67093269543956e-06 2.77118395505143e-06 0.473778219982432
0.00154587009284748 0.0115509420668754 0.0385096017209641
0.00832253399763257 0.00907874181661705 0.517905640799516
7.22317111852898e-06 2.29178001133591e-06 0.538553339762429
7.90444048983429e-05 5.68260858206615e-05 0.415743150583214
4.54915485563438e-07 2.46063104036817e-07 0.350332460484485
0.448537464993577 0.265428941060133 0.605694296836679
0.275564674662744 0.755148960685993 0.00287288373003068
1.70240857028252e-06 0.775782849527111 1.30624830954223e-30
4.04819116578297e-12 2.00617486804953e-15 0.710929979809775
1.04631703520868e-25 1.80072304818767e-20 2.79104395891404e-07
1.15942439446455e-25 6.77951867411973e-15 2.15368517888124e-17
2.93881378274753e-48 6.27225356550987e-65 0.28667782868007
4.23694605062085e-58 8.62601919972215e-60 0.000661774669434712
5.74989445374897e-58 2.27732923774647e-49 4.16283637935335e-11
0.422812559498731 0.998288392180606 0.286702304628573
0.0224009764368641 0.811437467343806 0.00114837367564909
0.998787094678498 0.704503494043433 0.743258015041076
0.991154821472845 0.614077189866114 0.655902650858518
0.371462258634287 0.699917745800051 0.133909806710357
0.798709170636101 0.458103289782582 0.766637645274269
0.916405635890263 0.0657638369774141 0.080530019174429
0.557179533085954 0.0086747592519909 0.138538633586033
0.292101024007628 0.652965362419675 0.309795097091756
0.79318299133565 0.676816298034428 0.997844075962441
0.00163503536465233 0.509709674662945 0.000310020743124773
1.83223964146969e-05 0.71861263315032 5.20198826531335e-08
0.0343689326509957 0.0696886199900201 0.211304910395203
0.00788446154394065 0.0214717320460493 0.113217138919133
3.06082846837063e-05 0.168737526902194 1.61179987669743e-05
0.0405254719653911 0.000119032954366807 0.566325602902224
4.68367130902922e-05 2.28818455244474e-05 0.07682850551111
1.08719264000341e-10 1.91925836552862e-07 2.38739595939055e-05
0.207712760308234 0.676954266775355 0.191779558796121
1.06860301595125e-15 0.130975493243912 9.73653382375295e-21
1.72966760501853e-41 0.151325325402033 4.81361922348506e-64
8.53127525263631e-08 2.19455554671536e-17 0.901922533577975
9.9038076652905e-36 2.50211344077858e-19 2.91148952009306e-19
1.06112440720004e-73 1.88575333634253e-18 4.99138826612027e-65
2.3947142183916e-26 8.68971430109418e-61 0.932325098686463
1.07057565010936e-76 1.28483771237946e-52 6.98888126721336e-32
2.48611126862213e-85 1.22474493202317e-38 5.68724274670191e-52
0.26276427423447 0.179874476891993 0.370696573649751
0.990319559682917 0.638405160440254 0.0434817998102812
0.474998144111734 0.386011749267488 0.496096597804019
0.222064694242076 0.289584875558165 0.355081751529002
0.454513014516115 0.420371982095321 0.834254814888544
0.111027118974486 0.168957017053367 0.170214520339243
0.000111505271765427 8.9366579475184e-05 0.820445038683593
0.018040228824389 0.0278067993278035 0.245252962954528
0.371809215166613 0.316210614075851 0.644543035882286
0.589795283043229 0.417376805195427 0.174225859852244
0.0710432851621373 0.130090821673063 0.0634426609065284
0.333866697326298 0.651878456432699 0.0115386245516915
3.75752641550387e-06 2.67189592175489e-06 0.818737539049023
0.00124580852781868 0.00252751243332176 0.140581232131458
1.22145949969642e-06 4.95337478385881e-06 0.0454312909572868
6.85799411818222e-11 7.62687768864131e-12 0.419595845631053
2.06171439512413e-24 1.28949656610808e-23 0.0581208657191454
2.80249974980878e-24 5.40073963309443e-23 0.0080132191918054
0.435418116691692 0.341968620850801 0.468770031961111
0.291266635714394 0.750561398701785 0.00021773896837059
0.928193635171282 0.108121342616162 3.63882328991479e-16
5.06571780580749e-66 7.37415379772924e-70 0.650949302689575
1.68364164986094e-67 1.32881593978922e-64 7.596457908893e-05
1.5306125998454e-58 4.24673961732595e-51 5.60541448113291e-14
3.76472261522306e-135 2.04770407126257e-140 0.274766704706328
6.27916071555079e-131 2.69638008218042e-133 0.027429259363012
8.37461210260351e-141 1.32969894930475e-138 9.32816530998075e-06
0.0280125837150475 0.11342509038921 0.0496614720188435
0.321431628730718 0.320734131618536 0.778380596197905
0.883793671446446 0.934129084627549 0.858450979529219
0.458968562973095 0.319856971494956 0.743155493878295
0.775302492566765 0.895091756370629 0.681525991490075
0.466385355448074 0.322402334430322 0.73587171712421
0.009259510647918 0.0130677359094376 0.303139902791414
0.00537279004161429 0.00041550028714672 0.455477686830996
0.0368380742173822 0.0470561315798249 0.416398279148361
0.671934325038256 0.963589311936549 0.266688173952136
0.16710266598176 0.474429832512763 0.0861431233595018
0.0584694480623283 0.777453470765481 1.35433404023525e-06
0.00863354755623354 0.000361677513172423 0.21155702769301
3.16244115926386e-07 1.05316640132872e-05 0.00327267078399145
1.16220707158481e-15 2.48601685180317e-12 9.10050852103949e-06
2.15138497308218e-13 2.03568378085574e-19 0.137763266456443
3.9745033816763e-23 1.86446857909174e-21 0.000245658610816914
2.87860504891299e-21 1.42844925086167e-18 4.97934635324217e-05
0.740039487550705 0.852916352423916 0.246848983575669
5.17077892804577e-05 0.816451196222428 7.36323783182497e-24
9.47332135374413e-13 0.995485047978741 2.20008546386567e-68
1.84369330000863e-59 6.5101718978408e-76 0.709626001735254
6.24009074366113e-63 6.80002159174889e-55 6.21520709489575e-13
1.69141663206742e-94 5.01178071285666e-59 3.41161457126495e-56
2.73354680635868e-109 7.51657568121882e-139 0.574825730823195
2.09566191458479e-134 4.92928799032652e-135 4.65903249064325e-13
1.26556429760927e-144 1.46517961174071e-134 5.92136709650752e-22
0.369969761004482 0.533293663888774 0.434232894627528
0.854093455277654 0.472221536698673 0.293136287576078
0.892148434657843 0.987646487069513 0.736890005666104
0.495993562341987 0.521604393438336 0.799594530593483
0.35935981062927 0.263071354788297 0.84980479815785
0.286886448494216 0.0855958918766574 0.278450348475496
0.118033973797597 0.119924389864737 0.687698195998261
0.868973364107679 0.516294972609903 0.0839763981411824
0.775577263006735 0.754835858839989 0.988839945933044
0.598662043733396 0.38452323468088 0.573739182778691
0.0879320884463578 0.142589792784285 0.368235487110282
0.656854739637309 0.690468161162403 0.0620451014763748
0.000287264603395813 6.82723031788618e-06 0.393156851945524
6.10078274543808e-06 4.62626806343998e-06 0.308963427329756
1.27936118308379e-06 0.000140683243939864 0.000715640984261233
7.87141573306563e-06 5.69900142559749e-06 0.341247165329006
1.10779406872323e-13 1.41552193405469e-15 0.456107216254459
6.46109651984843e-09 2.00583859553445e-07 0.00685618820603982
0.430555961500217 0.215954328802642 0.489583299373538
0.0037487791907135 0.656402974435954 1.91440096171286e-13
4.54175984220576e-07 0.881651646872512 2.29543584859568e-33
2.17068538028613e-27 2.58833018299616e-31 0.316675647254945
4.86523452357303e-41 1.85317020103603e-38 1.28761873325647e-05
1.06375745194129e-55 7.05952975004594e-35 1.39470459084986e-28
3.59189070329717e-100 3.29672015552605e-128 0.72786850365035
1.73191811852161e-130 7.75228072148562e-130 6.99674485235663e-11
2.19391976837468e-134 2.43814166754443e-109 1.35687588844065e-29
0.114003059503857 0.350781706872834 0.191337100591259
0.99453975058716 0.699804750249892 0.734031532050973
0.413149735014626 0.70073552372232 0.441408220456634
0.678471026163614 0.687878436961332 0.835167849624146
0.0102494968387324 0.0541227715776682 0.0787662176446075
0.0996726885971383 0.422661848393603 0.132416846689919
0.545017197394663 0.285880478336829 0.0874448456026154
0.447860917837439 0.31475214390905 0.877638442112785
0.0523452593691574 0.0408370385886268 0.405208916933244
0.422771835663409 0.773631258171542 0.410568360138671
0.00260103132511784 0.220594778953325 0.00321335242577259
7.63295784184874e-12 0.427320809566609 2.81855875502391e-17
0.153800921971666 0.00155841081914703 0.423032025748621
8.62477383430448e-06 0.00121404455447936 0.00147079174385978
5.25747786223312e-13 0.0163109622929882 3.19181822616306e-14
0.00787220627664964 4.27032224796319e-09 0.14952515143737
8.65188384065312e-13 1.08334292184914e-10 8.87195865020295e-05
1.86564948833883e-18 1.19340234282349e-07 1.50765663356361e-12
0.869601043678912 0.704276985922972 0.918174895396656
3.37310504329361e-20 0.162612315672745 3.69068533679104e-41
6.9246449981589e-78 0.836849207619726 6.20126514554602e-140
1.20060715861243e-10 7.46018262489246e-31 0.199781066384389
4.04834032907772e-72 1.50980176300629e-34 4.30960023239655e-42
8.80734023174316e-156 2.93029572846615e-38 8.86000172206259e-137
1.58968030604389e-45 2.63959534627838e-105 0.423165615888824
7.21414401239626e-120 1.39619691969659e-95 6.68771835496404e-41
9.69643323255659e-189 6.36456010603578e-88 1.43580695191136e-114
0.487714056128869 0.521812382614736 0.744891896737387
0.509107756725197 0.696300249563634 0.142772925518304
0.710166942346153 0.913172247745651 0.155842399145593
0.57617214576011 0.670998813839732 0.449504384166879
0.0349651570060772 0.0157248745855462 0.224833407981339
0.211094808308492 0.368070277431348 0.052451065179125
0.165082189385931 0.242255037095881 0.20254795400231
0.10913046468116 0.0883886580761979 0.76563135835938
0.000703146722862069 0.00175448369567472 0.0855801521419676
0.253570676201708 0.21120922179189 0.704207370543815
0.796998861408592 0.532389371742405 0.0720873919027153
0.275915670338385 0.563458611038373 0.00860699596316912
4.82924980445534e-06 3.42166108649893e-07 0.0506237964584652
1.63539990036389e-08 3.57622680921327e-09 0.549973213328322
1.85687605526101e-13 4.78926592193506e-11 8.88498522733253e-07
8.42382055412503e-34 5.30826318442087e-35 0.638903664701141
2.69173834300795e-35 2.65582218209253e-36 0.518051750368021
1.28164001505061e-36 7.55133058872251e-34 1.66850179065124e-05
0.487127875425117 0.348023797120757 0.252320403786193
0.640601785703595 0.227225421251481 3.66921004481254e-17
0.737935584199692 0.0372119007708085 1.35354945330281e-35
1.40805349055841e-136 8.06997980009219e-138 0.00968292161160424
7.35601661148686e-132 2.14653937017812e-124 8.97684450963554e-11
2.91871250949701e-129 1.21137372050465e-118 6.50658639060398e-21
1.23199380031116e-294 2.1103836946601e-308 0.468041956860973
6.13485614076648e-275 1.4297606729254e-275 5.66664478031137e-06
7.42674478884226e-316 6.18651274798471e-299 5.02104063806023e-24
0.212323155958453 0.160785595772689 0.986108132520841
0.142725729203967 0.0391276956447534 0.403346425667918
0.314052437316693 0.250582849730417 0.997683990361272
0.321798837712917 0.280525829624044 0.936500565251421
0.82061131294643 0.944680429155667 0.687487155594459
0.477260163828661 0.674544623695273 0.409107540417046
0.000243383398417034 0.00189429312810911 0.0239791710874403
0.0268106903702613 0.0684032551546378 0.160541148452512
0.000586402893367397 0.000472376124517007 0.386904597884041
0.194395849836087 0.228956327459697 0.575289617774149
0.0153713100757118 0.915111028266177 2.38924401024492e-09
0.011070920662779 0.565254872955168 2.24544494818362e-13
6.15418810040894e-11 4.52068965367966e-12 0.297859910100197
7.28498925367585e-11 8.81781804415165e-08 2.50578096832722e-05
1.9184344291864e-26 1.72522579225378e-16 1.82437530148751e-16
8.22419537226527e-29 1.04676167274445e-41 0.04865605305737
2.93641354835449e-31 7.86610658928232e-33 0.00674147073220083
1.12702050393773e-38 1.09768794593889e-28 3.01870695605284e-14
0.0372046248185728 0.020389588837512 0.944929842949545
1.47877835190894e-08 0.872801688506449 5.96522044161213e-46
9.49239583428131e-24 0.605123024214995 1.83969906270023e-132
3.26079125362961e-95 1.48024435728872e-127 0.277692918572265
1.33887548739613e-169 9.87889364907015e-140 2.50530907345519e-45
1.1746577267833e-177 2.0982312313111e-99 1.43983732314217e-124
1.60819755681899e-233 6.31894908980364e-301 0.736828970048348
2.27618720156806e-284 3.69527135584109e-297 2.48903864594439e-20
4.96870339671143e-296 5.29532137612404e-242 2.34461980224504e-72
