TOT AFR EUR
0.608965812474755 0.943529740165067 0.224702274549722
0.977842399749411 0.794420604973875 0.648515258675858
0.117465123035612 0.221457910419998 0.272602601575625
0.213469133509941 0.370220231094716 0.327502217465596
0.76236739320285 0.612384926298039 0.779844729398073
0.533630376702507 0.603787823275965 0.732006986976636
0.156611748210555 0.111544050458268 0.994274310014117
0.548770400132266 0.35472697222523 0.650726133532662
0.515132231024088 0.308156975844127 0.584738316225332
0.787635405944721 0.830001721213402 0.86390305011557
0.132576546901056 0.0520879671568875 0.609339509000091
0.636935647048178 0.322316520573901 0.375806586980812
0.308067609075342 0.384720720424928 0.549863646650635
0.812265992672462 0.585504051784226 0.60460114190248
0.794410820955917 0.692190933087679 0.832142042462962
5.89519461177526e-05 1.68408440209233e-05 0.692425267410382
0.00556925324111498 0.00314416834515677 0.751587305232555
0.062378027460229 0.154206368426679 0.234008340338183
0.212284384051089 0.324573212961164 0.392405275846218
0.765071028683382 0.30608061349508 0.00764338208418586
0.112156037653652 0.986839455514319 0.000110656137942074
0.00864712250097827 0.00251734740662351 0.814293855725269
1.74858035055282e-05 1.42361914188662e-05 0.273432303975463
1.43062944638449e-07 2.05260314223271e-06 0.0286815837375922
6.60750370696016e-09 6.44828639162558e-10 0.545159045362191
5.85463826479064e-16 8.57843231900176e-22 0.513828049273318
1.85885814658467e-14 1.26157613866586e-12 0.00242860984576333
0.724456336570264 0.946415101224674 0.685825621138869
0.50853476070989 0.316584580656003 0.977978925210719
0.214948138014334 0.879144328973633 0.125859562207791
0.890351248386602 0.71570412859929 0.622760021555992
0.266592114805843 0.398777629683848 0.447083020711371
0.0575666324830232 0.382079815737421 0.0752528242619425
0.148822731442477 0.314549131694491 0.295816107230913
0.495746203480819 0.0338138647121251 0.346628402672433
0.895408666919415 0.647992756939066 0.563708376149806
0.153454005086537 0.67448969476859 0.116991611650521
0.838876281433183 0.451007648145245 0.349675566012501
0.0803858996429416 0.299629912337893 0.149369362807721
0.999169487982391 0.729872750218745 0.766066817302444
0.00646621305109596 0.297948072938317 0.00543376682049884
8.66110948713482e-05 0.00108173162048217 0.0154605592211212
0.00601114882173032 0.0853357098041785 0.0278863861482171
0.0050726828171155 0.0089465503762847 0.141335023791615
0.0414268538993503 0.480950237151451 0.0390849402309834
0.799597375175555 0.0947235496774712 0.248823234107988
6.48724710768338e-05 0.636703327201155 1.12819834712053e-08
7.41123899349236e-14 0.111851797885088 1.06028371406993e-17
0.000239432414552229 2.44099397663057e-07 0.513506799663434
1.85081154325492e-09 1.59408876848441e-05 4.82925705061261e-05
8.2818890390797e-19 0.000135937113204219 1.3147604690789e-18
7.59341785833844e-07 1.11695619863222e-13 0.774329740238675
2.46758486732966e-15 1.57098193744089e-12 5.94626577554412e-06
2.66562451337708e-27 2.2047702417242e-09 2.49743723309093e-21
0.111529181746507 0.10098270486946 0.945589258424313
0.748295966390761 0.663053749342202 0.576957454259759
0.643044369472951 0.642696395140154 0.947682676573087
0.946466144595137 0.899005943928054 0.737484887297945
0.660790510266713 0.8034190315026 0.320506669027248
0.116736641790339 0.130585201963788 0.631337009632008
0.452172360176581 0.376246984482649 0.566186634805259
0.510782261347223 0.479887585275482 0.850844353806189
0.414890199905775 0.438036810859702 0.769861830799961
0.150768502519048 0.124298627337471 0.799152041520167
0.62843905683062 0.595241425139076 0.865898148309227
0.146274751922894 0.10427830594427 0.502338344492635
0.500422177429901 0.555058085948765 0.616387053704869
0.0533403585707884 0.043032977819112 0.878342943429089
0.041026993275521 0.0313909437992861 0.74063398061768
0.031171892656488 0.0296302722614059 0.846814173489589
5.25668686518339e-05 0.000147054467271451 0.0335178488905374
2.91846036055667e-07 6.60652626151019e-07 0.0971819013600994
0.369171949359727 0.420218952077674 0.587966936954802
0.700492300555989 0.888271838482051 0.224737403798788
0.136889469440448 0.548816342939319 1.14242884891527e-07
8.79128606308083e-11 4.2907975042567e-11 0.742607954965443
2.25749278529441e-19 3.45713541909077e-18 0.0246679104591291
6.40910636800611e-18 1.82088559026881e-17 0.0401068025893066
1.00035441069955e-25 1.54116836987334e-27 0.558164182008495
2.41308498239016e-27 3.8499911747053e-28 0.548544867987518
1.93332875956537e-35 2.27895673781533e-34 0.00153351039952237
0.292979827039955 0.270553178324807 0.829329181915346
0.506411959579527 0.974242387209164 0.137726994843533
0.967274024549482 0.581396826326938 0.205003793263646
0.289044489935918 0.219227846148488 0.934301943829325
0.199736147787639 0.236772397536282 0.601758357476371
0.223754431511806 0.283288247258737 0.493738234819399
0.56481024857934 0.31564820617455 0.456839080272327
0.735847241920626 0.924216183203051 0.550398835049968
0.620560461781091 0.498201268609039 0.775857874141495
0.66067957053391 0.784612623595049 0.651952267657286
0.659885710714109 0.753546796786418 0.706346505595868
0.0894566088781735 0.144518863425601 0.314405685422524
0.00419059566928096 0.000627559175071978 0.769239135690694
0.092275808982688 0.0305897998297 0.6101747799946
0.0690976977031204 0.128492001987794 0.239400026832075
0.000295197228639839 4.21372995289858e-05 0.893669346251698
4.53246794999656e-06 3.93881488788678e-06 0.235660090446747
5.09063247447792e-08 3.71549024524475e-07 0.0239702563130237
0.308925177301756 0.55343305290097 0.203387300267177
0.406940027440253 0.413626621294199 3.07727797526281e-05
0.00587596221811441 0.900405443425058 8.13613361340351e-11
2.78887545639262e-12 1.11095989833581e-15 0.736072332202191
8.32415737777889e-16 2.84425616806777e-14 0.00352811782069599
6.25533647844516e-16 1.20746742832031e-09 5.92551330167039e-11
3.60161567834923e-26 7.10172046526751e-33 0.506465535808046
1.53843712732548e-19 2.5444223929541e-20 0.016436772659883
6.45087005141799e-33 3.15310541984214e-30 2.27010124528742e-06
0.188291317283755 0.133675455532266 0.984137136153043
0.966142282993809 0.641989486723374 0.395997192114013
0.0870439200927583 0.151861387338736 0.342154100456676
0.580746170555924 0.627807725544611 0.784504525514388
0.896271992818223 0.98177654865252 0.728892379335365
0.826970425152893 0.940866648621346 0.516786154408797
0.381411484021265 0.562210710557122 0.404316922563112
0.575677346040778 0.185150138854616 0.164644028201904
0.214019299190813 0.191337921514976 0.84907956341103
0.00733752419006451 0.0824255547045726 0.00784343805098296
0.559222689461411 0.87209874741159 0.288138572012455
0.00938112911805427 0.556740184542349 1.75092440182047e-06
0.541291553470806 0.0934207878640007 0.0471475794986821
0.000849605150326328 0.000640741645545715 0.504967655031597
0.000792414422759047 0.0102896936464141 0.0131144125041317
3.04016879731825e-07 1.56714066864197e-08 0.893738204489358
0.203444739209836 0.278722312660102 0.492293734356836
0.00147104453987673 0.0113007745199605 0.0368637430051886
0.170369801614387 0.124488556690362 0.99114096783632
0.0237829660491381 0.631306249007902 2.84122150330078e-10
0.0258673210423841 0.768481496729959 3.02881002303989e-09
7.10584576453784e-16 7.94370841417434e-18 0.316503968168996
6.22576605946254e-27 8.84415027868724e-24 7.26719354612067e-05
2.26124938205377e-28 6.90868770598279e-17 4.41453449382449e-17
4.76551055536324e-55 3.45471940488711e-64 0.144608115848664
5.14024184798434e-53 1.68617936544177e-55 0.00254141672722678
4.87473882522038e-61 2.63186128865568e-50 2.74918957141753e-13
0.780613568271408 0.473136572596988 0.81150814273225
0.388931593974093 0.392310165672994 0.669735560778042
0.133518360560879 0.8150455130484 0.0281154109296621
0.0315597774778761 0.0402411072655199 0.265462484326641
0.377975457908946 0.628135458564241 0.445092586223968
0.428324229962494 0.344061156576353 0.797926783736462
0.0942702372964938 0.132848739797598 0.325495892222705
0.466553711170627 0.770209873944599 0.468461281159037
0.0196383201768943 0.0751643170934858 0.110856237414054
0.927659974947283 0.521390209472679 0.677951748554244
0.054813625456481 0.493280597674927 0.0459284805902947
0.0759323237925163 0.37589048868952 0.00156966775984727
0.0231817159332206 0.00567051208798533 0.498747774324411
5.82209795926434e-06 0.00841613696851445 0.000172092353389237
6.19785131069473e-07 0.0161628726162969 3.73228128058757e-06
1.81792993102108e-05 7.61047287890659e-08 0.250755884700553
1.14940004059118e-06 0.00205524237780451 0.000116471721954226
3.08555018837479e-14 8.80706531367048e-06 4.09348191680883e-10
0.073257387522827 0.291550213617442 0.134248904030518
7.12173959783774e-14 0.150802231675245 1.6616230503303e-29
9.04481733497604e-51 0.0407968278501182 7.49895318433854e-77
7.55381047474623e-07 8.25027766424335e-25 0.0526709939137347
4.82579226231755e-23 1.44389421145683e-09 3.63817560705092e-16
5.0873832535241e-84 1.2307942260963e-17 1.46746954205338e-81
5.95252313630158e-28 1.39105530442733e-61 0.636990762162872
1.99828702007405e-44 4.1157082480292e-47 1.94332488644237e-11
1.48843012389954e-88 1.731937543805e-37 5.42996599239493e-55
0.407448762095431 0.411667086141416 0.874382388297119
0.275095355608995 0.241571027666457 0.778530999358324
0.764444942671282 0.940994127650297 0.184812664650086
0.116281941780206 0.211403579657496 0.0656153683834999
0.48381971065611 0.343297687369601 0.24563865421027
0.218732012863955 0.374982531058025 0.0556784480367612
0.0428274179694064 0.049112433772367 0.552828704808877
0.00786885551841496 0.00785653487964454 0.749125659848723
0.107646136688072 0.111891852840437 0.753094404841396
0.17363587762065 0.294891651610924 0.118051150361865
0.548217229090334 0.416071645669266 0.332849541604874
0.881672690014656 0.905354151221261 0.192264591701395
1.34755854219081e-05 1.64783691879826e-05 0.453245447398731
2.20680816691281e-06 1.19881338457564e-06 0.988410646245368
1.04561930414897e-07 5.30402812122292e-07 0.0307221740681578
5.18896262791217e-20 9.02150719543747e-23 0.0302727660723484
3.99229362243739e-13 1.16900025870809e-12 0.129304134918401
1.86992711568357e-12 2.43979426904698e-12 0.279992554387239
0.703561447945199 0.89005733939102 0.219290372108595
0.00768212766300356 0.0940851216852217 8.46701267802177e-09
0.00958244793064966 0.24432402496768 6.23374800945992e-18
3.39064252713369e-70 7.40539179421836e-74 0.882873455497285
3.89217134657107e-70 2.02939088980327e-65 5.89943232898682e-08
5.22596809765108e-70 1.55548699848709e-62 2.36487790257443e-15
1.45748666715296e-154 8.79989208359473e-163 0.977084785618517
4.24646192515433e-150 1.59422458474918e-150 0.00149122267806759
4.47649196437036e-143 3.40177593386788e-138 2.04103816295423e-09
0.480841695112588 0.981512857432605 0.085828086151102
0.802921845542059 0.91698714498344 0.404947132840071
0.0775265045687932 0.297330091103127 0.046581755637961
0.0607451136412061 0.0547325247133666 0.657225087971586
0.381759949300653 0.543870071798353 0.402979533428786
0.932667131266054 0.765332424368622 0.663262080362077
0.0130552256947847 0.00123252702554937 0.372646636648856
0.321731130908887 0.251104573233055 0.956442110791078
0.0111540659326429 0.00295066606067977 0.865497720240161
0.439029201123024 0.429802562296244 0.847578490895455
0.00027161006280143 0.00404706102557867 0.00932613955286659
0.00521431933893336 0.425967163111961 8.63064517928109e-08
5.11843318423697e-07 4.21795418568194e-09 0.710680635681277
7.92787214699989e-07 8.6228193041841e-06 0.0160036030370489
6.73513789768546e-07 5.95713970786747e-05 0.000390506127602
2.70132734347901e-17 4.07811419159991e-22 0.812914438210349
1.31743172054604e-12 2.38583334781215e-12 0.0427618582746143
3.83844107849942e-16 1.46820423102663e-15 0.00685505574581656
0.638768949748265 0.79184880537104 0.567520906997334
3.51999261763066e-08 0.272537899134008 1.74399970812624e-26
7.03931200954239e-14 0.830378344127197 2.87749288076396e-64
9.39022560890569e-54 2.63377870002402e-74 0.321255050764571
2.61665953948285e-86 1.83468840149878e-70 4.76792318250984e-20
4.40414511844048e-91 2.38035689742764e-59 6.14908543079618e-48
2.04109748704602e-114 9.10434871798747e-144 0.456909129472748
6.17654047011308e-126 2.03265513300617e-124 2.70338535810584e-13
1.72223904200442e-141 5.47785080459486e-116 5.61640477410358e-41
0.135026386350596 0.136213257250637 0.707399405986128
0.0691650106569814 0.0811089740103212 0.554802996936504
0.600070870909582 0.816025233547673 0.464802922888764
0.203920607903758 0.492937227133943 0.14329137672467
0.0104092916598229 0.0738871821748204 0.0318941344343144
0.364087147658832 0.85747891149455 0.0986487924401085
0.813098645995449 0.873178035446425 0.830329604094768
0.0973815559882233 0.101958714393158 0.642555530935198
0.661978805941712 0.88371006101711 0.482518404789133
0.0133015547958891 0.0205239906710741 0.367710938096912
0.00730348055788111 0.0767011295970042 0.00979840847698198
0.183176118581566 0.287901515889445 0.404664279993302
6.98750689818524e-05 3.77379095785891e-06 0.775306833097884
0.000442960287384131 0.00216076050133724 0.0764122273408068
2.24157241504116e-07 0.000200486828108888 2.80259044699597e-05
5.87917703302506e-07 2.79614996483493e-08 0.928171463073681
3.05161714183854e-06 2.91438923287772e-06 0.275870318144701
1.11181434090244e-11 2.35762123990334e-09 0.000960865680533896
0.569882682958576 0.801475230330513 0.0717770823945068
0.000141676094036529 0.892625036245636 1.44796862486924e-16
1.78759129122248e-07 0.574022067127319 2.56497313258054e-25
3.83662087912643e-24 1.69186800665117e-29 0.862066824820457
6.12677795747435e-53 1.89770954567396e-42 4.30611241657285e-12
3.77934669642642e-59 2.48514641660357e-34 1.532016807573e-34
6.73900017059126e-79 4.41650880895927e-105 0.266565587513161
1.58564797606306e-107 1.29519628194962e-116 0.000172222915808982
4.7837070836237e-120 1.27852391908721e-99 1.07111830487821e-23
0.936041271256491 0.930033339877399 0.973606760139638
0.819859230437484 0.531882840770271 0.401777771513621
0.18494496521869 0.829765745676931 0.0517779172143924
0.166582706729124 0.213338738492083 0.442758088280627
0.0260782639728743 0.00894841125312591 0.445508450373119
0.0858511079380662 0.48875111275553 0.0890146423160686
0.316140526523134 0.772478248394778 0.28538754232564
0.00560407983726393 0.355999018446651 0.00371401187879546
0.000761041986553531 0.00763934083008468 0.0248964005409783
0.423865238713693 0.201395855118572 0.981628325645106
0.000363331705523239 0.129842225777939 0.000500422651840909
2.7219828951931e-10 0.544863182255076 2.46239607827572e-15
0.00362974021788995 0.00061321506507229 0.334116416028379
2.36161460994005e-06 0.000406994186677065 0.0010346451228565
2.46645253099369e-10 0.0684793652318544 1.29104221050061e-11
0.00236878235400023 2.91900609430659e-10 0.188753850698643
3.5172466680404e-10 5.78570429935979e-07 4.07426918576126e-05
6.82151414080256e-19 1.94098747107268e-08 2.47335672835889e-12
0.612566957189765 0.18526993085435 0.66987232211989
4.86849779216321e-25 0.768066407108538 1.68179155329362e-44
3.88360280595864e-85 0.455405081304337 2.00918195762576e-141
1.01260669476003e-14 1.57627216794554e-36 0.72147568373396
4.6129711791992e-73 2.3562135549421e-32 1.99624795035793e-45
8.71992022054479e-145 4.73209707844145e-32 5.3368011287447e-131
9.00120422409066e-42 4.19070548910604e-112 0.23033429143222
2.14816993556862e-118 1.4344975777429e-104 2.97400998127972e-36
1.32526936981173e-175 5.36482722707337e-81 8.14273631319948e-106
0.301693809441269 0.505797903181046 0.0637989815275933
0.693450331718042 0.487036970600041 0.197664619456626
0.944727053798838 0.837865984398203 0.497066586152689
0.652470309816305 0.763410282756138 0.447739400017796
0.0216689344777283 0.0217465928530699 0.76528850143106
0.329455031987105 0.458645232345089 0.192525131303634
0.00748367527593578 0.00498987616903945 0.760243702644024
0.0497570644638491 0.0571333468749208 0.59305605799272
0.0256751827888433 0.0171489149518942 0.591972857030871
0.728392117615157 0.62926775580954 0.524761197686422
0.916400564447734 0.845705445379367 0.108897681800599
0.0956427067845807 0.323331257830556 0.000310140918095717
8.22572510417556e-09 3.98328528770744e-10 0.101570841847256
2.11950404081755e-14 5.69340858577958e-14 0.106957738674597
7.34507272786157e-11 3.79708913732535e-10 0.0488044468927532
5.82903768961193e-33 4.3588490458842e-34 0.638000239535917
1.70560166111277e-31 1.0250700350643e-30 0.0286148178132692
2.06619733772611e-36 1.19918972662607e-35 0.0230879621042778
0.643747550305924 0.554760265040685 0.520839343169456
0.00559189318109649 0.130767475857272 1.67662344790039e-11
0.000258517308092929 0.441392202135546 2.81066506966269e-42
2.2417125702986e-116 8.57601315043953e-123 0.782490823491586
1.98355853480437e-123 1.35218053796922e-118 8.21235013009964e-08
1.27349936216321e-128 2.12988041159242e-113 6.70289978834747e-28
3.86831436397175e-266 6.08696472685626e-286 0.111369982689144
1.3524887979688e-295 4.58508848336377e-296 2.72348240794045e-06
3.07102489664167e-282 6.09999514320337e-274 1.04833829698479e-15
0.638831406317071 0.470459359394565 0.701385117010348
0.461720230426828 0.507571376958229 0.716195075784725
0.80682669077969 0.620817906820148 0.655013331625008
0.150517906628571 0.193137984448325 0.500022871707352
0.00696159616486995 0.0520302352862514 0.0178979783934099
0.404761267870149 0.384329476072386 0.868849422664934
0.194742691218944 0.184294809944639 0.773362750453093
0.0157012083554776 0.0499836941933214 0.0987019000970216
0.00446859952234596 0.00959290546268911 0.181312857078075
0.130708781170301 0.269808545898854 0.197001460145038
0.339042236644661 0.64625092139592 0.00102646987341981
0.000201963696561799 0.420514815228287 5.85635408013021e-13
1.54876101197976e-11 1.48933526643915e-15 0.467110372784851
1.78120126173849e-16 3.88249903944225e-15 0.00170855916822085
1.13079815618929e-17 1.19803521210243e-11 4.22171489757037e-10
3.9257540854768e-27 1.97832301487552e-35 0.574277078757748
1.3374152341346e-37 7.85558414645953e-40 0.00638642315955633
1.11439456769066e-39 3.41243154430078e-34 1.83937984522641e-08
0.296289302957069 0.0987115438015543 0.318321736167073
1.59722092516707e-13 0.0455745275465072 8.23575290338371e-40
3.02098474504619e-27 0.456397429573934 9.99620138362613e-138
6.41354334014499e-91 7.01999607337219e-117 0.992765848055645
1.40330863557025e-155 5.180017089037e-130 1.89378255661584e-36
1.1526071163856e-188 1.06359227543029e-112 9.00515422094059e-113
1.16546337440982e-198 2.61973562969734e-258 0.939133086619071
1.29446314715821e-282 5.41089563185917e-285 1.29976406429173e-25
9.5791909588075e-305 9.98425603637397e-254 2.10073658149487e-77
