TOT AFR EUR
0.454328998206104 0.843212931975221 0.247504104687924
0.354115770486532 0.749631151194039 0.111866229514131
0.991637261711888 0.488886342926217 0.160711076373654
0.938252809653683 0.52850866088751 0.295796275197275
0.16575768136941 0.145448907724371 0.825561055526773
0.365697759636241 0.265321159217578 0.868282310251749
0.988267864357946 0.288028610176657 0.0452457633093502
0.524513505703935 0.59885850042974 0.71312398726774
0.672266665845887 0.844801632633782 0.562574628695899
0.322594483809792 0.173157926522293 0.56454642168498
0.23810445756942 0.548216729114828 0.137289080307299
0.323528666379388 0.47957606060243 0.352649255225721
0.954824498553929 0.341385667308865 0.0352797167841039
0.103684120879011 0.0621886630366397 0.951300832614159
0.222037936053194 0.203241604303493 0.861814242009009
2.9486781137099e-05 3.52895013200327e-05 0.328229231491037
0.237343064735804 0.0338124533179268 0.127116579973643
0.716890548799259 0.566841480522934 0.750808897483225
0.22790491654583 0.267663684643537 0.6023145493242
0.00561361234903684 0.0970768766514582 0.00152417372910885
0.00611969989959766 0.853779364900797 1.44172560804893e-11
0.000125209085139554 2.87374292489108e-05 0.774921966373845
0.000250521219366111 0.00324778244747243 0.0141854005799907
2.34931751535668e-08 2.81481777637036e-05 1.09680472997097e-05
7.52998165126096e-11 1.19254913066864e-11 0.356246219258133
1.02980862628376e-14 5.50419401346665e-15 0.108833612550378
1.32121244261936e-18 5.32221518120945e-16 0.000184862169769434
0.782263725621774 0.78190369525968 0.544550698383479
0.416506529664122 0.288754984019192 0.880169002024147
0.461939661985168 0.669344179673001 0.190112568629091
0.282997038526424 0.101605927703881 0.941652039542915
0.415875476732111 0.18051956122657 0.913316719353644
0.547875413054 0.394458860662293 0.930828842325122
0.696322060458305 0.67857251101899 0.848192865461645
0.731337371867852 0.272462427909872 0.649812790374744
0.30878727070049 0.228832868274694 0.768974643578259
0.414577410905834 0.385063640302921 0.720844301090897
0.129106784752491 0.384427230769518 0.201047047663644
0.482609769665734 0.631160301408541 0.613719945766088
0.714498239095635 0.522143255438527 0.960611641122461
0.23539364077727 0.0381684326460355 0.835390910693446
0.00328172771371511 0.0466452508479362 0.0261544039296316
0.0704714325319747 0.876179236074 0.0208029783176186
0.000965137372972081 0.00369947649548677 0.0529056094492155
0.00375713137478954 0.00793983648596358 0.124269047322495
0.0892184582913552 0.534289637215553 0.0714591511241462
0.000220248457396533 0.125294738228965 0.000199759243214561
3.26236390448226e-06 0.0368727571338217 5.27040386922993e-16
0.00343699081298114 0.00118372599553976 0.274698371934947
4.73797464164074e-06 0.00719116320230339 0.000113266195692496
3.05923093050147e-19 0.000933866303139459 2.38199388510886e-20
0.00130776188501277 2.08979233868854e-07 0.901255055518774
7.16283425696026e-24 2.45308923952726e-19 9.48954932626849e-10
4.71880675226543e-17 1.03486060817031e-10 3.04214829279376e-09
0.471277012872089 0.523642948918926 0.587142769740935
0.162813763103834 0.107660582616225 0.401425487450557
0.424831700289543 0.514821939361354 0.416998986498476
0.148323372581968 0.129414300489208 0.875289830152395
0.167675027457837 0.250466154220583 0.231949940181109
0.893542197411879 0.88761976170949 0.980835151649804
0.467761046641259 0.581236299142088 0.340468359258046
0.834327877851428 0.705017017434381 0.407843784490549
0.53230560133543 0.549700420772596 0.871050554769417
0.0389293949719157 0.0548165721279668 0.337231079972386
0.109927090347625 0.161844874148451 0.273570473620965
0.377989020655548 0.285427016003863 0.349101213702489
0.138413449954222 0.186611661446604 0.36880874753325
0.00443800123837204 0.00361847928198087 0.976265419969439
0.424913397748701 0.397415884953256 0.77133078921436
0.00393308058920965 0.00189312603795089 0.480786965718004
0.000321629394758975 0.000251823256720912 0.941553830640997
8.69488357869008e-09 3.4903732251708e-08 0.0569389133936966
0.0365067715289699 0.0238920653625986 0.530656952170921
0.169263241846451 0.376456325909021 0.00279790110898282
0.164235080673343 0.672050498590478 2.25913895978041e-07
4.61931203313152e-14 1.76240252672313e-15 0.445545475290531
1.95329472347641e-11 6.13814306524487e-11 0.066829047094056
1.32857465889725e-15 1.7232987893922e-14 0.0163583117153338
7.13269322902992e-32 9.75467745253299e-33 0.434258110182838
7.21590073028899e-29 4.22294623833768e-31 0.548504100236697
8.78648942235857e-50 3.87998904257571e-49 0.00917700450121625
0.413506190839257 0.425037076477881 0.798330598604727
0.404917974517366 0.633843866014279 0.383276043182504
0.933144844831447 0.867689921901743 0.880023131085947
0.0477970278713351 0.0391458087992358 0.75641950042057
0.298836523940482 0.157429719310237 0.621951165254215
0.624142747976297 0.819503017500934 0.527437558884131
0.310116158415363 0.73457410430685 0.083799090962427
0.6453044822939 0.959379466019364 0.304799926248812
0.623553043923151 0.70033383496937 0.734949773985127
0.720830070254958 0.852019356975854 0.654864514707066
0.0289407745669583 0.183055591152107 0.0101933260637797
0.744579820486652 0.166826441976343 0.0474781061829245
0.00704727616525556 0.000700492204669606 0.509234950885931
0.0117094026629291 0.00922992525021993 0.592536205997845
3.76728182910475e-05 0.00441764421299854 0.000145830320366606
0.000259430445739446 0.000116301037297202 0.61163280389916
0.000344712797801521 7.33570425204697e-05 0.866914558395635
2.30251651708379e-07 6.74956946611229e-07 0.0599428956776598
0.399205960124991 0.825119823009756 0.125393870360984
0.0173327434624369 0.479772737033056 1.60507920088193e-05
6.55847014765738e-06 0.580775750681384 8.64318233137805e-22
2.79957879270706e-13 1.10908551608051e-14 0.231562405570166
1.01936241084762e-17 3.5443252030755e-17 0.00685380649270325
6.62112853008532e-13 1.59294363934489e-06 1.08669907423293e-14
4.29682176974832e-25 5.6244196658001e-29 0.398467559128733
5.72836341669709e-27 3.57731078984912e-30 0.0166958783950133
2.72602252914745e-27 5.1273477177049e-27 0.0013223873233491
0.154802717643769 0.242404955265113 0.385260887633728
0.0605133805475359 0.0249140889090712 0.820452152536786
0.439446183398442 0.243801835829723 0.526301331488337
0.634360637682398 0.605141975868001 0.978264281776749
0.22873471853174 0.235002160261338 0.746173629258293
0.855847463124848 0.720655386352945 0.244771312730654
0.124337114271206 0.0562427406235933 0.704713759259243
0.17810236778944 0.202326422030262 0.634090201781001
0.369566417954837 0.261760168748752 0.816842465027309
0.574718569176697 0.890309407142851 0.327435249869764
0.378906593987729 0.797238834787713 0.128184429650864
0.905031638881918 0.119749238044141 0.00320405611991985
0.0238159944124571 0.0231406658412438 0.589243865295754
0.000217600210399001 0.000207814223752441 0.368483026249069
0.0379249710816844 0.131533672938868 0.089327665256486
3.19792116806525e-06 2.73437740815863e-06 0.238534526819667
2.52330097024026e-13 1.34946531383553e-13 0.0844530794741839
0.000134187099677212 0.000168322295873055 0.272729243267256
0.51216646835384 0.569319509406566 0.742573160598554
0.547781322603368 0.115827075284956 4.07775852155998e-06
0.000638250185540898 0.487097949188547 1.0978384889943e-20
1.0277034794254e-13 1.57136960805814e-19 0.161369060829318
3.90127580050924e-18 8.38984503527531e-13 4.74396846221376e-07
6.10207918532603e-27 5.21897822723007e-13 1.96251487977982e-21
5.61125881071164e-46 2.94282429047192e-56 0.489069222602378
2.94959010244599e-52 1.40470687749829e-55 0.00297377613995091
2.64249426449028e-66 4.44087167852759e-52 1.13311200393943e-15
0.309488644635733 0.512377643158988 0.437145497893538
0.401866534076459 0.809318291797581 0.192190609254622
0.127732796415505 0.480873109142507 0.154707973366525
0.0759548644520941 0.0909865183384835 0.389583905481594
0.196960464486634 0.0233538023285281 0.816033660542152
0.976068046550707 0.0909854639300655 0.171425097200218
0.476986695104987 0.0323584063390619 0.358122636474312
0.456960815297099 0.0786792292970858 0.616674679015263
0.0187601691603574 0.280369077413546 0.0282252823239056
0.827648434083785 0.855736325403292 0.892662265558247
0.0120062997898201 0.644996796035942 0.00302896156947399
1.91681413783577e-05 0.64081245490541 6.05427089078853e-08
0.00267496981573337 0.00729916476867323 0.0864521095862608
0.00703564641993505 0.048515090625261 0.0622967823289156
7.03978387488325e-06 0.17644335816709 1.0795368735629e-06
0.00627834051605371 1.22500312177559e-07 0.4531604414722
7.42601512068184e-05 2.20462538217488e-06 0.20472220918165
1.46141678890202e-09 0.000200798906639551 7.32885425318987e-07
0.815031110800408 0.646630813005946 0.483336069005372
1.19146522784534e-08 0.0913904221107151 6.33330128336613e-20
6.22119170441025e-48 0.681464640858305 2.66073411228613e-82
1.84046017899508e-15 3.59001570016246e-26 0.198642960900319
1.46686456414981e-35 7.41114569326709e-16 7.03722233931727e-23
4.07726544632611e-71 1.98769537397742e-12 1.29414650657348e-70
9.0221634600026e-28 7.97652220506783e-59 0.5629167671101
4.8602832490108e-58 9.87956019202323e-44 3.12607268613682e-24
1.50849087576011e-104 1.21925313949667e-41 5.67040662912606e-72
0.936270542942242 0.865870035356458 0.662767375668142
0.0303513230936483 0.0410627112346599 0.414500055029901
0.237788081746729 0.345953057603217 0.190674491365658
0.366526818971473 0.331150328719871 0.804616452247955
0.655279842109518 0.761668206863053 0.438511994682774
0.349248151229417 0.321398094892982 0.878070586156406
0.0539927755858808 0.0793066964701736 0.28032346306407
0.0293348947322612 0.0293857235230422 0.777141864627651
0.000371481155741607 0.000183436178086697 0.67466420703283
0.383943336125099 0.252746263864025 0.198215280588818
0.336239816382057 0.182090893003304 0.0534055441074585
0.276504820402835 0.656873467301915 0.00316004262800765
6.60590702726278e-07 8.42659718652662e-07 0.377342598489081
6.46077856318819e-10 1.14501182226377e-08 0.00182022661978206
1.46221340419225e-08 8.38391286043419e-08 0.0421915332316342
3.70616628551747e-17 1.47563476196468e-17 0.590167914116305
2.51585458851488e-18 1.03403923149719e-19 0.566718605602469
2.89459426276968e-23 9.36406240271523e-23 0.0638415131100991
0.872294420739398 0.806967968158357 0.697762221043375
0.0107593209648534 0.125149715681579 2.52917461813861e-08
0.188720612509204 0.846444408907907 2.39146196921514e-12
1.34083562322569e-56 9.85632737575318e-60 0.691233167368022
2.86166438779347e-68 1.10735441476127e-65 7.83116322034991e-05
1.32568271978498e-77 3.16917327766649e-67 3.17092120370455e-18
4.43132282771313e-137 3.10193610042e-145 0.810710795037867
8.51063832049653e-141 1.37814274473265e-139 5.26340607770374e-05
1.46243021704626e-150 4.15861936432611e-144 3.85428159248833e-11
0.341119265395479 0.27975004352786 0.992210837734668
0.00852382357435 0.00204335799624971 0.81029665377885
0.768241091878823 0.434862252663997 0.348629168630339
0.450754922571626 0.220119733161186 0.436902387121433
0.0747226502219955 0.0905498943798539 0.507119547652111
0.0641287030357029 0.18562245630096 0.0958594728492611
0.958924589587169 0.911150396685163 0.72676412538211
1.42249832638846e-06 3.6383487391813e-05 0.00482580476225946
0.0010566978296395 0.00211835036472521 0.183141231072825
0.64606020250038 0.891688101926034 0.422053583837592
0.579947244819698 0.369454576740519 0.00187268118683716
0.0684679809256332 0.966156943576641 2.41341601885067e-05
2.17694688912446e-09 2.68564627402754e-10 0.343414031632844
1.04178713922805e-07 1.30450758743807e-06 0.0148183564999328
4.16904506969343e-14 1.20970318353499e-09 3.19250515405921e-07
3.64407408213586e-09 3.20250207730277e-12 0.586704435687341
2.73122172404106e-25 1.2973266590966e-23 0.000212866655631717
5.90824895804376e-15 4.16397935766305e-13 0.000621847667833389
0.754411206801155 0.595922098234607 0.701507328843392
9.21915618505509e-06 0.87391045044137 1.44291290660738e-29
6.01929674310654e-16 0.97855628829491 5.55967135986239e-81
2.58003920209058e-58 1.55211995529703e-71 0.537651656804406
2.46792826793995e-84 1.4240353092237e-66 1.29850612814188e-23
2.11748602600169e-90 1.59240919259951e-51 9.07413943449583e-65
4.50582942759324e-105 1.19163599449931e-138 0.859696934585421
1.13904388486081e-130 2.29729890647179e-142 2.78344526981407e-07
1.97549910819136e-129 2.58778506211315e-100 7.11687471935827e-41
0.303880417973439 0.212935926037002 0.845009968247853
0.351215799711528 0.0861380408826535 0.171204450845812
0.444420283843812 0.329075399961562 0.817311281821768
0.261621280613379 0.484962509015727 0.26125043968347
0.377621477918057 0.392318701915397 0.792236946986518
0.710664662261391 0.527992996106827 0.66205966650041
0.167468088141791 0.0448531516727037 0.368285709413578
0.108707250228457 0.106857355285962 0.699070522933668
0.482944885713513 0.63652286552458 0.528338016011399
0.862274374539559 0.997338442999375 0.690277793953623
0.964329211471663 0.569759191518437 0.305140977961082
0.246850849869052 0.935618535516168 0.0136223099588295
0.00314617516166113 0.000124094362797928 0.273945349448587
7.3799898636489e-07 1.41378563651842e-05 0.0116475983218222
0.00131189391047028 0.0165595980019414 0.0140910512918827
2.89250894248589e-07 1.55489576193335e-07 0.292533127664506
0.000228314140406838 0.000208324578521644 0.382244063999504
4.3623908818273e-10 6.89723690863409e-09 0.0130930231478631
0.0877552660957006 0.265551658656227 0.103847651077
1.51013838274986e-05 0.133785943767335 1.21293137661208e-11
1.02959478156513e-05 0.655361566951746 2.60765330424916e-26
1.29709219273399e-28 1.55554737252899e-34 0.709421334492273
2.27898550245855e-45 1.01906282735143e-36 1.18636485373575e-10
3.14204000790672e-66 2.83414100591865e-37 1.89893054546276e-41
4.09032598920784e-91 1.94315407245563e-117 0.592664658220924
1.12746025964537e-102 8.95649070679937e-106 7.88478649596539e-07
8.65978413038942e-136 9.320072713657e-110 1.56490973868724e-31
0.996549184381236 0.775649138764488 0.814963700767654
0.86517300978257 0.513715374029614 0.739004907976738
0.0327776887766862 0.0650624599859509 0.211211222735052
0.694898071439412 0.280394214016684 0.706406965780411
0.457963835631899 0.152505429487997 0.828168747700353
0.282682510129887 0.571492762770837 0.347030541319926
0.771891194532908 0.304727020976319 0.621760856967284
0.109750255127481 0.111282115934013 0.43599900850519
0.00389935272984247 0.164811095156863 0.00831860625966957
0.956457411957167 0.801093954529645 0.774970988718845
0.00228578268769398 0.596285713793819 0.000285618284727769
3.31825785851393e-08 0.664757305460296 1.17773372667944e-14
0.0551979319919426 0.000112925681519141 0.443966984636733
0.000466353033317187 0.0674922262696201 0.00184897332246206
6.92681624971968e-19 0.0221507863439751 5.63613929244916e-23
2.75975093423554e-05 1.01390045414851e-06 0.157473745779694
4.90811041137295e-14 4.99127760831706e-12 2.31502675124191e-05
2.12820778505155e-16 1.58815447695242e-08 6.5896747497808e-10
0.65090479180583 0.886359878610844 0.630086761768948
3.96833530048326e-27 0.906686004171697 9.29924826038772e-46
5.04259549802228e-76 0.298323398922215 2.80489850172349e-128
3.01426667108082e-15 7.2939890718574e-33 0.719361132443371
5.43027615246836e-58 2.72054783640689e-23 8.46851978331501e-38
2.80323276830916e-135 6.83748311202249e-24 4.7370867874895e-133
5.60738520992354e-48 8.23533001716966e-103 0.282466961026201
8.84274431162937e-123 1.07508309232242e-114 3.47894628286263e-34
1.14338632490933e-224 1.95797339679093e-95 1.21512047089976e-140
0.511276213673174 0.417052200576526 0.455260455370467
0.580058725915588 0.513771419827568 0.655508042488664
0.952355872354019 0.854748427184273 0.563357458691857
0.0499974547834613 0.0828779441932798 0.201604289284578
0.808663808126528 0.632660847486276 0.23184620908772
0.287339770383069 0.254468523983672 0.791130116235724
0.0260820752632421 0.0269266232616842 0.735983429975903
0.0278661068631545 0.0307763325430017 0.637996450835079
0.00213281438596502 0.00203462730213902 0.765171239995264
0.572851822171165 0.632400974893734 0.591763864583801
0.239373597579157 0.0911720518842544 0.0135496923128352
0.265976256627355 0.79178236787543 3.8100553246996e-06
1.78997829705313e-11 3.07680871603906e-12 0.661731829980944
1.83091034631337e-12 7.11925548850894e-12 0.0794707712987805
1.07504723308233e-21 2.71586153439044e-19 0.0001242097590473
4.58193720321901e-35 1.87038306115486e-37 0.5029826373985
2.27036777734291e-33 2.93254740109858e-34 0.47311883638268
1.85609938034644e-33 2.80034060200602e-30 1.8125962241398e-06
0.943812676948329 0.770836105437887 0.266507725314348
0.941138159308395 0.221969594965724 6.5480042264858e-10
0.000494594384229126 0.353847272043654 7.07433593013985e-39
3.18448271923292e-131 1.24932823151004e-133 0.0538022672553726
1.00830794245995e-135 4.7969638306031e-136 0.00241616099095029
1.06679354380762e-144 1.04074662886006e-129 2.77556728142282e-29
1.6970920204431e-261 2.98527915059785e-278 0.563509969318932
3.14200620244267e-288 1.04808717447529e-290 4.3001817097719e-05
9.43630860967184e-299 3.2011247464207e-289 4.66963485303941e-17
0.548967980243243 0.628617980866502 0.685768544627872
0.845433502158392 0.893542498301982 0.456987873738044
0.000143586890282761 0.00243960961527307 0.00731775004140193
0.164210389181375 0.312483486398598 0.235092083331906
0.418203298258993 0.926216806213568 0.0852041796749248
0.168520528154284 0.279076074781036 0.306549393754171
0.089481714610898 0.0176677106372077 0.338779304677299
0.0614999492321008 0.111510556850839 0.264531926969915
0.000303730656061068 0.000925158222179245 0.0989880803066582
0.951436123823923 0.160155983069249 0.00590792086561969
0.468825274328922 0.432215882925844 0.000584631764871551
0.00303974015412859 0.692885207979858 1.45723726675324e-10
4.1806539056562e-10 2.93525265645748e-12 0.839457243131243
3.02233219185147e-12 1.88646079372025e-10 0.000893743078215839
2.97524869652231e-16 9.3091946172118e-10 1.00662308791395e-11
4.44209818381318e-26 3.00056378960387e-31 0.495263607691669
7.27713619212928e-34 8.94225756421013e-35 0.00212463477830214
4.49282866278555e-39 7.04262065546798e-34 3.27481501178419e-08
0.983800952201406 0.972742021508556 0.903089067012897
3.74332534641731e-08 0.880884115235155 3.45957816423455e-40
9.69420297469589e-23 0.244943803035381 4.35683423769193e-144
1.55160304240466e-96 1.32462760603998e-122 0.715812641120618
7.86332709732905e-144 4.43687843038907e-119 2.52674316443509e-34
2.1562096649587e-170 1.30168016827007e-100 7.49279447451867e-113
6.28594332777145e-244 1.65525667093894e-316 0.947283230868986
6.73174321725131e-304 1.30031146914332e-302 1.22072685141054e-28
5.71160656190108e-311 1.62364568003847e-265 2.27501228111579e-71
