TOT AFR EUR
0.862437205318068 0.864269599208196 0.960468691252299
0.774590128630549 0.762208365636919 0.968711152434073
0.951648093638592 0.314314810739021 0.0319073385597605
0.602840474690327 0.573101013110298 0.967967388914902
0.492573322174822 0.320114560676158 0.625541580214119
0.855363704494889 0.962614041541435 0.746561074250966
0.861720542205331 0.890794963797897 0.516952910690277
0.68370260839063 0.473837421726648 0.516766270574123
0.830909795636887 0.97212730527697 0.561351539414964
0.327384875954774 0.949132506696057 0.0153351642847877
0.780354147317566 0.712991210099543 0.898988613995855
0.653458332860882 0.421366517339514 0.550357471232204
0.903340653984344 0.806383074808318 0.471627570782922
0.556400952956908 0.446443695243314 0.854936615428377
0.0112032704523912 0.0434129290777934 0.0981282778749092
0.193155453001592 0.118745304621542 0.908613342087144
0.450681938088614 0.29963232446467 0.709069777660768
0.00708386474972321 0.0101864975393728 0.322267047364133
0.0522874265059045 0.078286542567206 0.385760239656006
0.0906138351875162 0.173851898333453 0.354760764189828
0.14619712791974 0.970273330341318 0.00100830348958957
0.0111663091852549 0.0220066251612685 0.2916042195359
1.17477032342603e-06 1.37520919621671e-05 0.0160502653306121
6.74608333629854e-06 0.00116334194511533 0.000537840787757786
1.01820514848704e-12 4.68030050259399e-14 0.368842294076314
2.94690069133694e-06 7.36739768557283e-07 0.451502333565186
4.84160717482245e-14 6.00987186264019e-10 4.92125487971304e-05
0.564237218360404 0.259183678519676 0.0656932754962469
0.30815589860832 0.792981957158391 0.257302937604003
0.727457989527321 0.554647696930997 0.961535623517786
0.885704554870616 0.456711030649539 0.391112290930021
0.0192270618854743 0.0731164530934587 0.102163890470721
0.140834968952866 0.0357534077556387 0.839806488999931
0.238134941695154 0.472443294284018 0.025416117824548
0.179962125420016 0.286801586891154 0.00649887659332838
0.47694917743814 0.455187851558699 0.748756607753724
0.180380319669257 0.939651950900444 0.0787309713391032
0.85173923844623 0.66751436703738 0.90197097634794
0.538017806374466 0.745950625847114 0.588467862952228
0.135718060750526 0.552150335298196 0.141597332190666
0.0359591855499272 0.244564224094344 0.0750230688174918
0.00139331161552033 0.0359440569612396 0.0115004540921581
0.57158063448425 0.213149677671753 0.776161993997882
0.00102911399288891 0.000229130654357385 0.21596781128202
7.40734726995407e-05 0.00337985265377474 0.00920701838020693
0.462587541017056 0.757366094955052 0.484410557636953
0.0807371464115208 0.0407193486938199 2.92109728232856e-05
1.12989857896751e-08 0.497075372952883 6.51706592401189e-16
0.000165857231492782 0.000666509405761671 0.0391780350459172
2.08872265003438e-05 2.01308793701782e-05 0.0302126796072949
2.15737465836956e-13 0.000463595450831262 1.41783398224051e-12
9.82623170714922e-07 4.87357554961628e-09 0.0790455777242872
3.694420335924e-15 4.07946892533824e-20 0.0118526203542085
1.89068747836843e-18 5.42454194035024e-08 3.33482597425176e-13
0.962537861425769 0.999947265499759 0.827488537356448
0.77403077946782 0.762203644864218 0.946227707616278
0.672861356553937 0.552907296232698 0.40894196731953
0.456663001397551 0.447748515897355 0.985936656193796
0.0779859049831379 0.0316420345271098 0.107310966080332
0.638996082732226 0.757590122318183 0.337896422728768
0.70475700492614 0.911260485368347 0.107891172277744
0.256503537454693 0.209528875364925 0.691399502081257
0.625485124752071 0.627537329012405 0.949062751014262
0.632657201622739 0.562680393996004 0.659871424123396
0.728046269794719 0.816345431639495 0.472150507851349
0.101548152130646 0.162039997912357 0.139073757366512
0.0388101820253513 0.0532386812417023 0.214456389360192
0.00970761005222601 0.0256568138757477 0.0390619524060435
0.0563512742968873 0.0313553374295653 0.325749229274013
0.000282935563991172 0.000112516148503215 0.510774190917457
0.00012630460705404 0.000428008883726015 0.0540740719867434
4.32605708750247e-05 8.52102696804021e-05 0.278932363887091
0.741135737057434 0.915327799165242 0.293407361042664
0.559401708864 0.292829377485842 0.0480957045479005
0.406499816040621 0.602653816155086 1.94317775049377e-08
2.11535882375111e-16 8.7901636719013e-17 0.568437052622104
7.57440714331265e-18 1.44604280033966e-16 0.00380757138912467
1.43982495772374e-12 7.80150079061346e-12 0.0356351888388813
3.08850718012017e-36 2.72629918972068e-36 0.0857321216523016
3.77469591783143e-32 2.21928523919794e-32 0.365918538629982
7.99827362163303e-30 6.96917105837841e-30 0.12852372537917
0.926035176976755 0.540480614936696 0.170557697346892
0.245081050581261 0.776096546840807 0.0293521319151588
0.775493703225552 0.288400197412357 0.142096920919446
0.275189820344097 0.337992503552515 0.625445020891061
0.00133534626846316 0.00476973686978965 0.0825587500447726
0.255601050517984 0.179912354668846 0.909018725186544
0.483896660787985 0.777938481559729 0.245008852170369
0.0267830565546913 0.173459635734959 0.00846993386084351
0.133770465343735 0.207863714870566 0.301839627503411
0.679100134396706 0.561061063557271 0.835983725171777
0.442978724768289 0.418749067330852 0.905518959749945
0.37523109832864 0.345334540248595 1.3470584967879e-05
0.462586039534488 0.387454835894549 0.961192457500053
0.00745753675758428 0.00600062265927208 0.562700506041499
0.0291796202784834 0.0817746564368227 0.0947086495145179
1.63301076551215e-05 2.49334424462001e-06 0.686331344266245
0.102936277825821 0.039784780193349 0.632760652397541
3.01154004941493e-11 4.3904283262886e-10 0.00630788545903174
0.529703025419047 0.950270948283802 0.179602166858377
0.808539149498888 0.347603657043259 0.00574822135759064
0.0183585095358229 0.610391215947705 1.83614183209629e-11
5.52259947271968e-14 3.72628325675886e-18 0.888691378636325
1.09987507863048e-14 1.2746393994633e-12 0.000267359125037447
6.3336773106849e-23 1.12481563780739e-13 1.25301077360218e-13
2.74129040439594e-23 4.56587314749118e-31 0.633625745278447
2.77603420094722e-28 9.14548120992661e-30 0.0147610738518199
7.06792967894994e-34 1.85524653820155e-31 1.80236075959745e-06
0.758500137913025 0.474718061145769 0.443235069903011
0.616894255520384 0.273462245908566 0.262868777484473
0.968260629650724 0.945014999514581 0.824327578955202
0.203351859941184 0.207625234447223 0.75237944880315
0.275229243359479 0.400670027359031 0.461268166558842
0.357633255423854 0.29843025943276 0.990247986466986
0.611746367448885 0.532705463235945 0.917021817850009
0.00735734158244853 0.0287747940917572 0.108755312373093
0.0511837250431806 0.43029388542839 0.00475616328821262
0.953117886523519 0.836335809847167 0.549296157208543
0.058185215398617 0.0734169091907204 0.502218965032097
0.212112277852686 0.787712869707684 0.000698653725444988
0.0429667000382644 0.00539792669366222 0.296200911949925
0.0294025252906022 0.0932620669212345 0.1227738914185
0.102869544170442 0.258638413580734 0.173831744429955
0.000125581586165348 1.50188727147655e-05 0.943149098370208
0.000172171546359891 0.000414338949567015 0.166028817289944
1.67553057936074e-08 4.69613415636781e-07 0.00907946764428237
0.53589589125807 0.806942400200832 0.349064757719814
0.0957161507775436 0.915876493688595 0.000562884649037846
0.0446940292242836 0.10941732433531 5.00837941400211e-15
2.6475370542705e-21 3.13807033410585e-21 0.0247795640541536
3.56417815263816e-22 2.69315925174443e-19 0.000112968222343871
9.58074454593218e-30 3.46236015461678e-19 1.85713561422902e-13
6.62314892515897e-42 2.1244768625279e-53 0.751853083521477
7.22023447608952e-53 4.66206616510817e-50 4.0847192920842e-06
7.19806805222493e-48 4.79221739409161e-39 1.29760671187341e-12
0.945378426959099 0.140295839903168 0.175115113856269
0.966319031696452 0.671423081871596 0.765909217269096
0.0717031720060515 0.906080946454691 0.0116962654488875
0.134922596010378 0.770583011330335 0.0234755718552571
0.371812727322791 0.532344848445954 0.511083139492276
0.273043533077031 0.538997362179391 0.0478515849399263
0.285561737167058 0.114109100035706 0.93864846846553
0.752128020962097 0.517153487621903 0.890283102728897
0.28639506775182 0.00659737978232928 0.375755653332408
0.762841802186368 0.869419468805259 0.795331703408766
0.0717665384239231 0.085818143794385 0.000111049115427621
0.000473511174710254 0.652414796433476 1.32210681371526e-05
0.00513063165542762 9.45506598678451e-05 0.722453042982273
3.20066515758292e-05 0.0423760937138417 0.000151888820854579
2.86209949486504e-06 0.0530437629225874 5.22037963542352e-06
0.00142032186733833 0.000118329326903332 0.303592131887714
0.000112201022955042 0.000840140430493743 0.0216710452280738
6.64857174254983e-12 9.9438008737693e-09 2.85657335374078e-05
0.112543058466174 0.586647950602206 0.0950276107522954
5.41061184634621e-19 0.305293180036372 5.97304386917726e-29
2.48725238304401e-53 0.211875453349709 2.26080555566398e-87
7.77904209032982e-11 2.4825481358952e-20 0.49341551483568
5.03441557307893e-37 4.08029963492344e-20 2.62511638341641e-20
9.36329184909764e-63 1.03290099875963e-09 4.9507292039805e-68
9.12949526023626e-23 8.27833695151293e-57 0.441753243824111
5.6066394977669e-66 3.38486785157842e-55 3.87808504786697e-22
5.08244173061501e-104 2.33723048674048e-47 2.48972211566981e-65
0.969717863894158 0.93123070995842 0.773474419610551
0.554612915166284 0.720744450742465 0.234475611695357
0.337716487458744 0.337731664155262 0.90023213268956
0.0136644143803809 0.00946292445312851 0.715011672824873
0.369858369738642 0.356777186252924 0.992850414060553
0.064182525683687 0.0936821389136382 0.276937459862982
0.00322096075899192 0.00088996591168378 0.164313793564932
0.000375635970488873 0.000328640516377724 0.790149168175823
0.172170437880382 0.147534781724983 0.831120796785124
0.973656097672219 0.993459913414515 0.896143771448571
0.966421870901748 0.749631497366654 0.15234761635778
0.58461033760938 0.168070996269313 0.000198350924576253
0.000216130784654957 8.68163639312242e-05 0.513425477876759
6.45300019172647e-07 1.19976021656693e-06 0.26061423057138
4.96803589467571e-05 0.000111221936709325 0.142367893903324
1.32651632435098e-17 3.23446992335366e-19 0.306010896675472
4.32013601509411e-13 9.48070437012938e-13 0.129012416029027
4.59918320758655e-19 1.1943203292738e-17 0.00566013256377818
0.507177642478607 0.530724824763938 0.79990361090979
0.774833580660928 0.331559929622539 0.000791335634428323
0.00187754376615481 0.0987978516982232 1.57491750350229e-14
7.47857032290059e-62 2.56015810557308e-63 0.22361603649842
3.54618015758429e-65 7.6637401421895e-65 0.0104828177279769
1.07569497686569e-64 3.50952853320466e-58 1.1287547402214e-13
2.10283841431542e-144 3.12417554739141e-153 0.575629157118943
4.81624480896417e-158 2.40503822514057e-160 0.0161875916982628
1.14798610627099e-135 2.08138441297289e-131 1.06495651396043e-08
0.14724966184822 0.167014630597162 0.580924430177782
0.970489845898934 0.421393094988233 0.110692380690359
0.617940652888604 0.793133829583899 0.0706444749861305
0.0379693296149195 0.0186651475947963 0.956134125307189
0.257545475110323 0.475376393776145 0.24099024496819
0.840176023618265 0.820433594305501 0.999646577529726
0.0394440865534637 0.0746299072962248 0.254898137618447
0.00804755700709055 0.0129347127743155 0.268260318002906
0.0497522538981538 0.019675757255814 0.824544663620404
0.191427938453024 0.114761325710103 0.844210046722625
0.940876146107221 0.576355645413309 0.304972223616267
0.0119482351269179 0.686749640119386 6.67844339339652e-12
0.000130428417924436 1.8626462269896e-05 0.942574564436408
1.01426602199639e-06 7.85713567985201e-07 0.218557780195733
5.88027225653679e-12 7.19369657459878e-08 1.41429980037891e-07
5.13353806947972e-11 7.316683185493e-14 0.990231688881052
1.35682015092854e-17 1.60469968183537e-18 0.0677639935557601
3.99227657438208e-15 8.62030541104523e-12 9.19013902745419e-06
0.278554468133623 0.0780378356069012 0.257050893439402
0.000355782138699636 0.528793207867424 2.92711199381818e-24
4.79927336114265e-11 0.20630885809461 1.96239036897987e-80
4.91502733089726e-53 3.46262683565345e-69 0.802038224390551
5.42273903422653e-75 7.10034934081375e-58 1.24348072762695e-24
2.34224135565123e-84 6.03086904890392e-53 6.3700748411463e-52
2.59544077140379e-108 8.73242502393609e-144 0.6250794778584
2.8553749254832e-156 1.39561949779554e-159 1.48412732515908e-12
6.01263506070129e-161 8.89677155189035e-131 4.30575158285952e-43
0.565495556898816 0.737999898542144 0.0435404644106338
0.532843222673568 0.934007388832528 0.120259916411783
0.343611854187449 0.576069385644105 0.300003518552073
0.00872437547245747 0.0200040721066909 0.220073802323124
0.379682660312397 0.157993032401501 0.385170173567214
0.236242610683791 0.26422221744277 0.666650892641626
0.349733329464231 0.101459177624481 0.221404908871527
0.131225348869509 0.232554563318749 0.310554396684587
0.00172312614622519 0.00358396592238966 0.22690911571838
0.919934254449426 0.828250571705414 0.833561434744386
0.24363287260969 0.0818824086166472 0.38374151795463
0.142195359423853 0.931658449597385 0.00104579112324891
0.0213255447727811 0.0975859331495176 0.0558000354757054
0.000907902076047404 0.000348814206034347 0.796861259624199
0.000507628176772871 0.0439695418888227 0.000221730041887104
1.91149672835809e-06 9.11007820149871e-09 0.388972705751835
4.19401434594385e-10 2.84540603398794e-11 0.461202705257622
1.75887636455067e-10 5.50327500633196e-09 0.00675815346175129
0.648171526082037 0.523520019303619 0.804508849390962
0.0122386721351442 0.976470374117532 9.76902785226361e-09
2.41590323506104e-12 0.116507738326423 2.84544572413691e-37
1.84299505588855e-28 5.74767383046577e-36 0.865928881574142
5.72215410601682e-37 4.91842761639157e-32 3.21223551314082e-07
1.79804568582323e-59 1.29829922396625e-33 1.51784457014624e-36
2.97450590774751e-87 1.37046886061975e-113 0.499056400083053
1.06031523405458e-101 6.42318956473488e-96 5.7714358577175e-11
2.55081514757139e-133 4.87123555634935e-115 9.70447198321766e-23
0.529849280162204 0.0367060326677786 0.341759202502337
0.736039807800894 0.879282658304393 0.750605249180152
0.00814563785487372 0.0606634657413574 0.05565827683523
0.791746574776296 0.224580866555617 0.499291301942944
0.902022769157597 0.663841036328395 0.83446477205786
0.0191980492860555 0.250574010174345 0.0328038257624202
0.385912503155841 0.216325341158271 0.934140784620098
0.20509088551163 0.993965836141322 0.0973039068469438
0.0344856592423434 0.0329227549773182 0.316638840015267
0.505643662274771 0.513197590426558 0.150391422279746
0.0456258901657844 0.431267663409373 0.000779363704235164
7.78963528252406e-08 0.625142754428537 2.04724035659801e-11
0.00034872625560355 0.00134120699746569 0.046723384959444
5.92995652717877e-08 0.000803461051452044 1.37941966516617e-05
1.85897326693505e-14 0.391816453960337 2.72126138851386e-21
1.95254560668531e-06 2.10077594030032e-13 0.910632556040527
2.74292411473841e-08 4.67302972384447e-08 0.00639967969940514
3.1014020488533e-24 8.43247107092983e-08 2.94223823860813e-19
0.647862833600583 0.506047092963707 0.962907459668469
5.98351618573605e-20 0.0612273315140687 2.41150983105693e-43
8.96118381447798e-72 0.730395600405275 1.96677461984598e-131
3.98793760842305e-15 3.06759379690567e-29 0.386316866184747
2.43272443947322e-72 1.37267506814237e-33 1.82778092025508e-42
3.35617655696139e-149 6.0327551926582e-29 2.26231456269432e-142
1.1890790728764e-42 1.03704849690202e-115 0.412226935605721
1.81267160445309e-107 5.28844705977937e-98 1.34397220580669e-31
2.0095932233187e-193 9.25049865849611e-92 3.30384626365927e-112
0.471448604717317 0.599782353787464 0.284196359243227
0.636983593448279 0.301796182681375 0.00685512095317834
0.406136546361163 0.51522923570779 0.284152569901394
0.213458858188184 0.144721751240219 0.356497627237576
0.0325085743423961 0.0651883585665979 0.0953417731340622
0.341927007974195 0.229540745354456 0.293874558082993
0.567450332030146 0.769937332759745 0.139986539748299
0.000607542155751956 0.00116884615963244 0.163992105126579
0.330490678888674 0.423865366656618 0.367988585551141
0.189703101974832 0.202345706027588 0.725228693620128
0.0329499301792744 0.104452444252142 0.00352388816087004
0.0654290905734883 0.186876067872407 0.0065514659267726
1.25594289643295e-10 1.77668957489504e-11 0.541223200052994
7.77083288342949e-16 1.02581783199569e-14 0.00707973335945054
6.09190411999547e-16 3.69699385880197e-14 0.000494290703499877
5.57271791116542e-35 2.85236433130212e-36 0.703962243838304
1.14147193025773e-36 5.83935801349417e-38 0.644662504743788
1.33979498106154e-34 1.12033591418368e-32 0.000837393845653437
0.520488009498037 0.414111561112717 0.473313036953013
0.304897207065944 0.769241258428552 3.5658639183978e-11
0.0407861373717293 0.672389479151668 1.15280504441747e-32
2.55717573551029e-115 3.13263365825303e-118 0.121035475658613
6.42763386617326e-146 3.10535010438951e-140 9.82469935535664e-09
4.03649457804765e-128 3.69660022482191e-113 2.46890068016716e-26
3.70664290213483e-299 1.81409278224344e-310 0.125080597742067
1.27416602047389e-291 1.67096144771412e-290 3.6992407775007e-07
1.42337159888035e-306 5.20353858517134e-301 4.21101725137294e-12
0.987639718666989 0.47215515613765 0.153952171802837
0.0358446575661875 0.0216877093086625 0.852106706465944
0.257571182415981 0.760658938088209 0.0433440810039625
0.364671056332911 0.722695248554059 0.157514610759261
0.90562772402942 0.865911595285312 0.514772013014516
0.20799403465612 0.749112725473519 0.0194593533257281
0.0119526547125403 0.00855019574565804 0.641855163261128
0.214840314933921 0.172389831372854 0.931162364655502
3.8591204446482e-07 3.12605487867257e-08 0.648502968435273
0.087045518356098 0.131130230745684 0.359321034994763
0.0128866966064674 0.942515417117375 7.26132305048954e-09
0.00244914452983948 0.612159818572528 7.80701781429737e-17
3.04333656897375e-09 4.53285831625944e-12 0.740866275298806
2.978901494165e-13 2.51455913163093e-12 0.00698759738230311
7.80707815652085e-16 1.52943041616067e-09 3.13496461399617e-11
5.05706517738684e-25 2.61001708611822e-32 0.823713310921607
6.44368072876499e-33 6.96812187442692e-36 0.0327283077654653
1.22942583559461e-44 5.99435499713217e-38 5.40199002466418e-10
0.07897068464998 0.068078775849686 0.729303257458391
4.95553250454153e-13 0.270277699003322 5.22408874881736e-49
2.83472610215636e-32 0.415360735036678 5.37722436694308e-154
1.61889298422567e-106 1.11727447893093e-138 0.780883805324821
1.13944791727651e-127 6.20218064138988e-100 1.9386960983634e-37
6.02780083659677e-188 3.3867878316435e-111 1.06678613638108e-122
2.46839020892823e-227 2.71670734248014e-283 0.110526746602484
8.58840196895944e-235 5.2382310057486e-246 1.31526270177252e-15
3.21229165215419e-301 2.31550375909726e-253 6.71849234302308e-69
