TOT AFR EUR
0.733808480116876 0.731022215937786 0.101063840283067
0.202921309699404 0.16231497010127 0.960004755765545
0.435263201428963 0.438374386032213 0.827088049831126
0.595529055221379 0.551012923025721 0.996468873739129
0.899864703405441 0.94575972764895 0.88740781741243
0.107727631372867 0.245435564871421 0.216875976483931
0.0422796048594936 0.0493430373263717 0.537271251416959
0.331932044262641 0.304651064230194 0.905293910506154
0.00643547251407355 0.00532401587931364 0.585820702350332
0.0946319010171842 0.209060164413286 0.20623293531267
0.737515902826728 0.851414049442267 0.292820173738964
0.108741452772417 0.183397883881609 0.345612747463598
0.513179166746117 0.840769075363482 0.243191066520151
0.0394017835521404 0.0365424720067634 0.664339973852611
0.287804591055558 0.954291213112921 0.0219234867104503
0.0320165690005893 0.00992930671751596 0.71160845557337
0.0527762106518419 0.376177555436345 0.0116099904104883
0.00834666473744168 0.0169353394501722 0.24381196083278
0.72224402813097 0.59812686161886 0.0547390989985819
0.909951196925527 0.169947757914227 0.0117796216203574
0.518849480692204 0.121519542394114 0.0706647283910868
0.000171738171714896 1.58477939785209e-05 0.7944256971584
4.42664399034227e-06 0.000460061947383267 0.00206404826148155
2.2085551216729e-06 0.000277850267270594 0.000371458394822527
2.67092926772087e-14 2.3472563177609e-15 0.196444671659238
4.7120403918821e-19 2.78089861370279e-17 0.000976908630838028
2.69443587722511e-13 2.67071203850128e-12 0.0117810583046002
0.565179933235419 0.324319203826108 0.953848877245994
0.613920140728304 0.371221274685094 0.128684816332119
0.599766535652138 0.619290586031658 0.783643400480967
0.313121532509445 0.453264122470619 0.484880921286275
0.27348784968104 0.890885451008695 0.116443532107269
0.0348639387556729 0.179010563253018 0.0961489739597738
0.0109796717193574 0.0343013926369422 0.130180924377995
0.116144552259889 0.3841353714008 0.174481525723172
0.396678928418594 0.136109429465566 0.892402450835048
0.498747219132043 0.137820525123758 0.769427847803846
0.690376263400961 0.470079031730244 0.916138447962087
0.00391151915634202 0.0992507944764912 0.0140966796261771
0.0687022389447119 0.162707372928824 0.217550609573709
0.24650339747809 0.366273319428417 0.444422541850904
0.00156664218898502 0.114472965544153 0.00475499349753868
0.286926587169189 0.755701512753032 0.0902095119829858
0.0562869566276516 0.212988943597855 0.160394795430098
0.00124074079895355 0.00609977104047268 0.0444322870371711
0.345762351741844 0.0772367012355269 0.00994068387056222
4.40509770986319e-05 0.659625893206204 4.36618450246085e-07
2.54905330053441e-05 0.0941950735212108 1.30159825080984e-12
0.0439423176333733 0.00553379801076055 0.825950362125883
4.8975965839937e-11 7.73068763516952e-07 2.06868383088715e-05
1.17785247597941e-12 0.00268107472406973 8.17774546520969e-12
1.27620324321848e-09 1.43097115314099e-19 0.820033305337399
1.56876598625831e-12 9.29595125110575e-09 3.75053339485829e-06
1.60283717796712e-22 1.81711533346653e-10 3.60126986367016e-14
0.114350780082228 0.168482414973725 0.379292313053841
0.966206593029041 0.847425844079282 0.528295004293117
0.122662004170657 0.183665721807804 0.290447285646066
0.263780494880063 0.175824861561475 0.278771747965402
0.8879340052886 0.779069719462173 0.106869561676452
0.874540803268056 0.627756152905007 0.147220123855353
0.0666652200864577 0.0575171074740118 0.971794123428136
0.748804478333152 0.763512599933412 0.900759241410989
0.934355717271427 0.97892585057235 0.603867580840006
0.856693914267577 0.747259887594404 0.595885520806842
0.422336386506943 0.395737690245971 0.917794626759024
0.948981643842938 0.888455858024603 0.421092535268695
0.137229781858021 0.0951066420223738 0.474630471104846
0.0683016816038537 0.057033787710733 0.873427842894974
0.0840701532062582 0.190076880634809 0.0287542629627116
0.000833973531447077 0.000765607526498128 0.787571227472764
0.0101489938423031 0.0190399876731316 0.190125811492177
5.55649129664455e-06 2.71768729935295e-06 0.9320220881263
0.209010533740552 0.247984694174257 0.582667867817313
0.141333052611414 0.0496545894865985 0.0341830976014801
0.431536127446825 0.871704242779231 0.000486430978993552
2.64371026320313e-17 2.16808117402645e-17 0.441288202368199
1.74117149414933e-12 1.23918467340945e-12 0.461434487784693
5.89855644753908e-19 6.47782957465644e-17 9.1603472109684e-05
5.63804064064539e-33 1.26757028146802e-34 0.867738712574395
1.32586944197502e-41 4.28159731694837e-42 0.249113589538796
5.11869268588734e-22 1.03032551707473e-22 0.577876699643109
0.93411584850649 0.552294999371244 0.343977791115308
0.472581997681352 0.581649951571296 0.559164023045004
0.356372517422915 0.121434154759449 0.252248043208423
0.348941058715758 0.262619158822857 0.903945528670432
0.24776488700247 0.264883336722691 0.682010031867983
0.292891883933973 0.31147196461097 0.681500642855931
0.534123839359627 0.884140190127279 0.249060121133412
0.203874281473375 0.383158581746619 0.255606385020596
0.715231308073826 0.24198480149871 0.117822753848423
0.523737004937629 0.237611476435656 0.338702158268265
0.726865570253328 0.901999821678355 0.251732988506584
0.0279347970824453 0.295418198065789 0.00130149591905728
0.604745532373196 0.711776866762981 0.0295700525422475
0.0740362359621354 0.118419245814965 0.331401292972008
0.0202439093134601 0.0642651145248292 0.107300485712002
0.0244725121558549 0.00445646671532307 0.50409774647407
1.63038360865181e-07 5.20125522929557e-07 0.065523782322164
0.0026050783455206 0.00807189099052767 0.141718942753814
0.575599954467938 0.451581220519692 0.787784210882523
0.048154053719723 0.900485211429219 1.75671944416332e-07
0.000371136731209185 0.960867871255141 9.67537499696707e-19
1.73737751852579e-13 4.35706283074374e-16 0.755721198194129
1.79257154762785e-21 2.23570568646064e-16 1.73589173435037e-08
2.48317839549882e-21 6.48255050575198e-12 8.84122545871424e-16
7.42588673964577e-28 2.27503380374499e-35 0.895590175235827
6.28145203593257e-27 3.7170426113914e-26 0.000935071888313623
8.10558500137469e-31 1.19020743072557e-28 1.83266663973126e-05
0.126503481888319 0.0701278972615539 0.831775092948258
0.0411590409751745 0.148994236695702 0.0770708856179726
0.643635909194126 0.222948682887832 0.144233787671614
0.543249941202154 0.762712363501344 0.455364084513073
0.754420616125596 0.489817614562915 0.480824090977421
0.639196090810949 0.743759283485769 0.685748853567838
0.107097046539639 0.0250487599466713 0.40526467488667
0.232323531109958 0.269561770537984 0.619592852853785
0.212574847104473 0.596830748106082 0.0771053235911589
0.146236816302266 0.338309972732849 0.164446982397312
0.173336250935033 0.528319759341977 0.0676801772348936
0.164600562314303 0.452780375261468 0.113899227204942
0.0153427163494448 0.00224486245356736 0.458137141107838
0.0122796587378828 0.00729859497516415 0.813053226077711
0.0002522857459477 0.0012241351664322 0.0813499301821304
1.37960753237387e-07 6.06940565255402e-09 0.914766285626628
6.41685903213802e-10 1.26810252592459e-09 0.0985346956768496
0.0123027062276154 0.0258795940147478 0.229296573532872
0.90722197043109 0.978499443489714 0.82079913609115
0.000319613466013126 0.137056030938509 3.89359335913118e-07
0.00289371819170447 0.923594519306293 5.85872689313907e-12
5.52481978961784e-15 1.1215236328526e-18 0.853817399420557
3.14144584703689e-15 1.12852154904509e-12 0.000241462990660653
2.53898377508835e-38 1.24069538337067e-23 3.04331437444199e-20
7.41940741576012e-47 2.10571407930982e-51 0.0219821992440633
4.22952677204448e-58 3.87405115995164e-60 0.00056737222627154
8.25765291226859e-73 7.82559717486466e-62 4.16739714243054e-14
0.697558108678669 0.862776451865053 0.510347497195435
0.794842726435143 0.978517829286982 0.746999690286358
0.196314467924991 0.739599472825182 0.147484846027038
0.949281266725819 0.567366043674502 0.567415803144561
0.035236791298908 0.19544398343709 0.088455384772527
0.288337293395515 0.564530304998393 0.351868002653806
0.185525118997771 0.0575113083951048 0.879686153542519
0.570143023440763 0.275337896065166 0.873681227542117
0.130681181987907 0.846735928043122 0.0668348925630796
0.804231155803514 0.972720785021199 0.71734568566932
0.285142561044168 0.811140332863495 0.0960440031084406
0.00201895702077124 0.565671780585145 0.000282742925345361
0.21956891386682 0.0419659317126407 0.908933070929589
8.46016138208727e-06 0.00428929590387116 0.000402058562612389
9.84171049181749e-05 0.000873875346024843 0.0196207388506109
0.239757826591239 0.00475945937773027 0.382481318748012
0.000265421161085967 9.46666072565867e-06 0.311267837888677
1.5947897159123e-10 1.79019521381326e-07 3.85167144057287e-05
0.846402315150896 0.859132182399404 0.683077328732756
9.19048321524378e-15 0.368788138062282 3.18540754561237e-22
3.87600358056761e-31 0.552097155837117 1.69790545119158e-56
8.43326497535908e-06 2.56855628543894e-12 0.911958836016319
1.15829456063508e-41 5.20675431872639e-21 1.4523969190208e-23
1.22174286154749e-66 2.69072868082677e-09 1.4167883073512e-72
2.73004939799856e-21 2.56377251462142e-51 0.913247866965546
2.6027312812445e-56 2.50729006067525e-54 2.54809498526818e-16
1.94959478879906e-103 6.16836233139471e-55 1.37382404911596e-55
0.730165282550562 0.776509619311572 0.733595252871111
0.782865196538933 0.650906838223694 0.351462454613769
0.858213758320165 0.797342657931314 0.703622047519836
0.942310339419399 0.923034187855676 0.912123252398892
0.650159072468898 0.711014061420932 0.656879754835858
0.72022644385431 0.621497560910773 0.572269166166909
0.574983920437755 0.571511086416947 0.965610647894239
0.818425550370003 0.967103931892129 0.36008855949876
0.000573596331329892 0.000536105190866813 0.735365101343631
0.526029360785946 0.578479234491692 0.635710906313117
0.327467946417813 0.150468276742753 0.0291020011987409
0.950745278665065 0.73426456986428 0.172849810262231
0.0343839504480896 0.0997029131994122 0.0102256348388801
6.72087291879015e-08 4.64284586113453e-08 0.74938416490744
3.38249029259275e-07 3.03451542385438e-07 0.633765903111717
4.323053560336e-19 6.0391996031261e-19 0.189721560883865
3.72804644044425e-18 9.1782431221561e-20 0.293017155370214
2.79919984301031e-18 4.18716247046414e-17 0.00866235369740764
0.860366521194465 0.639387113783946 0.199853015578171
0.474393853200725 0.71052237465911 2.0263281851227e-09
0.0266082253581934 0.536180691203051 8.66543855909901e-19
1.24059753148449e-60 4.77427716738633e-66 0.219533478362905
5.89780584485309e-72 9.56324336734201e-70 0.000380037821802148
6.29956594865368e-65 2.39413544299084e-58 7.37993437115942e-13
1.76454696450888e-142 3.87951699619284e-151 0.81625594671155
2.88000992164215e-134 3.34319405887792e-137 0.0593036621860136
1.34995321017247e-156 5.23859941223826e-150 3.26466303744886e-10
0.405413053201336 0.341596194811223 0.987069300006024
0.701586956003857 0.84065227670488 0.634321484051546
0.879220814139393 0.541026286670774 0.0829170388031933
0.0361338337083459 0.0646996421630234 0.266270738156969
0.289958106341955 0.260728166414219 0.878770350270428
0.00931093592402119 0.00935086579476998 0.446703417215665
0.00110837018794284 0.000195315754967428 0.958108858352596
0.178501228635789 0.106280171497508 0.84995209044031
0.380511807924778 0.688907171798409 0.236259063406977
0.517138170064756 0.857406441910379 0.244674640723334
0.135248132873139 0.721676096213147 0.00454920321673787
1.21338766315583e-05 0.0227968651212292 1.47508887393022e-08
5.75844062575147e-06 2.94760081668652e-06 0.301182175962978
4.57534162062938e-07 3.86655826577951e-08 0.621577752390678
4.82843218505153e-11 7.25521599714317e-09 0.000480449255597611
1.87544565241022e-14 2.78737149313594e-21 0.0996056464833431
7.09019915006521e-14 5.30346309489026e-13 0.00847976089751616
1.4706237087706e-21 1.80761208250084e-20 0.0015618631964163
0.77242665247403 0.947556627095624 0.440383220620525
2.96550760696923e-05 0.759800314140532 2.87937895675149e-22
1.60005027815793e-12 0.974165058286396 2.04151870699937e-68
1.19045383280196e-57 5.90186615604824e-72 0.515745618771722
3.23965788838081e-74 8.48778955579782e-61 6.90166848280116e-20
3.61778040950248e-95 5.7527434173998e-57 1.08113838561806e-59
2.57759601746756e-111 4.2426489536421e-150 0.601183823840965
1.78982871806713e-127 3.40774192329293e-128 6.52296369537718e-13
1.43670925721597e-159 3.33807686143679e-131 1.6634896644358e-42
0.330583745277277 0.218911418911375 0.783467260136556
0.347307035926044 0.504787008557395 0.43382182732804
0.306747547498482 0.278220220923523 0.900358198434237
0.243847532134457 0.521102421756426 0.177533218290156
0.686416278247472 0.939213962933287 0.453012177683555
0.803231576738175 0.908545188215274 0.736856019882097
0.785024481890263 0.995004592376858 0.534661037632449
0.0146217946087164 0.0135188802035782 0.601371933623686
0.0423649085043768 0.0772853949386719 0.296126466068313
0.591430727716612 0.721093478403906 0.607433541067054
0.000833118320186113 0.0131429804489505 0.0107943063843698
0.0468555184413974 0.99171678786348 7.94998812083137e-06
0.558988163501353 0.332283771071082 0.526305364743918
7.69463615922084e-07 1.81839150301278e-06 0.112581645578991
3.08945226953359e-06 0.00057814412116792 0.000221045182442216
1.97566311748840e-09 8.43360887565817e-09 0.0558305802936747
1.982002866497e-12 1.81659249113225e-13 0.270640958421255
6.35565258446381e-16 2.47603860220271e-10 3.92398222131271e-08
0.284797464679845 0.244881162092445 0.936300738785179
0.119345024871434 0.695729198308498 1.382529788435e-05
2.90347431757726e-12 0.0764962814963861 4.3665353794929e-36
1.03354309971972e-23 1.89435621566743e-28 0.65367665534149
2.12461237099555e-40 9.99746702160681e-34 9.54255705697737e-09
2.35034279606254e-61 1.05324906333097e-36 4.11190152913406e-33
7.40621732940935e-95 2.0507896013502e-115 0.477485803422958
1.06468800459914e-112 7.58519559769849e-119 1.07529124844657e-05
1.08774123013055e-123 4.40366894926297e-101 1.25406502104219e-25
0.256174742509341 0.914919923750724 0.15798585084049
0.170460388329119 0.803584065977244 0.0410563875258584
0.582147461741282 0.495228455206199 0.177435221351362
0.773928948656367 0.151861265840384 0.106207134513884
0.822734008831412 0.865967604824778 0.876621571329347
0.0570639910612262 0.39804479441357 0.0680288091174002
0.00683346795311455 0.0175983264231527 0.11446202235342
0.110645210549729 0.055484894789995 0.621942902923115
0.0715515262079315 0.424449460075105 0.0871939986156989
0.707740966464719 0.206120055667179 0.560181267445157
0.00548689312641422 0.759983654502403 0.000575518110822885
8.55948896873777e-08 0.655282651461698 1.57295135555615e-11
0.00904218857919624 0.0229242150588024 0.135883601901048
9.69400112116579e-08 0.00279678118908757 6.50741946605789e-06
2.62313420575946e-13 0.000190703636683651 7.08089043337032e-11
0.00106046207308166 4.59599198778763e-09 0.502269037016866
1.71716315021143e-07 2.16296444114809e-06 0.00386269510199858
5.3339459347592e-22 8.37483248761393e-10 4.63963159136017e-14
0.70429581333796 0.674659126661877 0.879379818667427
2.57811800468685e-28 0.793794454371683 1.92501647104289e-47
1.32901032593114e-70 0.521394253563122 1.96848774599996e-133
2.27919608068123e-19 2.06309938547931e-43 0.927651893906901
2.23015738023991e-83 2.26471551601105e-41 1.26071781378802e-47
3.45000735923834e-157 4.6851433996704e-30 7.27858572415087e-150
1.52012799976748e-46 1.92597249028285e-103 0.521970217541937
1.71151932403313e-132 5.58327012348267e-114 6.58235216981987e-41
1.59320289221988e-193 9.76915833950186e-84 3.39173174860192e-118
0.487403746855954 0.502449494005639 0.827070265327048
0.894820842021493 0.860257228584063 0.105857025880215
0.217735397672143 0.339873775259656 0.127934049184495
0.581617837257579 0.315330948945393 0.0340567067455949
0.877270074805364 0.822461359243439 0.75696975971171
0.0898326040633608 0.127201312485198 0.322604588829553
0.0973374075848761 0.0516959304737185 0.198893106286369
0.000981983330611107 0.00155455380597251 0.258996274552287
0.836776903808764 0.865326454607438 0.0730024297410567
0.755413806874489 0.641316863047978 0.497923264752437
0.0574407896525314 0.0168957964469431 0.030508401639874
0.20813836654724 0.739938842137806 7.47711552606806e-06
1.32771357178561e-10 4.06525831795212e-11 0.936765409489225
2.66354668916268e-07 2.0585760883131e-07 0.690437031263085
2.08288114011238e-18 1.85678200430221e-15 5.14900838484836e-07
8.82392946111875e-36 4.56254723995862e-37 0.708157192909552
2.87967097970146e-37 1.90624116185087e-36 0.0174085897633991
1.33519339958252e-33 1.05717867047819e-31 0.00104613078880792
0.534480046688787 0.713003741212223 0.171667502786627
0.000818658046016202 0.0308043600933375 9.20661583018011e-10
0.320106051362762 0.189264726690264 1.60102530006583e-30
5.0721533579886e-124 1.88991075157608e-131 0.701157063957491
3.11243890943655e-138 1.57401301054298e-133 8.84402738382821e-09
8.29413986802384e-139 7.27497558746313e-125 2.78954452209065e-27
2.66414851239312e-253 1.50828703380568e-269 0.54845083051466
1.97626258336499e-323 5.32405139958527e-320 4.2839949710866e-10
1.11806251004256e-294 2.18298475218034e-285 6.58251206729894e-15
0.564935828016707 0.986660930649496 0.159775392605401
0.852673887913103 0.737137557578084 0.247718162801526
0.366655716723013 0.246818845190233 0.771780706325497
0.562977948587715 0.870371337393028 0.319664471818357
0.0482648373217903 0.0643005188279226 0.416857781318741
0.0173470279498986 0.104283740835305 0.0252157238810519
0.0540505471012925 0.0212595375131542 0.786964956953607
0.00260201001433351 0.0263982342533535 0.0133948334877268
0.937501988337403 0.682282751519915 0.296275509232029
0.290871999149531 0.286677515359755 0.784318963717934
0.0558997180103786 0.702119868671264 0.000225800094621736
0.0823150635154703 0.266963938151965 4.16795626716355e-11
0.000609524802451574 1.01670373671092e-05 0.268255205026793
2.1231364095565e-11 9.72145664353473e-11 0.018077579223206
1.07853558301342e-16 9.14863634573419e-12 4.55316815655788e-08
2.11664443027779e-28 1.39536447337205e-30 0.0324946745532409
7.48405835534158e-42 2.60858264269527e-43 0.00100372187929272
2.94750664204131e-42 5.46608725332861e-33 9.85249977490058e-14
0.924275219612313 0.931201529524601 0.689184553847127
3.6213767855994e-06 0.0617233626344026 5.55269990443436e-48
1.87547660040159e-23 0.645958836034825 1.31093481964255e-123
1.23827574593418e-100 2.66204849011475e-120 0.0648348313094683
4.15962759928661e-135 2.05769308213096e-112 1.1364517894604e-33
4.05819763387389e-195 5.54659457604859e-120 9.28913912555427e-117
6.35114444485384e-217 2.96192678097163e-283 0.799192057986688
9.10031769960659e-273 8.40176307259987e-286 2.0871908832309e-17
3.95252516672997e-323 6.72044907223269e-265 7.94832165494048e-84
