TOT AFR EUR
0.489125289155677 0.875531497662396 0.2343453603983
0.360625027303712 0.828588446726468 0.0558095966164436
0.775161056856151 0.995756492407203 0.496960605725395
0.295817824887928 0.423754317291802 0.442870281518688
0.722687786650688 0.973089893516214 0.451179471762423
0.0099335282316496 0.213937666186967 0.000702890234656077
0.535258467638219 0.721803768294396 0.469365427098389
0.476053482971569 0.680583366253921 0.369088212489301
0.980042889120748 0.848953520330144 0.744376381771904
0.422085079084728 0.378189385370659 0.97040800954423
0.210795718211591 0.213214573974402 0.748425312475061
0.685113242798401 0.207980564355104 0.000289833333858701
0.178639820647335 0.182122395090569 0.727326321576995
0.0155339300564113 0.0257228882257035 0.354219699750054
0.605604069441923 0.780428859317948 0.536366246334685
0.099449951918712 0.0199444099866703 0.396663513701533
0.0524091082086168 0.156165367725662 0.102695592634857
0.00249467333862582 0.0211333771049487 0.026631724600963
0.78797676877302 0.555997781409336 0.580879291939359
0.798565773447344 0.47979282736355 0.0416819324699983
0.0169902244083274 0.453636427854463 0.000800022839548031
5.52706064014412e-05 8.85813707495694e-06 0.919411280686828
0.000117225161705078 6.77632426097832e-05 0.503544189575436
1.72156251495499e-07 1.27026657431826e-06 0.0317735445864147
1.13897472601158e-12 1.45850145679932e-14 0.607009663011023
5.08677557194802e-09 5.59701865726041e-09 0.135518114732663
4.10885595764029e-16 1.39193911268583e-11 5.85148466295634e-07
0.490203200505738 0.0333085631614934 0.415549376442313
0.856417124225454 0.232371609535804 0.426251182062307
0.594302398878628 0.483035639009327 0.195157534010409
0.476726563842046 0.119874405368257 0.660972080024156
0.1709200189326 0.246132943374619 0.396579509479952
0.774583633302227 0.431584037378108 0.74195248489187
0.543719889194543 0.885283018935059 0.354565134463107
0.624317975473238 0.120297263836337 0.559799204474633
0.781866318836384 0.350849739955132 0.681237345942677
0.167911060631589 0.657178288744951 0.143773130378692
0.239196502734301 0.5560806387112 0.30561143609507
0.550822953492007 0.0783312751751712 0.480078021092275
0.801003245858983 0.656538380545906 0.959450035282798
0.390477176742989 0.169665911598003 0.993192531509563
0.0748405937512759 0.970399634275604 0.0164345307614141
0.372121044927997 0.0825781776856619 0.766220979328055
0.124404158417842 0.092147533997864 0.50740650750007
0.0349933128170046 0.372215202386 0.0418659486369172
0.401058384766419 0.969211123149499 0.242335831698609
0.000231748452452708 0.198744681118902 0.000160680548916757
1.15688223561234e-12 0.217700409400177 4.36088741140589e-18
0.0329496590352933 6.84314633847131e-05 0.629780737673527
1.02925148777212e-08 0.000429714849405878 8.56492375187871e-06
2.65472450997204e-19 4.40758542828535e-06 2.80814743473692e-17
1.03545392324541e-09 3.2257716476329e-13 0.0388007993079442
2.82761689487279e-12 3.84588196556195e-13 0.00163182196285598
9.15309201673753e-17 5.5590568987284e-09 2.36188192456592e-10
0.642202578515222 0.775803183838466 0.363294727779998
0.0118606661978549 0.0128313209611714 0.735706518160172
0.985419523273939 0.911690407260374 0.385663130833454
0.962139857754174 0.885879449852691 0.725221886994694
0.389232950085329 0.323258411671294 0.507905041569549
0.944132506652282 0.954233166485874 0.490423162420022
0.197722668193393 0.173909992208903 0.821961372164373
0.360410200542755 0.247679655661333 0.240153693056362
0.0592017282648074 0.0369882068331411 0.514278944076598
0.226889952395779 0.256435262589352 0.575820206992818
0.410287842893109 0.459294318882601 0.647390136184273
0.764954059372314 0.539180868465233 0.156645711460504
0.0581136928116885 0.0524734557866182 0.981064726490664
0.0326469132132184 0.0198819321931767 0.529034973658884
0.683425062480002 0.63908953284951 0.797671372406355
8.16436034213194e-08 1.03329664525451e-07 0.298351524340868
0.0101285608183394 0.00977711535106667 0.799138309366631
0.000124502850045459 3.56572017257474e-05 0.36872565647044
0.0871961998573136 0.0858941025117268 0.83912588723199
0.685626054870528 0.961939051511019 0.0200258126535936
0.0894802766290316 0.427303869831719 1.46243504029415e-05
2.2904583829296e-12 1.04694659392021e-12 0.707581979030011
4.31041467908618e-16 1.15723808801277e-16 0.805843629354585
8.69296882124611e-17 2.85270591581249e-15 0.000788384300022621
6.26187253100069e-24 5.2419518370635e-25 0.784706730577469
2.55269087927864e-31 5.24677561354156e-31 0.0975445305258767
4.49367617709729e-27 2.74233269373831e-26 0.0146567857763764
0.283694410915586 0.132607228817607 0.597192850656138
0.5560108584681 0.845547605081154 0.349732567306712
0.261571323680005 0.558290054432216 0.162575548006086
0.730372454794493 0.619183961590517 0.830107011057245
0.375118820022793 0.432242213512953 0.651499119647027
0.547748523685588 0.764331650058217 0.349236421922105
0.46127503382371 0.470883855707517 0.81622227525019
0.224992181237148 0.298235467239254 0.459790541917819
0.640963322629398 0.416255068925324 0.558981092552139
0.652697694680998 0.827277402421607 0.545697774599838
0.152475947355495 0.178846393886522 0.540033366484777
0.503631092283245 0.694866079560589 0.00857257416775659
0.00243905992571155 0.00379816202204832 0.28817855098815
0.403198356159001 0.449742558385424 0.700987806863205
0.0252053810096458 0.486775877657822 0.000479264301853685
0.000439096978644614 2.29497837035409e-05 0.599489364450544
1.0345449350659e-07 6.52420070095704e-08 0.194716571762481
0.0390002901406378 0.0117917370766188 0.719830790136578
0.475298520039343 0.62895277246798 0.490326780917541
0.319557190173215 0.825995025674727 0.00160974452755933
0.0496624354589962 0.0358655789313892 5.74475731697366e-18
3.50676171147139e-13 7.08928037378897e-17 0.9957440201489
1.59356282260357e-19 3.11652323581049e-16 1.73366548620698e-05
6.19560232700979e-19 1.37878816850795e-12 6.88514643442774e-13
2.540270596756e-19 3.31930878551224e-28 0.208391670077132
2.23811379924646e-30 1.74444061122682e-30 0.00056298779920617
2.48938547238619e-26 7.89861676872313e-21 2.39127205184838e-08
0.765709001771433 0.90527965940958 0.678493481824648
0.25996632628803 0.364224459892677 0.464312493170182
0.68885405266252 0.342771611762446 0.330116323401727
0.339548016073095 0.247171736455596 0.859868457317056
0.0902793199153721 0.0787996786520649 0.760841683257979
0.086866943437607 0.0243607330053797 0.490671713110202
0.857327332762068 0.989876965155464 0.704943864184483
0.420998654402819 0.986976206591058 0.0562646152016155
0.574583780574445 0.270071929124205 0.358236250588472
0.944215511045182 0.775949518140824 0.677848253014619
0.160146048678766 0.159977530429867 0.738122647509669
0.295158654035246 0.999356581443894 0.0163401679995102
0.00445602560682922 0.000107495271678445 0.133897311285432
0.173000625388306 0.362047692668436 0.211146335969152
0.102271456769072 0.804458691770688 0.00167773475272052
0.00333491790078039 0.000196754344519227 0.391572846316791
0.0183857262431375 0.0167086349915558 0.604890317971538
2.86422536867369e-07 7.04374760866071e-06 0.00933580711959216
0.234775665372899 0.110433590418233 0.592546242951981
0.000156257021753155 0.0554502082121199 3.81142574288351e-06
0.000420188519914228 0.95061415223505 9.40244058562815e-17
8.61846639606897e-12 6.28799801606772e-17 0.152691720383606
2.39249057268146e-18 4.07915552781636e-14 1.55504142817662e-05
1.43060365346617e-27 6.03774628216637e-16 4.43618708741489e-18
2.77077629749884e-59 8.86217410229492e-68 0.0825998714803395
2.85905540310247e-63 1.12399105649233e-59 2.33100527005543e-08
1.44385704175808e-58 6.44637422329131e-44 2.645347641612e-17
0.526006771760365 0.231529247553455 0.847855646363934
0.283470073358441 0.0771561922128673 0.971293733323766
0.0089791556005463 0.13624177786261 0.0255757025041352
0.212039398948416 0.133127194359048 0.693908115148753
0.0119854798528196 0.0245096893460029 0.162985213346838
0.018990410808201 0.24019240549715 0.0375650001594725
0.906433637431816 0.807108112992528 0.956199346430077
0.047245658751987 0.0956554551940606 0.225493502920553
0.0353925745026999 0.377812258756526 0.0403773240444911
0.0882686483629546 0.717021458720021 0.00964181112938781
0.0501572197809396 0.979128069223671 0.00934218674319356
0.00941115770432513 0.145183058546962 2.1767551660869e-06
0.0735284143917323 0.0553477524173751 0.4261206448185
0.000537879180368542 0.0218023598315655 0.00795820203457328
0.000255877506872416 0.151654784963993 0.000272266985473204
0.0122087523652851 0.00285722144215538 0.414295891150578
0.00822130908348657 0.00172327933699975 0.363593373122257
3.54286604628972e-10 0.0004485668688944 8.12969565176727e-08
0.305949980625862 0.912352116840261 0.205383327954657
7.46096556343025e-08 0.122062473336679 2.65839242088034e-17
1.60249039440341e-44 0.287624916019093 2.57134714582334e-71
1.21256565468417e-06 5.2484401958128e-15 0.759357697868808
1.04827921096396e-35 1.10561234360144e-17 6.25555050760329e-21
2.65972006685238e-67 2.82716160707213e-14 2.63971890879303e-63
1.18986630495081e-21 1.55393306525391e-61 0.217176432317754
1.00021983004493e-70 5.68978934216247e-55 6.42474902365168e-27
4.24933338201621e-107 1.31000826073612e-49 8.60084657392949e-62
0.309112918451015 0.320524364721785 0.805486629823724
0.880148659341162 0.877280042084646 0.998420503146138
0.34614630776377 0.331317728038377 0.980625582428895
0.480568183671863 0.311982168556878 0.14924329337922
0.314973699184956 0.274558448409094 0.768410076325235
0.0173193810176915 0.0112013677160743 0.632623217607839
0.53374269444586 0.310606796259724 0.0373676477739624
0.0569956583509622 0.0555170159755884 0.854016405371067
0.00137500996729767 0.00314169275216615 0.100782668091218
0.476002655830758 0.323120341331769 0.18701850033802
0.651854034620288 0.769036927757715 0.438141019415789
0.0936755328587864 0.227940343744155 0.0104269710585489
2.5925427388362e-05 6.16979223314775e-06 0.270037258635127
0.00032407368935599 0.000407584351174586 0.42498977466637
0.000859501460046698 0.00127948067428375 0.34224749660265
6.6784677714943e-15 1.84107665909493e-14 0.111146212644609
9.62971146342478e-23 1.0793672789385e-23 0.935456906110551
4.40682284159778e-23 1.18955044088866e-22 0.0710472300254109
0.907613821886788 0.983692474154084 0.480953765640765
0.262259125346276 0.861028792066715 1.05593996515085e-05
0.0035859795713808 0.134916778692723 3.20396124734743e-14
1.18301322956343e-61 6.14840372069771e-66 0.569279857297362
1.12057450701572e-74 2.11810217977934e-71 1.43379362093228e-06
7.40136347018626e-63 7.02498220642819e-57 4.392851683188e-11
6.13849856814201e-144 6.02052175801696e-152 0.860861673704527
1.31657364176852e-141 2.02956245175352e-139 2.27076887774909e-05
9.80864806913739e-150 4.26781346439648e-146 1.35284134861628e-06
0.376965176252446 0.496219928321708 0.49574623662457
0.197114163787302 0.237228738116473 0.552596426103916
0.333123943071859 0.938204980655888 0.0131779509193369
0.344350130415934 0.392878586927091 0.646172123352613
0.781615671876871 0.724040332437929 0.929475919607359
0.565697248005065 0.413905552208979 0.719074784475496
0.156159397743048 0.302103289967988 0.243736271260835
0.436569641520474 0.484142417711886 0.694303925330085
0.0630324239780191 0.0344095831206167 0.991836750632662
0.622910670284728 0.409504943746853 0.601406079061676
0.481799289982036 0.763586086345237 0.297562212037562
0.176644481705877 0.260206050740729 1.24609474003983e-08
4.56113587610232e-08 1.92053888937115e-09 0.691107967679156
0.000464523620395975 0.00698229795218506 0.00836078582363767
6.18464467203386e-10 5.44886355960886e-07 1.86135038818397e-05
1.50684138044142e-14 1.5320785129249e-16 0.317560317551488
4.31837219473228e-17 8.13254805065458e-19 0.152739873458198
2.5933687466605e-27 3.95987873654823e-21 3.82907321666467e-09
0.627845107612101 0.434617424930816 0.634719780563243
6.7027700720595e-07 0.489789732420628 2.92881154222912e-23
1.24997271088858e-10 0.719866305223053 2.99143985218791e-63
2.38170672384674e-51 1.2411651874408e-61 0.20468654995674
1.64143668246584e-68 1.52257915765477e-56 3.97787147907314e-18
1.41457684443198e-86 2.98619074382523e-49 2.64206047827454e-58
1.66885246176551e-115 8.70200078809343e-149 0.849018371705249
1.73123667266033e-145 2.79883276474043e-152 3.23284948712052e-11
3.26226190693014e-160 1.44507003989579e-135 6.05565629806885e-37
0.266055923106091 0.127341304723792 0.574851368323925
0.231426428410614 0.353328585269922 0.394331841826583
0.122182139181763 0.124755703001974 0.687884999276307
0.820585569533011 0.745209304311227 0.888144587780204
0.920326782930074 0.957254694395876 0.742936836313999
0.822501230971924 0.37875286397936 0.202142919210042
0.877180773629537 0.685647672025081 0.247921825456221
0.839465671726452 0.934204441535132 0.773511947997953
0.0306244051914318 0.145712503398798 0.0438054457089137
0.0572572477667499 0.0564522181293956 0.642771509213463
0.97070424596718 0.942079510175825 0.949373240738462
0.648168331441563 0.101908068495772 0.0222716499300305
4.34641600806726e-05 3.44870963600947e-07 0.312668999412749
3.30091054870161e-05 3.84206198854846e-05 0.285448586193817
9.23788714860851e-05 0.000970664639799971 0.0266210856717819
3.15937367448815e-08 2.27248986706025e-12 0.103579502939745
1.45182946953062e-08 5.98601026589097e-07 0.0050413289684004
3.93129705763788e-14 7.74018214948836e-11 7.14278173941852e-05
0.482071131177098 0.487093408799021 0.845303465137695
6.17239495772973e-05 0.0506676103304975 1.79543273255278e-07
4.37434746128298e-11 0.633567641934146 5.0872664143547e-40
4.6656442726259e-31 1.09524757890076e-39 0.677778330326932
1.92324871470914e-47 9.49028302524207e-41 9.25356722589054e-09
1.78477017936106e-54 1.60607391506255e-28 1.12535502720261e-37
8.06842636058895e-101 7.04729969074833e-121 0.219856068793826
1.69346923730654e-97 2.60126179446387e-92 5.27369616154094e-11
2.36642035563128e-122 1.34991354561674e-101 6.80869266514536e-26
0.529863900242448 0.93853639325896 0.371580672075859
0.124650788716748 0.423980188554295 0.167237348827875
0.207761914687066 0.697179948324309 0.177689993233311
0.508074439575429 0.848844336748333 0.46875264975292
0.633411927924329 0.321998338259924 0.82757054973861
0.0156515224520097 0.332242686999142 0.0167015216683384
0.973323464402085 0.391528402693309 0.488474810328436
0.0045187929976938 0.000109878493421366 0.590357241209143
0.0654104933765464 0.775300231289032 0.00708281458367912
0.499066962586364 0.110015062277458 0.660503631664434
0.00163779588256891 0.65701213042957 0.000111933156290281
2.68229781160103e-06 0.0320526985098051 1.09024659400566e-15
0.711186654373007 0.529415701734497 0.306806079824092
5.67308018458915e-06 0.00625892024351651 0.000184976953533508
5.41975200604875e-09 0.000104706510294863 1.05016095249059e-05
0.0213589070208444 4.0264362039703e-08 0.115841958785534
2.75017045574984e-14 1.06668273481946e-11 1.4464105489871e-05
7.16699685023689e-17 1.06587937038556e-08 4.1461609981782e-10
0.419600113722638 0.628015956828779 0.507349457434319
5.19234258920747e-26 0.741154862189246 2.47548675741342e-43
4.89994379111655e-78 0.991517654991262 3.24096457384867e-140
4.7857610250101e-19 1.36591312631285e-40 0.55489358874118
5.06250477577423e-73 1.29100654311953e-37 7.7505469969773e-40
2.24454842463369e-151 7.60247780261277e-28 2.96940308646562e-149
4.94975608771629e-48 4.25317675635784e-115 0.922906339555444
4.53667119897038e-94 8.19339354891209e-80 4.39544381040492e-30
3.21220181498212e-206 1.97955773202327e-83 3.28962292108758e-131
0.0450133221203839 0.0229170800041091 0.257952846409743
0.833215661853197 0.744540896073213 0.602787620247037
0.656025389863995 0.782714970130428 0.354677230152868
0.282195060735934 0.202896072041038 0.390289705117649
0.00295364162430636 0.00421796855097982 0.365831485389107
0.116645604195429 0.0767741573126822 0.394877772245232
0.144362387776165 0.143735607086548 0.855282486703149
3.5655125492146e-05 2.20297910550779e-05 0.991805372735067
0.0028831244121055 0.00132889287946002 0.44705759751315
0.786515637886957 0.634578750349717 0.31506030868207
0.81026174471271 0.556732018501692 0.0700315979165295
0.293197685709354 0.523448126980914 0.0314074612445653
3.95901273285626e-07 7.84323247338799e-08 0.450866331037472
8.54863414655071e-12 1.2045079419679e-10 0.0078598049226038
9.50989045763539e-11 3.55229153195214e-09 0.000220976794756923
5.46082926000587e-27 4.11904213756916e-30 0.0539710279133012
6.4434317261961e-26 4.59822969453314e-27 0.898749005372347
2.52245479688677e-42 2.56564460524631e-39 2.49923157987991e-05
0.830459914152735 0.743237628850827 0.596319558920779
0.00743849027512702 0.0940518852217554 2.55257864335414e-08
0.000414837002958937 0.215133886657301 2.25290582863283e-32
1.21358732935462e-110 9.43015640617201e-117 0.940623382875032
7.68515236906928e-131 1.54646281488063e-124 3.88567442034263e-09
1.83969699411448e-149 7.98279128320649e-134 8.2009363385778e-26
6.12402736058219e-277 3.04015120034343e-296 0.18752883222429
2.40389989284539e-304 9.01986647979221e-307 5.35067201101271e-05
1.19273437677212e-277 1.81286323810072e-265 1.06435329207446e-16
0.578445852545186 0.894276611863578 0.284327016577969
0.62736500380607 0.945440560101148 0.317462791364509
0.969495559041794 0.740133178827718 0.428342680323702
0.218650442924013 0.306496984666159 0.430572969401042
0.292164978855996 0.152932098813895 0.632954348380114
0.0325368801543284 0.0883573156529013 0.139585226265757
0.00384076781523822 0.00264196575573274 0.569046008639226
0.0565386524899452 0.0644596102843741 0.52892988905005
0.0185876522544681 0.0203273680911683 0.47090349935695
0.195701725932389 0.414381914842681 0.168831650724853
0.168934590326697 0.724375881545519 4.98278921498716e-05
0.0236900772055411 0.49033102350806 7.01211746778995e-12
1.09395299299424e-05 3.33553219438265e-08 0.262359448675851
3.0926823405335e-11 8.54704888248599e-09 0.000226256639090126
1.96796559859704e-24 1.32123403501722e-14 4.02097046944174e-16
1.3263346181179e-24 9.34739595196484e-29 0.349481032423465
3.08871920285749e-33 4.97878627246732e-38 0.0954917999105191
2.18099974048174e-34 2.9003012647616e-27 3.26896558525341e-10
0.834088457622694 0.725154404839949 0.812305593181495
1.97004656948175e-10 0.980053602499885 1.14947855098967e-52
4.88449222785844e-25 0.300960054101553 1.65014498673261e-159
2.43018779836237e-101 2.55325089043061e-133 0.548434973331853
1.10860365678109e-155 2.17285333358178e-129 3.06952793085212e-36
2.07134675806122e-177 2.8314109424386e-98 1.00178897157724e-123
4.80796386373375e-230 2.69601214478576e-288 0.172644710823791
5.09727945821349e-271 4.04489738576747e-277 1.94801040769549e-20
4.63864401042263e-318 9.59033721567379e-257 4.82262081506106e-89
