TOT AFR EUR
0.474230050879568 0.211281996552399 0.383570456996022
0.743780481313057 0.85153311799133 0.221635215343243
0.48554843962794 0.705799649522581 0.436074434698138
0.529442089222088 0.254132645138493 0.389742154598153
0.509267968658278 0.38061956139055 0.793877188360246
0.785468472235517 0.965677412589153 0.502401758116275
0.0355967120305274 0.0875590579941744 0.21884290843892
0.94562516096082 0.891623519807473 0.697114578642301
0.768429069464868 0.516934896741412 0.498804617720143
0.0150668388184421 0.00736140369777466 0.888435256131398
0.0244607081673874 0.0328265911046373 0.436198434840596
0.601448086722439 0.316508653413222 0.424216217932397
0.208161252074108 0.0503020408382337 0.312954626848343
0.523096803370878 0.822380068406183 0.321214395795806
0.635971245783399 0.861854651617099 0.441557495929522
0.299608632549545 0.0443979009369685 0.100449132856734
0.00173570889612341 0.00134445230076214 0.612894422645297
0.0084267527696446 0.0291499453877417 0.135022973756822
0.137029957232589 0.411227742915225 0.088125608335663
0.0328769537363085 0.263361905292886 0.00660599253965361
0.88728309036523 0.0522793556858018 5.1226689209669e-05
0.00324373178364428 0.00248718263369072 0.564625750245787
5.99015915696879e-07 9.32383251673259e-07 0.131590085510364
2.14250754544121e-09 1.48436375668562e-05 6.95616261185405e-08
2.05355289643122e-09 5.68384609833849e-13 0.281381215257167
1.11817882992285e-13 8.17858928622342e-14 0.0891743500539249
5.1963587258852e-14 5.51569087279932e-12 0.00129249031689323
0.154476267320395 0.12486218248301 0.517021510262948
0.368134669590272 0.402906432526432 0.640331723914817
0.312081694623279 0.945911974254145 0.154090051584798
0.293412054610488 0.4345769647855 0.458433494105836
0.825583987968896 0.557721398879236 0.845323789687752
0.409510197269956 0.875093232732371 0.212719335393007
0.0955872874045329 0.391361845205939 0.141026011586119
0.27098648271208 0.117192368316335 0.886859212668918
0.878570002251969 0.409722079119085 0.375794191747215
0.00857149366337284 0.921739016225101 0.000575929560552154
0.320533005601139 0.4236482396389 0.0420696798111182
0.682292857908525 0.464334064060189 0.239146408676246
0.130672375997627 0.217112925082703 0.311120255937466
0.62036476111444 0.260482280548136 0.813780653362649
0.00671901864876616 0.120576131579658 0.0196020639880753
0.0813483787224589 0.0336420553000557 0.679845303138489
0.0284089981867484 0.00912701618627815 0.516452122519304
0.230733247695713 0.0363010253124019 0.896135888235265
0.915804064574976 0.0955119631618829 0.179490776150339
6.00753202958665e-07 0.721257429928666 1.57721074899933e-10
4.01831789298622e-08 0.632039239392417 1.72659995219697e-15
0.00717157792799376 0.000134867931772679 0.600246892413402
4.20342821876675e-06 0.0139576925964613 0.000122579065644111
2.24098825222511e-16 6.44473413084227e-06 2.1575211933316e-13
7.18117325308422e-07 9.63104101456319e-15 0.770060324114914
1.85287480566433e-15 7.94909971808789e-11 4.6839797073247e-07
8.54896030982121e-20 1.04618210766762e-11 1.21833061196697e-10
0.643116843697752 0.847316717154791 0.137643527918728
0.379887687414653 0.451159689307371 0.574428983754645
0.345624664799305 0.377058185439061 0.611600446924484
0.950142191646004 0.754095803225059 0.185154652635855
0.0416492085941162 0.0301954333189013 0.597852663358654
0.799424598079984 0.831470844755652 0.786688395956535
0.56284336777368 0.540885188974632 0.857232098487204
0.625043459319208 0.630201608971839 0.937630898475562
0.621429292640056 0.423458670154862 0.14557470438816
0.953052702835209 0.993180026276951 0.758878511639676
0.912281736724073 0.899296568696687 0.942881573230209
0.000764912811224982 0.00303376074395544 0.0392084785333923
0.0577707635995659 0.059521027531247 0.805502122003817
0.11923420094176 0.102313713150409 0.862330392809057
0.0940421446972311 0.0887096489475276 0.962128118157747
3.8282521593262e-05 5.96613045960685e-05 0.309442081128705
1.56915180019704e-05 4.85249279497902e-05 0.0780221427835485
5.69014122160456e-05 0.000112152403437427 0.203604079606747
0.519907725728941 0.523278164453703 0.89847821048623
0.367509281518979 0.869768815295413 0.000160672137557457
0.290908206903496 0.670105643475256 7.01953324820513e-06
6.91246045794624e-15 2.08931834346734e-15 0.710010279854827
1.65245392450066e-17 1.28698621540214e-15 9.65249750786695e-05
1.71809098502681e-21 5.09404755826432e-19 2.34615950231185e-05
3.78644903867151e-24 3.03619275799866e-25 0.880919491091941
5.39736469724493e-31 1.41666774238745e-33 0.460239364703353
5.03481581464048e-38 2.76580679943332e-37 0.00523923091555298
0.26258995030108 0.512126593807124 0.186913466205919
0.219841534553489 0.274690682462765 0.524258971642065
0.747803493559216 0.81086660706836 0.157605786538313
0.982808186069045 0.878663643744242 0.71208373799943
0.182733031846466 0.07847582942309 0.639817336683618
0.778431265389594 0.911583919406539 0.361608640053021
0.549487205796355 0.568134817853256 0.827298297235275
0.45423364531418 0.25443174243559 0.569837462204167
0.963169863454784 0.87586663113423 0.840922865238955
0.698212582428538 0.482647090656314 0.0153195813542352
0.0259186469574143 0.0348438045917758 0.325625014984016
0.225444958382631 0.54733961240015 0.096183322303385
0.0131835079939245 0.000131456137530792 0.0369966857545516
0.00775588047027803 0.0148365725559607 0.2150042984844
0.00613136993411327 0.0499570035466609 0.0125367699233813
8.96511052982942e-09 1.16493437844766e-10 0.882716944884126
0.0370015485417827 0.16321795657658 0.0455515682054163
4.80423421150132e-05 0.000592371171671734 0.01395657905786
0.567425221691526 0.663704695436088 0.652489281472365
0.0151955232293794 0.173652434061233 0.00842827064453061
5.35222748862289e-06 0.932056691912201 1.13350686297687e-22
5.50047019267156e-10 5.3863581101771e-13 0.845793081310917
1.28139954403263e-16 1.98930581395801e-15 0.000873178568868501
3.93014736235703e-20 7.48844321707654e-14 1.23174593265656e-09
1.65859249488307e-26 2.49839682873014e-37 0.181658055030122
1.17204143043802e-32 6.94564734927612e-36 0.0244815799635385
5.85455536172698e-38 6.36166770910309e-29 3.3088350064855e-12
0.184197698953697 0.378163892815509 0.223136961750384
0.650916642166345 0.612204525054306 0.99503840683368
0.261154022629023 0.246703149524419 0.836464158597085
0.717435528197577 0.951593118272585 0.484592352385133
0.760047261258677 0.207517582600363 0.0720205379765397
0.0515972495965414 0.325096872846109 0.0171223895309335
0.0309675618310098 0.0137248075001435 0.908883139914532
0.252634479144009 0.71051895849897 0.0735990708365098
0.0903449899357949 0.0669863884696091 0.880675813072209
0.960461093930407 0.725890820832818 0.556082635820456
0.32490410352316 0.941011763624815 0.0364900009930858
0.0460146010630653 0.396762987132281 0.00529454816151108
0.376819900901085 0.087134659846399 0.163614472409099
0.0435660808022995 0.120073046078003 0.158408371106587
0.0362658758667363 0.288453097360307 0.00708829405150882
0.00657927880472184 0.000363368713158798 0.304400261066548
3.25668539916288e-08 2.88729062968625e-09 0.581343787757727
0.00160492847017847 0.00220479946214028 0.35518197608816
0.765292534586672 0.751679743259834 0.972343946048137
0.286081228152282 0.288949622732498 1.18775576151089e-06
0.00126900966426158 0.292291777280022 2.88948707680548e-21
8.73652861588848e-17 4.00494892998015e-23 0.270099388003584
1.5053053384289e-24 1.92777985497412e-18 6.20574905042336e-08
1.20743390200422e-24 3.60617049496841e-15 3.32105502424052e-13
4.6181405390459e-42 1.16017323129722e-49 0.347939562348278
1.43243057174911e-38 2.03981601825446e-41 0.0152732916080884
3.95866161756415e-67 8.88420691249434e-55 1.36643424575235e-15
0.334684256792519 0.836094576783429 0.144992391898155
0.228907992776064 0.662232320494417 0.0480730865347249
0.111827561827107 0.278526815007758 0.228459113481772
0.597921229310536 0.0720259525176044 0.0245366359957536
0.57259049323575 0.999521402255973 0.446573731507491
0.462750211371221 0.177732533114609 0.859259183557822
0.30590499352543 0.341020658302803 0.584773886596557
0.271045541194798 0.259770352980443 0.614666746136637
0.83793084979924 0.741995309062404 0.58295036614615
0.149710698197057 0.131866861739318 0.537279377093101
0.801314645502773 0.257302044913425 0.190365092399177
0.00136097332981326 0.600662093448407 0.000115375671059378
0.67860640111962 0.189555992152377 0.564367081221872
9.12167900231231e-05 0.0038765762929704 0.00503535243257318
5.53841389809937e-19 5.5682077523493e-06 2.08272378816745e-15
0.00118958183309098 9.87155031652867e-09 0.642510833361574
0.00144718622471138 0.00894333747786384 0.041719579742877
1.26588762399317e-06 0.0124929073926208 1.20585778702715e-05
0.772190278667884 0.739656786103657 0.918809909806207
2.66799464829183e-14 0.0254004607348657 1.00332108543218e-16
3.84069677709627e-30 0.0246654164481367 1.3719870022384e-66
3.55494198766259e-11 4.90595490622867e-17 0.155793880331949
2.12171194268237e-42 1.2992389150531e-16 4.29986578561586e-29
1.32187065376599e-60 1.13748706459974e-13 2.79295619905182e-57
4.5010354011854e-29 1.07321838357065e-57 0.303391997537086
3.19592234476397e-55 1.37583960949565e-46 7.6453994695913e-19
1.86661649405447e-100 4.37493801739716e-39 8.74008313157156e-67
0.75848535567358 0.930563268896932 0.228242528067932
0.555299279737794 0.523188316680198 0.870305996222446
0.25038230505008 0.176000712237555 0.383255198357276
0.427982970466443 0.677420677582354 0.0502444258495486
0.552831583447571 0.444101258278921 0.36380578952101
0.211073721729438 0.275600484807 0.352694735723309
0.228748399013087 0.193457898537462 0.684207083320346
0.689932721859829 0.550080902396864 0.336628629384389
0.475206469600389 0.578172021848505 0.388436618804356
0.651271263485164 0.560025415667418 0.552430907874476
0.0743689541610324 0.126362221658429 0.102549236557291
0.868781830157526 0.949624581605452 0.239025789123214
0.000153947320640694 0.00019908395293725 0.443160632460473
8.654705999428e-05 0.000207396260968368 0.0808591335207955
1.59269687496797e-06 5.42320481077506e-06 0.0872771548194721
2.24154250610074e-21 8.12497424514486e-22 0.506076731117651
6.2362366805831e-19 4.74076807157905e-19 0.306092995493626
1.16698345880635e-23 1.70113750487874e-23 0.125375047112313
0.690686042059975 0.614492843322204 0.631355415665815
0.529868628351036 0.854180986440256 2.0844689499399e-05
0.0449100386593143 0.824264073202895 3.97841549664431e-20
1.11501444641153e-64 6.06304521208663e-67 0.453172458492908
1.36979380376747e-61 2.7963145265154e-58 1.13243621142013e-05
6.42532533011299e-71 2.59997616939784e-62 6.03624321493253e-18
5.12895810616051e-141 2.3569729584854e-151 0.0992028595946783
8.84249454563771e-158 5.16053601483359e-158 0.000522253229528733
1.21430270863848e-135 1.76034935584741e-129 2.58202133603853e-11
0.173529398723757 0.135615007386904 0.921582422467553
0.653949429740034 0.339713141090193 0.373468375945175
0.0575881271510208 0.349318416953395 0.0094027393584674
0.0440631105891737 0.0258129119401911 0.930687405724206
0.400420025644944 0.198506746991797 0.481662053026669
0.306937974631961 0.350010708374868 0.641401303676933
0.0380891990154417 0.0308505578700822 0.681571771030917
0.779558535309828 0.899209136396188 0.347288307533248
0.127246992719737 0.0806117261574629 0.947939053020316
0.656798959716763 0.648239754772948 0.925361710306002
0.0701795057955854 0.250448860924006 0.0362332938620749
0.0210880153090264 0.754122107305294 1.13337836745314e-09
7.79801899244759e-05 7.45384847018157e-06 0.990679002537061
3.34991393987242e-07 1.68485328457796e-06 0.0357572544333268
1.26506122117013e-09 8.40433561147196e-06 1.34140683242218e-07
3.89491557582945e-11 7.91844715521545e-15 0.510192725885715
3.38363135300981e-20 1.18090715136446e-20 0.0188609686981407
4.74487986278664e-14 4.8542796638178e-14 0.030318120094674
0.387228597650398 0.211306309979769 0.579560068574242
6.92874605761498e-07 0.426048779816801 3.56928545480212e-24
2.13470419536329e-16 0.616572119863272 4.26779281218451e-72
3.18655495657273e-40 7.14076133756791e-61 0.00504355927871918
2.22717821371241e-68 5.41949778414345e-57 1.8220106278244e-17
1.28011733658408e-97 1.0171095759662e-57 1.27211021513401e-61
8.77699327332968e-108 6.11663034781186e-135 0.377785563792377
6.06805459703826e-152 3.02176059464648e-148 5.38083546654038e-18
2.59100526966104e-163 1.34179376198668e-135 1.26967190638909e-41
0.791423578647891 0.993165219035426 0.54022943651102
0.630185226401716 0.621414307089132 0.923047155789601
0.845238788970203 0.453236445666396 0.0451795837531111
0.0915790413238702 0.0546479843406217 0.960578128527287
0.463961861296311 0.48133174360231 0.820689850030963
0.643762754429958 0.323035569876627 0.334069825932602
0.985755206002141 0.525970182099998 0.191099957678335
0.0618032607919759 0.0549405442918159 0.727487153809283
0.348787677932883 0.437170614786042 0.582886292084988
0.399092171768873 0.452037973507673 0.693363663947629
0.793180676716803 0.596862672957045 0.0941192285073536
0.0285626140374711 0.549341259007081 0.000113370620856005
0.00228231024178442 0.000420426791788949 0.808877737705061
0.0596103293014679 0.231638045919327 0.058294337765939
0.00212632182348199 0.136040689586526 9.39731587027684e-05
1.17895790688076e-07 7.7158981028319e-10 0.65733583040808
7.76320674356978e-10 1.20096399816282e-10 0.314952402429154
2.54833282538227e-11 5.33174640928065e-09 0.000863101243852212
0.474594309568964 0.41848159005886 0.996031330427411
0.118901845409959 0.468480243947388 7.45889633237858e-07
1.6192861056357e-06 0.928279673330906 1.12612811638023e-28
1.76153919265354e-19 4.63615729130892e-24 0.998687534832242
1.23280337431244e-43 8.29767925611288e-33 4.09114973978418e-14
1.2048474677884e-58 1.27120282980613e-37 6.78396359084392e-27
7.77095884740138e-87 1.19688262181569e-121 0.00209808400098329
2.26220138047474e-137 1.79726825952198e-126 2.74338549971789e-16
2.10698343599737e-128 1.11348625955865e-105 1.46525210791494e-26
0.43658456809858 0.572279183822963 0.571607964906047
0.690906283370282 0.630065111847097 0.90395396218045
0.069395781642716 0.474942711629817 0.0718143623902942
0.0965949994222392 0.069565448677905 0.497874527371734
0.673299780204147 0.690358686591473 0.369691418548214
0.53571357712653 0.768330234391234 0.561387660024107
0.599693279783083 0.0113497351379354 0.147182461952786
0.44207047477557 0.661512360766788 0.516314188009669
0.240706310617271 0.212048889967661 0.606924292894552
0.0557359828698939 0.861663952647422 0.0157706697226785
7.3767181612182e-07 0.0254717262743501 3.26346513028887e-06
1.60166452011884e-08 0.288333620996324 6.53832057071322e-11
0.0884759630648256 0.109199205885168 0.382080288944251
5.04609352638731e-08 4.98970576227013e-05 0.000146592784852466
1.41334228275486e-13 8.40585287686286e-05 1.02297912546664e-10
1.74547185631728e-05 3.15117366724102e-14 0.458090249306303
5.34985689034362e-13 5.12677396385396e-13 0.000539097445272696
3.42705448073072e-22 3.16683185303544e-11 3.96492657777717e-13
0.147001751225576 0.743234617151006 0.0960261989579915
1.52393935171233e-18 0.571886108472444 8.33777282890095e-34
2.78888562300471e-97 0.126250316816153 2.23499021739055e-158
1.60555381859982e-22 3.77663435539825e-47 0.531105937037272
4.60878098879357e-71 7.45465443835789e-40 1.57489215907148e-37
1.89542813164078e-117 4.2039632588596e-26 7.34696650137321e-108
5.46948568364291e-39 1.41079713873287e-104 0.481388106189776
2.85105524598422e-109 1.53084393391054e-96 5.01809104768237e-33
1.31114075356646e-205 3.89775561325497e-103 3.65911050971997e-115
0.252395313306771 0.272211206850789 0.700479664763363
0.390031716848103 0.276186404237864 0.315119603627306
0.694373945011205 0.748725018663292 0.689124846605294
0.838635001611435 0.999310860723911 0.288350247906914
0.0328823860727029 0.03468871061982 0.715967695970612
0.00135063472859231 0.00718375895814677 0.00378398147007587
0.0606592468337317 0.0719261491409738 0.532130188734126
0.0406809440384495 0.0111140432435067 0.0283061943394204
0.0040652374550888 0.00475151370101541 0.548219057226459
0.686822076484622 0.869071961470429 0.203379822463089
0.535777958547583 0.951512711894901 0.00119180770486178
0.98674527957656 0.340828169615761 1.06984888840437e-05
9.42889525107918e-08 5.0294512605164e-09 0.0753881408460484
2.13242240420477e-08 2.50412124439618e-08 0.365256178573177
1.72230751493258e-05 0.000184107467099774 0.000630740323415138
2.14241412694899e-32 7.72788747159097e-34 0.959545534922448
1.91938449243911e-19 9.67680320632398e-20 0.451431166776139
2.64517595053923e-29 3.39395603499336e-29 0.116698274468757
0.522026404198845 0.602460994444554 0.492458395433724
0.956848716731813 0.268334925233582 3.2971011863444e-09
0.000145396704273053 0.0784130672349782 7.39496004845914e-23
7.09539608705675e-111 5.35802013236836e-114 0.257652928004836
2.46115518271403e-130 3.18586897541352e-125 1.02700636017922e-08
5.68657602626004e-147 3.22753549289149e-134 8.06122139425503e-23
1.08699527976527e-289 1.54361529069743e-306 0.785999010470679
6.36072837228694e-273 2.29685565290739e-281 0.0334889455944951
1.40819735653281e-310 1.2723103004388e-301 2.79009377656329e-17
0.245289077417102 0.352154601936824 0.424468229404013
0.815253135202754 0.973459330321169 0.535910258825101
0.304006755625581 0.525619349196525 0.287989308778876
0.027347716748574 0.0347097884634044 0.419051247847798
0.0486965492229304 0.0386979336284606 0.720904550764388
0.0185793008035802 0.027763485123412 0.330073340669291
0.988686191469844 0.748985658674971 0.501306253238145
0.101003830820341 0.197987610872214 0.23672105939344
0.00875692533992024 0.0770081959039261 0.011847711448847
0.81966544606041 0.968466463688729 0.52773270743691
0.0382936325026291 0.737227161994964 1.64112711568008e-05
1.62968145962564e-05 0.218311645896598 3.64912831167117e-14
3.13785091212988e-08 1.01980607526843e-13 0.0131105983721398
5.72039662686417e-11 2.04856812506593e-07 2.41516719047433e-06
1.46313496736778e-26 8.99771920639319e-17 1.5296550693869e-14
1.44532510334656e-23 6.13652406665743e-29 0.667427809159321
1.12259726982973e-24 8.73751010098538e-25 0.0043070536056948
7.10528975298483e-43 2.58342127895324e-31 8.29505966729567e-17
0.342017487504422 0.227649270624581 0.780997659135964
9.56710029286089e-06 0.0174659817633561 1.16852599201832e-52
2.36187341550142e-25 0.889326796034385 2.80234460185958e-149
1.13898663784962e-85 5.56538132445122e-112 0.736132225395361
9.26997090289234e-157 5.98289968772595e-126 1.63475055709759e-40
1.83533035915715e-214 2.43844746560219e-132 3.56709122635218e-123
5.06163222499592e-212 9.70760395136018e-282 0.498514737017344
2.94594946555747e-248 9.49458322633669e-251 3.36043785224541e-21
0 1.29585593694783e-277 1.64292189325863e-77
