TOT AFR EUR
0.752741793410633 0.676138378524215 0.91024108138218
0.948263292689476 0.670045555525166 0.49855363193219
0.220451614378439 0.165891417734004 0.999252861306712
0.549716220845204 0.274202120780011 0.39468788196846
0.970439455167282 0.698192210661178 0.366769518473884
0.528556819479774 0.801552721919306 0.350701246856738
0.981275262413223 0.848269370656168 0.658613732788584
0.7893477042223 0.95419554807518 0.500925816930847
0.0280901864954615 0.0104916322928301 0.793562975266722
0.157447608063479 0.754721925881597 0.00564779270383402
0.821978400272013 0.964215031434726 0.676199430899701
0.37907816259025 0.951644484900132 0.0452056163213198
0.375880047316392 0.261041032655902 0.7896326782453
0.0248973723783968 0.0353722438679362 0.382953505192811
0.0907656012623971 0.19786704985056 0.196711108116393
0.0544631651676801 0.0396637646452179 0.855569522516041
0.079711170988006 0.0496535178561167 0.986531728438466
0.320604755108031 0.562485357825175 0.2670254913697
0.857564364519482 0.70695121921387 0.72835525720388
0.390191754944166 0.278218510338243 2.26139106352329e-05
0.0619113759597132 0.751883076251303 0.00012208469464762
0.000218435177767044 6.73541700846455e-06 0.483078219319114
8.69675935640281e-06 1.3829854087132e-05 0.186938997588306
3.93961691604837e-07 9.01456730898522e-06 0.00741549489181912
1.81561062972313e-07 1.37910483845609e-08 0.608723244241716
1.67520658251381e-17 6.32665603872846e-16 0.00322515224144682
6.48100400608926e-17 2.47493197263932e-10 4.32757065455503e-09
0.434888775545161 0.566484891180893 0.584124963400748
0.560173319122426 0.547230940333778 0.773988510175264
0.936907127282839 0.0359605409723349 0.0522990625415371
0.633402149452138 0.280829406242691 0.118546204396053
0.725078094584744 0.837709450011137 0.521201772349559
0.331869417484908 0.543505483968919 0.423252028075912
0.189748964085767 0.997188070786366 0.0832442193691367
0.710589120924043 0.432428785219627 0.223655874269369
0.764825275340228 0.143310688795226 0.397399182921467
0.614727684313299 0.888007095227071 0.578829507477577
0.0770864021771495 0.406510491077362 0.0967178670907944
0.899134228880871 0.221666607331932 0.223985084257607
0.0828111249082581 0.00596481571952687 0.924313911455512
0.0106131195390194 0.307228520551666 0.0145205025541095
0.263346329828069 0.625567994370869 0.0543294700471377
0.0251966497020871 0.810240398737823 0.00539691454745313
0.0012044796029396 0.0104547439785614 0.0435872374845403
0.000911095628435176 0.034975078839676 0.0107820042359841
0.466455626013087 0.994109197171004 0.322434071323186
0.052057178880651 0.877702186050747 0.0145726231556147
7.34242872385947e-07 0.140982412311167 1.16350883567291e-14
1.08966441431421e-05 3.61120045423623e-08 0.311377509048826
1.48192062202919e-08 0.000318479841883571 8.52223265660169e-06
4.07728533975684e-18 0.00152080071572027 8.5002707929211e-19
1.76960507466919e-07 6.06396266791784e-16 0.872858725876823
1.58274077499926e-14 1.33839254670166e-14 8.68704654363076e-05
5.73206085173426e-25 1.16217111091002e-11 4.42481705967651e-16
0.669250211148375 0.619244237776612 0.775207116232854
0.816844012977501 0.922614912623349 0.449544840511316
0.989668660175388 0.741119593656978 0.101148569686086
0.957543121639953 0.999642247659073 0.78141715715126
0.201608356787129 0.194693412306766 0.944765783426965
0.126208300219563 0.150049085920711 0.613260865036181
0.345710414105004 0.342647932049609 0.931394133240745
0.561356780548451 0.284356816682413 0.0333795839776065
0.590500409130992 0.717225207030871 0.202720003686025
0.169893269404008 0.0882901962645056 0.0720715416326453
0.0217066397884135 0.0210970514213684 0.795502415284511
0.287157349090953 0.170747354689156 0.20659118006836
0.090432113002973 0.0437451618893689 0.0767662266278542
0.717698122944432 0.737759293996904 0.840865740152482
0.0059081088441309 0.00350485687956598 0.553449417914487
9.45936175928063e-07 4.42992506155777e-08 0.0459107550267055
3.22065188928135e-05 2.39568436748362e-05 0.821545222598989
0.000250023518085387 0.000340347223994969 0.260957035637333
0.878471082826592 0.802064215796901 0.698119891330125
0.894920612745551 0.401993321603656 0.00550491155848384
0.242676078015904 0.112324058144344 0.00392719275205504
3.18646218082485e-14 6.65098887191479e-15 0.940758839162706
6.9559619021931e-19 2.10256707791751e-19 0.576173003246383
1.76261274099397e-22 3.65531715775374e-21 0.00508965536073517
2.04313118128347e-29 1.3918454204568e-29 0.193703316513885
1.26647644237021e-22 1.80892961826003e-24 0.41498499352935
5.22868079374201e-33 3.20707331223428e-31 0.00375854030630273
0.313970685760509 0.197353292566754 0.765492025601763
0.153025486629414 0.299228289812714 0.197185676245722
0.170896875038082 0.487235196202911 0.094335406503079
0.618278560505371 0.80420045232691 0.504846187478481
0.383344900825562 0.683925631693522 0.237423003339838
0.998522631946254 0.92490140182545 0.831160761383495
0.440561402961701 0.499548514235329 0.660233226545738
0.221874373493855 0.528989144133571 0.123489028418091
0.997292103532479 0.520728450167815 0.142283156579752
0.478119205891602 0.611534799208644 0.543003944893417
0.416976254580739 0.307993099177985 0.805446834975023
0.0541811873807513 0.323599279027473 0.0105101952627858
0.00753095552606264 0.00216463662671094 0.943982114574368
0.537671524494836 0.432902043641167 0.842640323304165
0.304304736535953 0.300922683733713 0.783399910950477
0.0169156107577697 0.00188028263210751 0.416869529319258
0.00101426537519689 0.00251272668712605 0.14377384111027
0.00206197079292829 0.0563519513154625 0.000581765428565873
0.996245277373538 0.904036222213206 0.794988219327497
0.601997656883391 0.310474239759321 0.00264019275970189
0.00172067008448232 0.585146699632574 2.53746786546061e-16
1.72139960623544e-10 1.13334817288546e-13 0.735477174502905
3.70332537728019e-17 1.81559193720701e-13 3.55107095242904e-06
1.88274583160593e-29 1.43155595667514e-18 1.42192833172982e-20
2.77330223036854e-26 2.47270642618543e-31 0.336605419541558
1.97462706875503e-36 1.00617701287952e-39 0.0336445908579443
6.58963595954341e-41 2.69946080688715e-30 1.23135559680458e-14
0.213142921568953 0.955730690674795 0.00610090739653936
0.156844468770508 0.0230904299857305 0.183122690252786
0.792423242171974 0.841269132073388 0.324939793121203
0.0719422138379818 0.208758620512641 0.122086523748676
0.993188380734681 0.827220961098086 0.669254043008905
0.326310274076117 0.599477862495859 0.244238278252582
0.0269905903205728 0.0094821951764357 0.839432863317125
0.155955611113839 0.0509407822080217 0.480749468321941
0.368487236200656 0.326787610529511 0.938085191818193
0.873411427344517 0.934455177143064 0.57447075289723
0.8292620853593 0.527475051834313 0.445563635176182
0.141013716272225 0.801874830194597 0.00402475813073416
0.0822450148722775 0.0418515957496523 0.833560753596887
0.00124913256163438 0.00181757489667016 0.311377674758482
0.00621485320143004 0.0205659532844523 0.142961480535145
0.00437300169576832 0.00247610263608536 0.730797312524317
2.05300582606677e-05 2.19703343824053e-05 0.307435224943155
2.65683801825548e-09 8.59176976179281e-08 0.0119009727654979
0.233397450512795 0.205965464112853 0.8943778337565
0.00677270007533411 0.418553697779641 1.82913796517036e-05
8.89983776466983e-05 0.906557846348226 5.7643210626808e-20
3.38861468103144e-16 1.77931125088349e-19 0.770996043550794
1.13620483582363e-20 2.61270189695403e-16 2.72631935636634e-06
5.43978202257929e-28 1.87818260754353e-17 6.46274780657516e-14
6.22565528151931e-34 2.34231539422475e-42 0.935267865583987
1.4106460521173e-65 6.55316806538934e-63 2.50716779152498e-07
9.78258352190559e-58 2.74701306428033e-52 5.22278474722003e-08
0.204815478268527 0.042062523385664 0.944433787356881
0.280825435104292 0.427267210610471 0.449267032152697
0.108596327130846 0.633365044938733 0.0111367558591424
0.896142597023248 0.996638806881994 0.865760553364175
0.0160270249631141 0.00441031076285322 0.460569132409245
0.599653856234808 0.555593107083379 0.847609428670343
0.95338463957357 0.667317915217759 0.778968170143926
0.00901132852083519 0.000557479912127251 0.608163140603314
0.115934335201082 0.899381082702998 0.0276266985250164
0.48126200100026 0.404050287269319 0.823310060573399
0.0873543058992276 0.936105633213423 0.0283071407948401
0.000183537668741267 0.948672676997917 9.94412035439106e-07
0.405697064349637 0.129055671764495 0.858446984257888
5.45025055767659e-05 0.0247686264602939 0.000406097688800042
2.57534869608466e-06 0.501803007425117 8.30450970282744e-09
0.000977087695514499 7.3944397768358e-08 0.795962637272203
2.45329785183671e-06 3.88807381506439e-05 0.00465178029307765
3.0039456672707e-10 0.000118705543104467 3.40066241091404e-07
0.559134665028046 0.00695763843712116 0.142420598986552
3.8621967930644e-15 0.634286570778291 1.06586861621841e-23
3.14739481745608e-44 0.838903965819629 3.94599152491419e-76
8.84495095202548e-13 1.44742215572346e-25 0.548388743496816
2.62897208794462e-34 2.50919724171402e-18 2.56383555761023e-18
1.09799318590693e-70 7.18781822349129e-15 4.8582026118848e-66
5.93818033191074e-23 3.38792992197353e-70 0.0954924105109689
1.45757474523357e-54 1.87775453725425e-56 4.33206645263101e-14
1.29297833264181e-115 1.88258762637427e-57 2.65637466602725e-68
0.0656788243827016 0.100896253616784 0.226122767387072
0.165381193623 0.32099271867051 0.0363394603849648
0.126272756143341 0.100048119925922 0.669863202358109
0.0150393422262232 0.0142886988041023 0.832317273362601
0.563181482930978 0.538360531172909 0.906979741369278
0.514621583706765 0.55043523940068 0.718155692491316
0.121615400353356 0.100536065205797 0.793654819359703
0.065670913226711 0.0571763154021689 0.967935123061717
0.158802077892101 0.0762060149639713 0.113082792337802
0.62069053631464 0.600677321964259 0.937048988301895
0.911982475071616 0.953516260301307 0.788109206182389
0.147178279579049 0.0668050270998541 0.0863134166791278
4.1047919678266e-05 2.14000410333001e-05 0.794997480793014
0.000969633446635831 0.000912414449057161 0.725509420731601
5.38714178643345e-09 2.18888251578766e-08 0.0296389263629357
1.54831562722451e-13 1.1466165764317e-14 0.415651392608721
4.44776830170697e-16 2.66868016925886e-16 0.462857638205507
2.93545413015446e-14 2.73067853032638e-14 0.37194095320396
0.222631567165655 0.19545288982713 0.825301591986434
0.531726570491093 0.960155841217711 0.00744647337966386
0.420945173996674 0.608357213448611 4.54555848180898e-13
1.95708887268313e-55 1.44732018538801e-55 0.0474426453854273
1.16360015241058e-59 9.39839084473914e-57 4.24833854231324e-05
4.4128276867918e-90 1.3220628919267e-82 4.59257466963852e-15
1.22755169380178e-143 8.67520878852656e-153 0.653314964055793
6.89644950763415e-149 3.40879087164718e-148 0.000114141602047721
7.33305483194985e-146 3.85675712957655e-144 2.30865466919373e-05
0.293159393660906 0.662310579240587 0.113680772705438
0.506236499157674 0.365610547268022 0.760869996325759
0.549671711680062 0.834750882554483 0.292016591625844
0.0662456932896067 0.140444802098653 0.2118601590123
0.012212829548298 0.127170595302252 0.00744818944151807
0.733407596225015 0.313182762512389 0.19220767812083
0.000477473380614624 0.000424727697184167 0.380591583845344
0.00533206890247706 0.00866289144948475 0.289234796243958
4.97438138922255e-05 0.000815614827426718 0.00816325732772843
0.880749920332596 0.509159359003899 0.313497004342497
0.147384985354175 0.527895662222643 0.0357977186291736
0.102546624272878 0.868899903374452 4.17454818877896e-05
1.7325274232978e-05 3.33932488406215e-07 0.711818490173836
7.2137604139456e-06 0.00450778067914233 2.23184788555434e-06
4.6461020048738e-09 0.000139538268499294 2.64698644519549e-09
1.23279018896297e-12 1.27118629821623e-16 0.649300750418291
2.51153166479528e-17 2.10170579967349e-17 0.0210192373301001
3.00321999753779e-19 1.48811193610661e-15 2.90515576695793e-05
0.875728712079336 0.436004257810679 0.0418087276631571
0.000258982426295592 0.717034219083195 3.33975697190466e-20
5.61108335301817e-15 0.91124002329959 3.21918019091449e-73
4.80522653365449e-68 3.96389403887788e-78 0.0163615606286702
8.25375619064234e-65 3.9732292439044e-52 1.12106409454704e-17
8.24984259428482e-90 3.61830726374912e-49 1.33874672711973e-68
2.15949373957324e-111 1.54705389490167e-139 0.264357129636694
6.56000929968433e-141 1.69871022769524e-146 1.25197501561326e-10
4.51906737801963e-181 2.57045424519694e-157 6.01423610636091e-41
0.940458800311771 0.926916447016699 0.98713206848645
0.51756034278012 0.512061611114268 0.890494697053407
0.345396892208008 0.13194054523778 0.377168184878823
0.953419010103848 0.308562610766885 0.0523248848985722
0.0403136554067779 0.0220191931777578 0.981887936147255
0.10749776976859 0.136611835789999 0.524307590166235
0.0602467965807162 0.124198000164596 0.248340694496376
0.00441740639057036 0.00574054187464221 0.387724679604258
0.00803784673239299 0.0152283025929734 0.270776697366618
0.25628554739174 0.259735643867387 0.77774921734661
0.297405610335409 0.0500045284096205 0.112133640099393
0.0742538761431451 0.796397672941028 4.92518657766855e-06
6.66113706978292e-09 5.20113723054836e-10 0.595167324964775
1.62108980281335e-06 0.000390590040618081 0.000255423203449544
5.46049923761885e-06 0.00660261372368194 9.21888348739564e-07
1.37732640651315e-07 3.09805953454598e-07 0.113151877894072
3.20428018787622e-12 5.37847001370113e-10 0.00117373107998085
3.84337366740431e-13 2.12486171007285e-10 0.000312595885122074
0.748578640247895 0.806935915251441 0.814517038812523
0.662933030567899 0.0399999849863112 2.48217117306943e-07
1.21796539819583e-05 0.507190313032271 4.61776823928428e-29
1.65231539914402e-15 2.73318351245088e-21 0.25490709202023
1.98684909588631e-32 3.97459221532174e-27 1.28125424576487e-07
1.55116455895124e-49 1.03731592169984e-25 5.64762194821189e-36
1.07411181382793e-76 3.6008969908341e-99 0.514421707438647
3.11589661326637e-114 6.05969902449909e-117 1.15584937034089e-07
2.11248571412239e-148 1.37170990990903e-122 1.29572350331075e-31
0.918360408057949 0.345009366990865 0.336789286912641
0.209096886382826 0.33965646706556 0.391598751221972
0.285866171399134 0.677906920915325 0.0748709020978032
0.672987504223202 0.279811161511647 0.729726033992591
0.760493208177648 0.405898215775587 0.263250529032729
0.0591736171213696 0.76020650002785 0.0264686152530832
0.296653174947284 0.210434746659162 0.772324584623687
0.832217000241269 0.786085786113568 0.960268096225909
0.736325836464119 0.245697934401028 0.58942702532286
0.148073953270931 0.103529100868173 0.584940510707031
0.0901980780010285 0.623129395876447 0.00758775218509762
0.000211133580088993 0.182016720022799 8.49756662208441e-10
0.235602928040693 0.000406252430756733 0.165433730433822
0.000370507949459802 0.00105082889343634 0.0541575685058342
1.78906989529456e-11 0.00821005011458181 1.55324178950828e-11
1.07077155588924e-06 1.77248509837825e-12 0.611559941734666
1.50181554012986e-07 6.32357181455524e-05 0.000428849773199786
2.0931374219015e-19 1.15321324347894e-13 1.28487945237874e-08
0.34548030837723 0.154554869190493 0.970376471436559
1.29888318532113e-26 0.51029719724773 1.14275824296449e-48
9.76456946715532e-77 0.915768404806476 1.4386077473529e-141
3.3559454415697e-21 3.30859168384705e-42 0.351992360645029
1.19487549465701e-80 4.36175141912655e-45 6.73025154603741e-42
7.04676488311218e-129 5.94228400867206e-29 3.23200302512879e-115
4.11013830778557e-50 8.7379783465459e-116 0.725072669959773
3.6744581943368e-131 1.00008831648069e-113 2.2913231448376e-41
2.19005963677931e-189 4.14603422065212e-73 5.79984646053363e-125
0.0352303498243371 0.0454104705104626 0.419261116555942
0.600526692358488 0.623815541390971 0.806294332349302
0.531975566113757 0.357000556713911 0.159121771588973
0.0994547330550352 0.218562194800162 0.0163780835094103
0.546996385959926 0.744241208864385 0.157958873657877
0.642665371064582 0.388423367691682 0.0511413057909023
0.000799494382852301 0.000633089240885654 0.911902540327915
0.00250998939472906 0.000987154521130764 0.361778127717001
0.00107958320858537 0.00120030464542763 0.56774799465608
0.0136152833034002 0.0117972457964735 0.948471336518949
0.0651731035181202 0.0995795161232265 0.178137788353136
0.919463316092824 0.74923747893296 0.0325890818277336
4.58491690787775e-12 2.04812662617402e-12 0.770593655099126
1.00263986756188e-12 8.82157352145978e-13 0.424944339784292
1.14638139330015e-14 2.75411084928531e-14 0.126153653616414
1.05892126853249e-28 7.22941648570603e-31 0.44785055866649
6.70023023167497e-41 1.49459295206256e-40 0.0441423336584875
9.54941751274877e-33 2.5552692068662e-29 2.25941008243649e-06
0.390964608804661 0.390381409384793 0.916222110629133
0.518651122310572 0.643352308922876 2.70169650412569e-08
0.982349545986611 0.0510000128057938 6.16496057467375e-26
1.02931057969402e-140 5.71676890112809e-146 0.373741588959829
5.9842134693761e-127 3.95271833607461e-120 4.93215615560808e-10
1.16295424597583e-162 1.14362047346782e-146 1.19315221694784e-26
4.38915954689628e-293 9.05554011358446e-305 0.199777130177672
5.18100410816851e-308 1.45108444695359e-311 0.000125671656340088
2.25011146060804e-282 1.04562018432342e-276 1.39502998751268e-10
0.83525058377246 0.79205117647387 0.954653349701276
0.753679852921562 0.979826482264134 0.495775636457221
0.389832560190478 0.764472159904617 0.159940321855858
0.542859198005241 0.247786208910159 0.309008115992111
0.0961556917476806 0.13838720256154 0.399769535707137
0.0121459527463597 0.173371837626397 0.00209783269386553
0.00469457850989649 0.00139138314538944 0.969459003065211
0.00484218835572955 0.00366678986876389 0.535840049836486
0.000471231184360911 0.012710904500233 0.00273896226931181
0.534246836662223 0.692579572732167 0.511959103734315
0.531760050506135 0.415747863241436 0.00173967893780874
0.50087755977155 0.323606882362785 0.000280411061853056
4.75629216018497e-11 9.31832896240205e-14 0.964981569158466
1.56436369482366e-11 7.31586787798293e-10 0.00187154142942265
5.51516842330251e-20 1.937981070741e-12 2.47342532817518e-12
5.86824456470671e-20 6.76909133049304e-27 0.487591286524614
1.49740686232926e-30 4.58819163809729e-32 0.00931623776142722
5.0575462770946e-33 1.45468526054339e-29 3.0380394189787e-06
0.18108425791853 0.144561670410759 0.910983486041567
9.27283507474531e-14 0.0448047905873261 4.05675556987555e-41
3.85192515787412e-24 0.563249124719871 1.24281135136205e-118
7.15697129458996e-113 5.30090087742667e-136 0.093817845146551
9.12929877995286e-145 1.08182684624898e-119 9.84123835126437e-34
1.81814386672467e-203 2.00160216512369e-117 1.55143837864869e-132
3.48393683868736e-216 1.1877570643319e-282 0.987580205204911
8.73430123754144e-268 2.18336879669763e-272 4.05555195473045e-22
0 9.92972488538665e-284 9.70627391978035e-72
