TOT AFR EUR
0.883210833874827 0.816548151218573 0.414842205582311
0.99414674313785 0.787612634057845 0.517126247933945
0.886362009448232 0.906788198047171 0.928017485566193
0.576285342154201 0.305129605714085 0.413350823269822
0.338566929328919 0.753968034796692 0.117407402430554
0.146598192828998 0.184919351755557 0.571404362449724
0.165815439360181 0.123745271444079 0.947997808421314
0.231595173614053 0.075299608287085 0.353291062600168
0.567659703429146 0.741403226267635 0.55700566531498
0.472507764991921 0.389910644227775 0.921676679371748
0.832971555585665 0.786026027059333 0.266915983199162
0.819182381777679 0.489719943910356 0.0634813358586585
0.0113314930532796 0.0596015874189378 0.0439174098480153
0.135964103816313 0.520359933113537 0.0430336448928627
0.705695495685755 0.857008845554518 0.617368131743176
0.037049028340752 0.0129285591911014 0.730024332950834
0.00685126398683009 0.0032349384924098 0.905658332848325
0.364619572263335 0.429790556602804 0.659611918511479
0.878033194923245 0.785473860629988 0.352628063440274
0.00936194507609111 0.186660184873131 0.00242593317855734
0.787084951136608 0.130479963347861 0.000766198067696126
7.92813657050941e-05 8.46887385149654e-05 0.34173304603243
0.000110036721159171 0.000286770535469954 0.154355834759577
4.06183713233694e-05 0.000575696894211672 0.025892059186619
1.44627179380097e-15 2.33401134472848e-17 0.513980993083612
2.52541840180351e-11 2.17887192034633e-10 0.0175330440859486
3.76152012640986e-09 2.03138179176985e-07 0.00246188637409297
0.783449430632013 0.848875724532174 0.84189880014523
0.820433840686683 0.780246609663097 0.952216030409889
0.537808785244472 0.0450738862331908 0.341249218341238
0.2947006989222 0.761599914655742 0.256749695581202
0.849359427447527 0.947600000249684 0.755765021167127
0.966974177608333 0.666248850671844 0.752772912416241
0.729685565370686 0.109393114803562 0.377815041711467
0.773107493589211 0.559182478424832 0.920655210746963
0.671867718193611 0.920123742144091 0.630436257961581
0.586210766627573 0.51273860730374 0.866486266944084
0.10127095924038 0.0400017129235829 0.646588365524262
0.0155663387219259 0.639859067470618 0.000323207218093626
0.458412939718577 0.148275800330858 0.023937382437255
0.257510076825306 0.983662433912112 0.126033449683296
0.424852460814407 0.598774112516331 0.528211005399709
0.775142421450847 0.240955203675995 0.179759357356359
0.000957825505698629 0.169709673594937 0.00153780461642479
0.000444728975804769 0.00943269129852986 0.0122082273496236
0.33812156106167 0.159922968943883 0.99846140686865
0.00645507073935642 0.927174052071522 0.000334662824228122
3.61936507886741e-10 0.721546988056485 2.99430710258208e-16
0.160268652091361 0.000631327197885241 0.293920291389072
2.48584275859816e-10 0.0130213261625088 7.58428403335456e-11
1.00203225233618e-11 0.00393653187715398 6.97979318692468e-12
0.000664383319689078 5.38393419917767e-12 0.0897490675814812
1.21098120386309e-16 5.31742210518031e-11 2.81942441314987e-07
5.15283909671162e-18 3.16325286000821e-06 2.94589476032048e-13
0.00377371909170678 0.00141284068630087 0.322603134956073
0.559165314040673 0.706590569658483 0.315406577195187
0.296292005597656 0.341333048605046 0.545064436491132
0.0336315230920807 0.0215321233249122 0.556776899451356
0.651567234515959 0.589851295611786 0.749293056784277
0.0086069077005245 0.00625184105815239 0.877818169919151
0.0150837340962243 0.0170378508594046 0.575920436481973
0.939194901177071 0.734262707018462 0.052931857699799
0.65926497353184 0.670854246580345 0.888909264637017
0.557253141813379 0.386815597926159 0.119566019644136
0.579451806390187 0.446000417872565 0.217081779677619
0.494620656202196 0.512920725720353 0.82921607589716
0.123879149782091 0.0690784452373049 0.311110914787462
0.0643067443008464 0.0499319874998288 0.735005369511574
0.000907246084553061 0.00431124513785973 0.00233502148174702
1.48761414664694e-05 7.05210580623863e-06 0.866661045045216
0.00075863396938835 7.21340431293089e-05 0.027149010753272
0.0305897914328557 0.0170533564471106 0.31485864937358
0.714441630500592 0.978767592649331 0.0217072583771652
0.112442184997084 0.304967022770788 0.00393681752490908
0.073511211260693 0.495725286449968 1.05419786397469e-07
1.05387925415443e-10 1.55030302690889e-11 0.651896220072573
1.55532855945424e-13 1.47599629252812e-12 0.0149208210069754
8.41488265431572e-13 3.57088009083741e-10 4.91080705957003e-08
1.88411816214028e-33 1.5402032060499e-37 0.125524607680933
2.38170895972122e-38 2.4008932614819e-38 0.111202859123581
1.07254690236713e-37 3.41544991847132e-36 3.53621147009038e-05
0.18243053956215 0.576735598226973 0.0629027546767973
0.451059426108988 0.442735337806365 0.84395592430461
0.319917645287758 0.297017154812153 0.860887461887249
0.313986462202097 0.612273146262704 0.165166109160378
0.968922330223248 0.381441507445397 0.070203535829152
0.274972263172267 0.171465730172745 0.774239014966875
0.0919596611386959 0.0660695848607596 0.878419124659731
0.0791643332866575 0.177077687280345 0.215147214899489
0.002928585597644 0.0139430936688865 0.0528310762186296
0.731880281421782 0.780409092892809 0.809841093313723
0.517773944894511 0.995870777579752 0.131512898010478
0.933883795546126 0.295340259272702 0.01208155682244
0.0541507633976546 0.0382187054242159 0.734447392216068
0.144551804800902 0.327046367575091 0.198083153998921
0.0121884042716756 0.00142637436871344 0.448131145538742
3.80833260751714e-05 1.42158631296916e-05 0.453770206253527
3.06736557118402e-05 9.75334410864805e-06 0.424870746114415
0.000660262746731633 0.000244387904946486 0.678444956320256
0.39304082238827 0.324123848744863 0.943853297096021
0.00855671609469659 0.307993731240899 5.45235073592589e-06
0.0027340316942755 0.716502805551118 1.92971716283871e-16
7.18281808105654e-09 1.97490960275211e-13 0.126405632785928
2.16869229770176e-23 1.44904781439197e-18 8.46434479254663e-07
1.16770198129205e-14 7.51331158265506e-09 2.35535461910971e-08
3.69126084068773e-30 9.27914059244744e-36 0.186157232397824
1.8620683669721e-27 8.94189152940892e-35 0.930511778749926
4.33980172431226e-32 2.09403294294452e-29 4.60823522461213e-06
0.593571837530409 0.312104044174997 0.417487249550708
0.288662444244208 0.374378513711695 0.542848857873408
0.305865432227855 0.485008289761999 0.335066283286755
0.588960579310505 0.625547270293717 0.811622316884606
0.208601143622927 0.137440198017161 0.872332463110443
0.0468395909101377 0.0194508611589029 0.817777517275408
0.316716993659593 0.148006603792109 0.508970618255312
0.53244214044306 0.430138471172209 0.855497363800688
0.0409547107777058 0.0079725770788228 0.446147559079042
0.620259944760985 0.343771183273034 0.430470841319759
0.0719902542639245 0.161661623578866 0.209153703349759
0.602441487640537 0.299197563303921 0.00186090314433061
0.193371518939001 0.0598729846445664 0.382889807900339
0.0876982391523667 0.100739146883815 0.57734377952807
0.0917680703479498 0.174155764072215 0.263176449917297
3.70752729990605e-05 3.84536194620855e-06 0.97908858873755
4.76212296722198e-07 3.11925900272678e-06 0.0397483351135084
0.000112467076041448 0.000142754060909567 0.293601547536311
0.639821974315849 0.237389942426659 0.19905949502146
0.0566988709353915 0.918787405487329 6.21474991776791e-06
1.12436728857029e-06 0.298935232904848 4.11515589245712e-21
2.93215668805691e-12 2.26756788073699e-17 0.229768827767624
1.10551739566188e-21 2.64089754694138e-16 2.67886316535611e-07
1.17545560375531e-21 1.86963673856132e-15 1.90061086765576e-08
2.43047558326661e-54 2.49949761564683e-69 0.755758875042851
8.76804870996351e-49 7.29254570539137e-45 6.62081426897555e-07
1.85832587871036e-58 2.55803813429597e-48 4.63202620485571e-13
0.974175074662551 0.321597370044699 0.418338654868313
0.501724787810628 0.00600561773416509 0.161109889132491
0.788364833870253 0.321023883040132 0.213431126000644
0.811082593204543 0.657217284368016 0.476029571582809
0.538433887560554 0.802526150300901 0.552804483992505
0.365904649081082 0.383742610752411 0.646148205523086
0.279688616429914 0.832736915528323 0.200262028044879
0.164515347210169 0.579476575785537 0.166323335620164
0.394643307133663 0.202287781814356 0.957267812773158
0.23194057360617 0.718550827265298 0.199109624494892
0.0485241576649817 0.459221379484048 0.0475965534224444
0.00732784720481405 0.897140722431372 0.000208108696504601
0.82466784257621 0.122433493989235 0.312326577126208
0.00159332953831309 0.00392140984975476 0.082657048360768
0.00108381793471729 0.333133922850035 0.000525998275894685
0.0429207273184505 7.60332983741977e-06 0.2861075810049
1.30358629680715e-11 1.32167893006491e-08 2.05785060040674e-05
2.89314636477835e-17 6.8125852159845e-06 1.04119665123717e-13
0.174666695367203 0.464104217830117 0.241022853689876
8.45041323087694e-15 0.645255011826154 8.69523753605477e-24
2.45256256459497e-33 0.0389159372296187 1.73418615917827e-72
1.41149970547723e-08 1.11930429966107e-21 0.484076891539656
7.70996075736983e-36 5.91288123483838e-17 9.75334202159116e-22
2.42532299437085e-64 8.79003287463159e-11 3.66276055686823e-66
2.21008497743285e-20 9.90812485726832e-62 0.140269212830453
5.3195816268612e-56 4.82555568059891e-56 1.83977310519854e-14
1.07858478114243e-105 8.69193268681121e-37 7.21371053472546e-77
0.21704932201091 0.107492222022352 0.113130339101307
0.719749058255959 0.654028781756115 0.653142804255962
0.437704572424407 0.409976144563633 0.85211393829058
0.407767099724292 0.382169086349461 0.892015575010577
0.027891595488982 0.0315585356245341 0.612288288873403
0.906414649521183 0.891951571886979 0.942516169730445
0.825326766322442 0.773371273636956 0.758349912986166
0.0179471039328291 0.00952228800351642 0.379207402225978
0.00272768066245655 0.00398643630224664 0.359297951206441
0.171905062267149 0.201131044325311 0.555261011400675
0.206317320636887 0.184086178322145 0.867849555496301
0.0182131787892201 0.088204883592255 0.000462947619189366
0.00129680390705764 0.000925394234133769 0.946340079802649
3.01954215735927e-08 1.71462057739544e-07 0.0285362450563393
1.42315829668513e-10 1.51170498069064e-09 0.00655843189621395
7.41756617773714e-23 1.04181943514007e-24 0.497981282857269
9.35059746322468e-16 4.88760565985417e-16 0.507291683176818
8.21054886780231e-23 4.87257096235875e-22 0.0249083512060448
0.869046694199177 0.805122667048562 0.731385268722773
0.987066621728506 0.321502684343381 4.46774676669183e-06
0.604785738383597 0.41907768200445 2.72859295946314e-10
2.26698246263162e-55 1.73820431365308e-58 0.930051339995931
9.60196449678828e-71 3.65032955068198e-67 9.64063000699341e-07
1.26449759738183e-70 5.10736660874382e-63 5.2764138624258e-16
2.86940294344977e-146 3.38972613389551e-150 0.12010693162544
1.65295946877873e-139 1.14403848013049e-140 0.00382427834911067
1.43667500617881e-143 5.66128304871475e-138 3.04476459250289e-09
0.0649001091905785 0.0792519613984718 0.474181836687738
0.938983117137054 0.892585280572262 0.921016416497492
0.00800653310969573 0.0194904966323136 0.161396305748421
0.411922101745131 0.341804635818329 0.95344120310568
0.439544851858566 0.303122795149946 0.739426077718719
0.0480916457863123 0.141363804242212 0.102299468674859
0.266374664351239 0.398380910683128 0.381426491340749
0.386806374983965 0.405357554615801 0.750400275139024
0.261645103320267 0.266867696142651 0.732581880890775
0.231732162955066 0.161802210116106 0.932399683039727
0.262853118692096 0.99474352067568 0.0054910684469164
0.0085704992407692 0.690259145323425 1.24416364905976e-07
5.64275710525667e-08 2.10701229162417e-08 0.238925372214599
0.000112105485512609 7.66571414922642e-05 0.388128069939905
3.44355012909857e-11 1.28255329206059e-06 2.94712685399074e-08
2.80253429500935e-11 5.04492384005912e-14 0.938707664581035
1.82518375486093e-14 3.15229774927127e-14 0.0245780483318783
2.6621787551572e-20 6.58725480701539e-16 3.85186887811335e-07
0.348792480586968 0.116456987212996 0.295395046338595
2.35557987269659e-06 0.89321940763161 6.0704421319286e-31
3.71468276374606e-16 0.333896217427613 2.3855440334348e-63
9.3759942129814e-34 2.55972600079023e-49 0.0669178842486888
4.14056713298099e-69 6.03385658924573e-58 5.92539733833379e-17
8.40749357464245e-89 5.9934717486655e-49 7.20877975085705e-62
1.06027943944112e-118 4.5175485746549e-151 0.761503476298032
1.93322852383417e-151 1.22309732899865e-157 1.57651201521737e-11
2.88564509976073e-159 2.63256993089038e-142 7.21212847233445e-29
0.197489766209746 0.297106428474833 0.418385720810041
0.810095807136678 0.483271231567587 0.375421647255765
0.941513775589649 0.752259137640074 0.39269119189547
0.550532896227776 0.568787866338725 0.844610090364194
0.830837321371407 0.982066474080598 0.669399113755813
0.932617602228646 0.877224270006898 0.903205829467638
0.122962338172494 0.187306732139399 0.412633380674976
0.800612786660288 0.392144925416004 0.249951118059876
0.846096766998671 0.715889548354474 0.237665651416216
0.552393510102257 0.543604671417094 0.906817634874677
0.0277144502249796 0.273373934068522 0.00812525621481622
0.0153006605723581 0.9257484289118 1.52462504359554e-07
0.00556128244817043 8.1971930676253e-05 0.0816569770282802
2.65778329679898e-08 3.60246752839336e-07 0.0207582407942849
0.000181986164403498 0.0199919193020267 0.000205907663337319
4.51365519913062e-07 1.32824958975153e-11 0.0266185273962044
1.03811878109227e-15 2.06576592241897e-17 0.285243116748564
2.44159346166035e-07 3.92448981445332e-05 0.000529374594982901
0.547510502696762 0.803009748696652 0.373237331823134
0.256076286429222 0.152873911885969 5.00901739736087e-08
1.52742937665488e-09 0.345722582280509 1.49001055486736e-31
2.29985570088249e-27 5.52201995502362e-34 0.984297067211509
7.99448818776525e-35 3.24692402096245e-28 6.75419295542495e-09
1.30672119476451e-67 7.4029848135997e-41 4.26560344802562e-34
1.03010488319983e-84 4.84175661408134e-105 0.644966163846713
7.4767694716605e-107 4.57052132771522e-103 3.53642156419493e-10
9.4893297660265e-128 1.57699990651148e-101 5.24965813575841e-29
0.104414224512372 0.147202844146786 0.351757329812626
0.44129487641403 0.323618177488952 0.851428001927047
0.680146781717485 0.123975136748659 0.455428957675989
0.269533363098277 0.291848012690889 0.0180551021424768
0.449169926790933 0.794784500393256 0.222236812316366
0.906939478202767 0.19115307776176 0.335417610943504
0.282194648391204 0.0106125333570448 0.458134177570121
0.610629493908084 0.0893874797768954 0.440590188767083
0.000737882793290171 0.0436973985181734 0.0052718063297051
0.129505821543731 0.0451124385768685 0.763701806146181
0.00374422137850882 0.103278745315775 0.0124822121108838
3.01706013229971e-08 0.116148846523908 1.05544988021456e-09
0.0109022674593865 1.99365651049955e-05 0.791781551955743
1.23251959336111e-05 0.101945124470839 9.10239891660031e-06
2.82641085555474e-09 0.0814260256497438 1.29241235520207e-10
0.000527875952173234 2.94641196464936e-09 0.655747796085982
6.42643736427295e-08 9.07995925198207e-11 0.0956576484715951
4.89032522336231e-20 7.28435396622265e-13 1.7075260016752e-09
0.840608050570778 0.478731982995568 0.377677660882552
4.16679071849429e-27 0.186279434655428 5.20289831116356e-55
1.74443459060882e-77 0.246253488576253 2.38983029594158e-148
1.07373001369947e-17 1.45710648356713e-33 0.207634346469045
1.09738226256884e-66 1.06997720873238e-25 3.68244529295428e-45
2.63937824629104e-122 3.45459234898063e-25 6.6080694980599e-117
4.85017731770642e-45 4.06391764858867e-118 0.421053005597794
4.4910716941781e-102 1.77050757583188e-84 3.15322956928703e-33
2.28001576854711e-191 1.57267302939556e-80 9.56555231002901e-124
0.0902210387900966 0.0756671982380773 0.856237338629984
0.722904459046802 0.909145001787933 0.242762687488046
0.884568539884746 0.900656198709619 0.899662804113759
0.810282004252238 0.761125430922173 0.778159935163042
0.110706174685422 0.0746551125799972 0.479936692096087
0.000876932523078 0.000428330788825377 0.592504817596545
0.00685725758139416 0.00874528429715405 0.461217281009263
0.00165876470671083 0.00145398826091989 0.841918696135034
0.0106418718333407 0.0169682647689567 0.247406886124558
0.6405567504774 0.657671782715114 0.862198025115551
0.197236759279663 0.332644115227087 0.0926756631782551
0.140455395266732 0.313043981135374 0.0121008420459211
2.57759461865326e-09 1.01683387261547e-10 0.0836675855849112
2.25906016132649e-15 3.92228036559852e-14 0.00396247763987631
2.12028360720164e-12 3.73469757635209e-11 0.0022531279491719
5.33195223115306e-28 9.22017479610744e-28 0.103897100025222
1.16163774900171e-36 2.17894113919705e-36 0.058794086244915
2.1175214292799e-27 7.09200300560738e-28 0.351409320302843
0.79322816855594 0.902080574196955 0.501568948460264
0.252994093617865 0.897078948621838 3.26993911978391e-10
0.00504238509574907 0.850481305110826 2.02754605190543e-37
2.20113115404429e-137 1.52539541168182e-142 0.434541224877273
1.07074544682765e-126 1.52204560847769e-121 2.42209955134897e-08
8.6468657979964e-137 1.12715138621098e-118 3.32810575317105e-35
2.35792526310185e-249 5.52802145111563e-266 0.300078683290682
5.70896249174026e-269 1.50382634588047e-274 0.00304026787569932
1.93059178192766e-266 1.84843617195121e-257 1.23524746990064e-16
0.538051898569011 0.931054657094049 0.208080793959243
0.277991698284205 0.505038057290215 0.240278956035174
0.570820729428312 0.678642926028031 0.626291867853802
0.90468864308599 0.650306938488537 0.227981728664152
0.292028277856288 0.126715284673037 0.504270151289676
0.0230150747444223 0.173384926932831 0.0103908583417797
0.00104375901811069 0.00302707550529469 0.123409028577224
0.000865646027671845 0.000274654553390588 0.760845132140452
0.00159418507978742 0.00585654425433677 0.090782774816944
0.979128356559141 0.895901673250566 0.73649673904825
0.186371838865109 0.72627263550211 0.0142331965659637
0.00254469514185712 0.294995962028868 4.60055675460861e-07
2.01171202814712e-07 1.70279715915061e-09 0.754654125661853
2.69996893924664e-08 2.80995979397465e-07 0.0157230098645432
2.34605687501174e-19 6.91198520952864e-15 2.0056662684838e-07
4.15946048431882e-33 1.53720007541193e-42 0.810266341655398
1.26609276076417e-26 1.54549149767054e-25 0.000491827366756542
5.55105961203871e-37 4.92525772301681e-28 6.53819948063847e-14
0.958992350241865 0.781442447770942 0.643853567302834
9.27004283338295e-07 0.675669517663849 2.1005484370405e-34
8.01705434306288e-24 0.789899550875516 8.71196369123513e-129
7.81298990528307e-91 2.19486837515166e-112 0.40582133557107
9.29048706468911e-147 1.85074383241285e-120 1.4271911886549e-36
2.35763591800642e-155 5.45453064896242e-88 6.84248114494739e-108
4.8669283711182e-243 1.86435769490209e-306 0.159617714042548
7.60927017756242e-297 5.00182906417214e-298 3.59075982470906e-26
0 7.4462277981097e-272 4.1936479027111e-79
