TOT AFR EUR
0.393276586144767 0.31942467937166 0.9631220349399
0.788103599669467 0.190661849547207 0.0591762430654282
0.0649026023694453 0.0869304309545379 0.480385719012531
0.0486091155476283 0.117825554733965 0.19642055599021
0.474941833748436 0.984349725636867 0.0593821723837635
0.0123478807648991 0.0335545303122882 0.147147458765646
0.290696385287342 0.398794406196353 0.431965007496655
0.534762309489058 0.856912125658328 0.322722862732621
0.990289796785265 0.780524180118124 0.462832689222494
0.735409565255199 0.342053775044451 0.25655865012033
0.789967350067047 0.917255660241662 0.689679349541485
0.720907933722175 0.561696212398249 0.71815059174772
0.784212551246552 0.421249430684485 0.322565693279402
0.372754952674211 0.156988954994981 0.419355197519306
0.0100296573358349 0.0167256893858207 0.288498245931546
0.00107706070559017 0.000674508037714046 0.581489374522421
0.123533317793623 0.096058129800434 0.877698713341101
0.149913166360138 0.586284360600022 0.0312013721148323
0.363467981593624 0.226616413056266 0.652908170464272
0.931565144763499 0.55948745681024 0.185607277642
0.00634799336521245 0.878114014632021 4.3788240092315e-11
0.104017632841611 0.0402202205191071 0.65850326148043
1.4932249346682e-06 1.84015018961379e-05 0.0227979411013543
7.18126493134074e-12 8.13446706709893e-09 2.76240395367079e-05
5.16670225725661e-11 1.20831112811458e-14 0.635374758698825
2.89444159369629e-16 9.8991515904474e-17 0.0469065974258028
3.8517931799128e-12 3.42991943614745e-09 0.000168448352632077
0.833993886697033 0.750807959138871 0.583435613010383
0.515547587248257 0.453492721473704 0.820898499670231
0.0204241791968923 0.514845799547116 0.0110006904459466
0.0744260803484992 0.394859985845515 0.100328103358938
0.193869983629186 0.403893154586011 0.331606555500035
0.647240606309982 0.985975526815036 0.530657686037988
0.336940686759431 0.388251302236827 0.590887218097192
0.317497652190182 0.0132732855649869 0.479170898623779
0.0484852583497705 0.502646069067637 0.0369711456601744
0.381775554586025 0.0541483351597759 0.629826215780092
0.306720110584423 0.860013722732293 0.230294799334424
0.330668477765921 0.953757490191471 0.211168161692671
0.155739902488263 0.0504356614021752 0.883113952015098
0.0287469001549178 0.131364477788677 0.0954138109853406
0.00351950529153479 0.116493987483065 0.00961700255160006
0.358458626350323 0.00430837835994316 0.210475759795917
0.0722843152183127 0.0146108384870024 0.739692501310256
0.00553966350322071 0.00384678630415504 0.301458332931499
0.871543977973466 0.773119409667501 0.654943113786242
0.00310170041698856 0.410469494190825 3.21913840093245e-06
1.07149445348423e-09 0.721388711525951 1.97840515444129e-16
0.0214495048275527 0.000206110943044391 0.935376762098534
4.33701867638441e-15 9.3545652573833e-09 3.89882394916826e-08
3.66661267199989e-11 1.90457266619236e-05 2.71154511119603e-07
0.016821058878971 1.15762941995607e-08 0.0471383942788766
6.90690619333029e-10 1.43432837105982e-07 0.000110011767080331
4.0583834870418e-27 2.52369773621876e-12 5.91384647868453e-17
0.286167174157976 0.254033279185453 0.771611553645348
0.598346926346291 0.434393533651898 0.21732663783372
0.0257084728538243 0.0256356379574212 0.805919994120861
0.0698076496064484 0.0886767668377478 0.358546333997735
0.225220328058781 0.152503564923224 0.284633800124816
0.263096107794175 0.167295885634088 0.228560997962966
0.347370891313221 0.229528149317553 0.169047694615717
0.377396636983089 0.45906437180903 0.352472844444095
0.270253646861175 0.36239981125362 0.391583305871254
0.00483597627428171 0.0109263093291921 0.105333449446227
0.863737557910979 0.634805412674938 0.254848328535171
0.865812096150827 0.987378680054513 0.365334617278845
0.0385992633644631 0.013240039307594 0.0876080593052239
0.0405524881041452 0.0286195942851494 0.505991792385438
0.0011272437728183 0.00638832057811131 0.0108837134302054
2.19925398035987e-06 1.60557838874109e-06 0.801800068883077
1.91245934318595e-06 9.33383458409792e-07 0.875216436954344
1.22632214007294e-08 3.10091758224028e-08 0.0839688149909555
0.947547495124566 0.885634320662525 0.710416356949266
0.725594474085033 0.6358547702618 0.366560410455356
0.716631220279664 0.174727575935818 1.51738090450656e-06
1.33337627011167e-12 5.32151095240522e-13 0.913743970515798
3.57829652931569e-13 8.48115176605266e-14 0.987634995963884
4.23936195936312e-19 3.20389371676048e-17 0.000971732534948959
3.08543670431311e-30 1.86577849732204e-32 0.464267869117014
1.48089620691013e-32 3.70059253914524e-34 0.925111317874624
2.71946978272915e-38 4.65029379184121e-37 0.00236221343553716
0.998168111446007 0.782895621234779 0.519770641342743
0.0341688009798341 0.0208174039721454 0.81050318809415
0.610232723588532 0.316161837983733 0.376502997092898
0.259492880665271 0.213134202747981 0.965423795910424
0.384406787676808 0.582655842193643 0.370796580118839
0.28299886756381 0.116318941113901 0.471613700029309
0.385601968724199 0.277965103817149 0.84097087355104
0.559683488715255 0.90699410047626 0.316379993425025
0.117245536253134 0.15889582463662 0.439068935651998
0.229692543643125 0.434577733809253 0.191763917355037
0.346615129641351 0.614404895626564 0.190199148524793
0.0110034329466538 0.117768925818076 0.00906660135437148
0.0374629151149956 0.0415498606372016 0.524827657414646
0.00018250456340544 0.000902453386213376 0.042923958353242
0.00173030433834605 0.0924253785359235 2.68261946188434e-05
0.00165712837292333 0.0010060485589096 0.50880904298461
1.77840063706061e-05 6.31814970809594e-07 0.765430901999841
4.20619363778752e-08 2.41956691132334e-07 0.0227582444192208
0.277549152463199 0.288922942434695 0.746768866334348
0.0967093782521087 0.799639992310581 1.01815670229545e-06
0.000565791586718945 0.853888178801752 4.70841571154522e-14
3.67189151337666e-11 5.68802949679767e-14 0.894265745500047
4.71333949879286e-15 1.09101651741965e-10 1.48681384364781e-07
2.25381227634208e-18 7.08209126890274e-10 2.06204650437099e-15
4.93658270744756e-24 3.81746594898334e-28 0.264511805954757
4.61988529626394e-30 5.29247965167792e-32 0.00826973654034969
1.39224923253953e-37 1.46971962694198e-32 6.22603820473671e-10
0.893433648263483 0.894813295349244 0.569091026410513
0.748698448080886 0.804079310027489 0.821974688683185
0.793645513132136 0.881320919749545 0.36692354150842
0.617091639331274 0.975360575995732 0.291840623098731
0.954257810018094 0.786211232221584 0.68537093334814
0.68856385974256 0.785282685450462 0.713899881490872
0.368961403023357 0.302188216677259 0.957067527563446
0.0263414261746486 0.0261432074023753 0.591019937065382
0.221986795665827 0.330283230771161 0.42894028568682
0.401880580959127 0.695907275991677 0.234892242028957
0.903008790496298 0.831961794020427 0.883625637354615
0.0257068126946438 0.547101476149898 0.000218242594883165
0.128126995680265 0.239740873253049 0.284835366539578
0.0219822237049959 0.0243627894159461 0.499914088751711
0.0468656968516202 0.523678994309513 0.00172101268208606
0.00129430397800064 0.000838537585201459 0.592536617583359
0.000236507579403147 0.000559695641544866 0.173933585421908
1.16896543878249e-12 8.30986700348813e-11 0.00286844814804623
0.638322306516222 0.831725456057747 0.156550278274408
0.50734227016048 0.276082834110148 0.000314610059027688
0.000127736826490885 0.779073838749425 3.74610937194241e-20
4.3525382080561e-21 2.88569789843393e-26 0.968185129365928
7.92532983322986e-16 6.16709011400823e-15 0.0093461943287988
1.41911655739406e-33 1.21757032456063e-20 1.73065924631597e-18
1.10807539884858e-50 5.81713510133674e-61 0.418982955878234
4.18806303377964e-65 5.37270926293128e-61 4.70853338167142e-08
6.99025546352602e-66 4.42062203869731e-55 8.30882183703876e-14
0.220575576799197 0.83249762229439 0.145846420602898
0.490505603954369 0.58261805393944 0.654485987859352
0.00312070480854019 0.00566956153135079 0.114338111401577
0.432621385633333 0.0204840383012425 0.338292170437124
0.459810420394724 0.355682561702025 0.846228484975994
0.0794081867894135 0.268525303564956 0.152025045391669
0.107786139088372 0.989419517994613 0.0330497293938106
0.905269761773955 0.799531502934065 0.952921533913587
0.353464523049598 0.118444682173286 0.932405511946566
0.434643521095021 0.290742348165718 0.889514689380741
0.00384964861162198 0.892534608141352 6.81220403162657e-05
7.88422026409557e-05 0.169388572137655 4.8991992314049e-05
0.00250315747821504 0.00223659913618508 0.153362640701191
0.000367814856663 0.211312835734205 0.000220535189344025
1.50690536072616e-12 0.00686797679435949 6.61084218933862e-13
0.000419655121936779 5.91791145688294e-07 0.62927249468959
1.55009996363371e-10 5.09618565832278e-06 4.6357547892143e-06
3.74147637251338e-08 0.000513048627849634 1.00355869050549e-05
0.987836764339511 0.55533892765442 0.613057441662402
1.57763685273503e-13 0.392852134295542 6.11069312792376e-26
6.10782679648527e-41 0.780461348019728 4.99155750943165e-71
1.02471434683362e-05 5.82013742520545e-17 0.179179869576354
7.31399083965632e-25 2.19845026505567e-10 3.74921188171698e-17
5.12578058665275e-70 9.84804514058568e-14 7.04727969388918e-68
3.4634284597963e-22 6.9643619305886e-57 0.421538191054099
2.63826293496398e-52 1.87940860072609e-52 3.30904536595308e-14
1.19803094802279e-94 7.39782855481567e-37 1.91559074012512e-62
0.19010815560784 0.255491141664376 0.279068242633022
0.598004367154442 0.562103921474806 0.847754708571935
0.126053643509396 0.174441819863682 0.283809710589414
0.00261032342293866 0.00524685978397517 0.142058556063282
0.0742071364723359 0.12939480696292 0.123244595299393
0.172021955753292 0.234848007117048 0.282542687480091
0.10285243814616 0.0655180921999261 0.384656063240482
0.616972899747913 0.866485799434956 0.0881472987639636
0.00126292465023517 0.00266745100451738 0.134412537305345
0.425010094199917 0.668769755708502 0.0555014603958677
0.754860021391782 0.968372152398983 0.10022325270415
0.921602748098012 0.343538095876201 4.91362350208798e-06
2.12403931753912e-06 1.81906234865219e-06 0.622629383241608
8.40661902148533e-06 1.15679008237138e-05 0.33231886894135
2.50630929437635e-09 4.30610942608096e-08 0.00119434180266675
9.10697274107149e-15 1.41610198302379e-15 0.886266760241574
1.16780039608571e-16 2.36446901907465e-17 0.883653231745661
1.9453086506875e-14 7.55421633538477e-14 0.075314169843368
0.182128460463471 0.225689888631292 0.419867857391743
0.0404582032890267 0.209839546434466 4.88899636538744e-05
0.473484600461454 0.363600186487055 2.45320840564336e-14
4.83142066773608e-72 1.8911262546782e-74 0.447354845131966
1.59742158938317e-68 5.40770243132391e-66 5.38844616094189e-05
1.55084231920953e-65 5.49363709186803e-58 6.55075856862201e-15
3.37509838667423e-138 3.50004374759869e-144 0.498004711970654
1.26313550481245e-162 3.54593997682997e-166 0.0513739868704018
1.51477051828631e-178 6.51537240796405e-172 1.4574576383912e-09
0.917863378693672 0.884076129034741 0.603211040936818
0.728728499266221 0.891724580733911 0.582146931908987
0.0745470254142426 0.255495838982738 0.0659749648031993
0.219189753872994 0.486255712589257 0.153782115214183
0.0118404448602545 0.0205966738205555 0.242011328197352
0.131929115708837 0.240724543727602 0.272146528804412
0.00495297295842511 0.00157049972296226 0.964531613176036
0.0066563099326967 0.0161179906507926 0.184801807535911
0.000480151648723653 0.0116866365534456 0.00228918482927157
0.958477107547043 0.722580925252823 0.537546566181603
0.195598786887047 0.774556084311656 0.000129597202720687
0.0367340646922975 0.892206011437758 1.0427721791159e-07
2.88843131476259e-05 1.24103681709274e-09 0.0051743249117137
1.90236851579678e-08 7.53775165171728e-07 0.00310485811090761
8.69494252204262e-09 0.000298389228540032 3.37341814137125e-09
6.99398072958433e-09 2.09676254119496e-13 0.179451386072421
4.73249364845524e-17 7.96107747593789e-19 0.144506354262022
1.2986515259411e-22 3.93077423298629e-19 6.78343973761916e-06
0.369229328310288 0.365159795084226 0.800995947241263
3.4896962516795e-06 0.840393044598535 1.59188115170206e-24
8.8352276462904e-15 0.247845117309583 5.14239879095789e-58
2.58718497364068e-54 1.8978312652167e-67 0.564136098862052
2.1194665234091e-74 4.06662877568706e-66 2.31895950144179e-14
1.74845887791728e-86 1.15237806322538e-54 4.48495055123866e-52
1.01559176499012e-119 1.04874165540521e-157 0.822599765829246
1.54305088275367e-122 4.07271499731325e-135 6.77872426902716e-06
1.48933640070215e-149 2.87428694134979e-127 3.65890974609658e-34
0.271308858260414 0.425389234888511 0.392196651765072
0.204195695737798 0.252935295625329 0.579942929188846
0.289851147478693 0.292633734692065 0.785438181681449
0.149303327116239 0.112401920785174 0.946010369403408
0.684296934328112 0.768146575816626 0.748164409685396
0.0123525793163526 0.0042917431007928 0.908044088969715
0.225820521274759 0.218617120852116 0.797397634676582
0.181163849632222 0.0992375425152306 0.756908388761663
0.338578261499079 0.226646875288944 0.785336227226092
0.344460551943609 0.371791838048479 0.73415944953137
0.644433739267995 0.066139372988283 0.00756955812145447
0.308273196559225 0.768316320440973 0.00333020549552334
0.0246419294183904 0.0311522171559821 0.477906871934501
1.00368898850107e-05 5.36353252165752e-06 0.443078742602344
0.000222170050163098 0.00459488397255354 0.00723502684752998
9.79117276370759e-11 2.84966513820656e-13 0.987786932414507
1.58559717797782e-12 5.34027249037204e-13 0.161645865301774
8.34894301079509e-07 1.16466458630721e-06 0.178479415780772
0.0731344143524091 0.0310338845822548 0.752308522562979
3.72137727104131e-05 0.208774150322136 6.70487779435624e-12
5.81776526941859e-08 0.690625388565317 1.88378057882265e-31
2.84826241316148e-35 7.78049296966415e-40 0.126548556530624
1.02885952064586e-43 6.37232614377499e-35 1.427432465414e-10
3.44691672203489e-56 1.90708420528514e-29 7.68487716116251e-39
3.37143674596918e-82 2.29960793767069e-102 0.913601977857739
3.33166469921928e-106 4.0432416430935e-105 1.13869810850204e-08
3.66374306845688e-129 3.34469120009909e-104 2.43689300402368e-28
0.660388235263545 0.135744094898927 0.479578073172677
0.279600574022071 0.331764199000143 0.540908924489881
0.878245993650511 0.517109594713843 0.447760547433864
0.115307505821149 0.954757580374258 0.03123641945971
0.314952016053936 0.597653990604408 0.377709291638829
0.00238780601550729 0.117945551891617 0.00699843224869194
0.206323881508307 0.0335654203898126 0.905928996330088
0.0183616864072445 0.0140887732668267 0.300684821445887
0.859911741998708 0.717844462735529 0.584988186978393
0.775918693693318 0.672849825473445 0.986586679829615
0.0804417379449088 0.997478632659827 0.0206428770358966
3.36415183720318e-07 0.458772030937406 6.19567323391598e-14
0.0379047634182885 0.472861099204276 0.0308814916826428
0.000145170339048584 0.0162108588443447 0.00271751823285199
2.68751558686643e-15 8.99663912474918e-05 3.47558670192221e-13
0.000854385174817263 1.21210744527282e-08 0.689107619500698
2.62690655188862e-08 1.99615334417163e-06 0.000827532549818169
9.01829608920418e-16 1.16910641864796e-06 2.21908164502661e-11
0.971273792915338 0.481676043398768 0.522535117612137
9.47111207102592e-24 0.889946689428191 7.23593688966355e-41
1.09295783538894e-85 0.752579382340073 2.21626857033019e-149
1.77650994181464e-16 2.23398002301477e-39 0.940871814495715
2.54589718803763e-71 4.29913295581615e-33 4.24939709481791e-43
3.05389417390809e-151 5.38002942770961e-37 1.6327937640975e-128
3.39420494328893e-36 1.33827421749757e-93 0.566766929413267
3.75974632203535e-131 1.65707834261186e-114 3.98426777712812e-42
1.03597397666734e-187 8.54422674501509e-77 4.399594440527e-122
0.931430431590285 0.832745750777839 0.537851280559247
0.0933696366842745 0.0901840409033087 0.894299056106938
0.0506431453449673 0.0835141244034856 0.15947587122887
0.559148584606712 0.593714763121744 0.745545216171915
0.0202370209027753 0.0313677157613077 0.262341747818868
0.373930145029515 0.319589311447024 0.674452681953424
0.000437947270212243 0.000609528581859597 0.397157117002053
0.048058907749913 0.0777038332426615 0.217890975000079
0.000506283701909097 0.000808331944045502 0.283781617892097
0.352054964185537 0.274876073356251 0.507869465558114
0.0359959707558728 0.0116470591156414 0.0707787961384737
0.76974506779436 0.676731475598678 0.00018419048068853
2.14975131722192e-12 2.64391475374716e-13 0.561324750218085
8.93614105733204e-11 1.26146253074165e-09 0.00356608883750033
3.9158288616114e-07 8.37082239257008e-06 0.000252202641463562
1.76515432865035e-33 9.12657642972057e-36 0.489853273747728
4.56718926375943e-32 1.46841963331267e-32 0.301476815099461
1.62105617958186e-29 1.46646559692247e-30 0.73062172798473
0.358354126992498 0.293716442875129 0.581243763544925
0.118039386422711 0.731991647269566 1.30999680756848e-09
0.000137125001280277 0.125217288811982 8.08539726279885e-35
9.90736994790596e-124 4.90862397675089e-129 0.600700562806317
2.10127425466391e-121 6.54622263989805e-120 7.2121160165371e-05
1.98454613685506e-148 9.76473198011058e-132 1.41584855620262e-27
6.51422379157806e-264 3.66170930953599e-275 0.294458529025391
3.0606738363727e-291 5.79068107050859e-296 0.00133343033352072
2.79259064801404e-299 5.33350144046357e-290 1.61790283830143e-15
0.884146928784116 0.771097944334744 0.792838311936309
0.444660876338339 0.360193154821048 0.920525045384529
0.935591769104669 0.481569720325101 0.0963465429752293
0.680144419422293 0.468555965734067 0.581717352850389
0.823298493330319 0.628526326205005 0.625762962402377
0.00107458029118731 0.00457594129761219 0.0639014289613684
0.295469895562897 0.588092068731338 0.169104982514439
5.98462977772961e-06 5.81209126937012e-05 0.0224365626504674
0.000710962015518898 0.0014662781278098 0.166416201931356
0.346227726116782 0.271282412107273 0.950990286988131
0.30232718470964 0.964382152920583 0.0163055973530875
3.60017214550945e-07 0.485554364714707 3.57535759062852e-25
3.64101055073924e-08 5.64669628461431e-09 0.410671913135208
1.49897147064156e-16 1.7207430531122e-13 3.27238221445989e-05
3.01616111867775e-18 8.44453683117948e-11 7.314059824772e-13
5.29861008913207e-21 1.79662349637019e-28 0.470746456790285
5.59367945730767e-35 3.2833234702157e-34 0.000235646498813667
8.56387186360465e-32 2.17463977131325e-26 3.4199543742423e-08
0.948014239660108 0.97376987805323 0.930184504849432
4.2992060814169e-15 0.263163437954505 5.5693563547272e-58
1.4952034793076e-26 0.844526674396289 2.62943878611413e-146
7.71015754328557e-98 1.7173000010701e-124 0.740374468501244
1.96809766418585e-158 6.94613036235993e-128 2.41902945921627e-41
1.61309416015792e-184 1.75077462183539e-107 5.03019844710403e-119
9.91558546645534e-223 3.23724046207481e-288 0.663768241748909
2.86069993936286e-264 8.29690151922055e-269 6.95143261291031e-22
5.96270202927008e-303 2.68946842029374e-248 1.6446203064494e-80
