TOT AFR EUR
0.625753284172605 0.72807993437805 0.723475574081535
0.805720494186364 0.435144630652747 0.287230459780426
0.737353880252139 0.407012762341225 0.240122137238971
0.75233456219786 0.391777240709487 0.316398846268976
0.728897030481714 0.920763103310436 0.585406326525017
0.912690033586166 0.928958919123357 0.642263260208703
0.0518383117824281 0.0281560069398179 0.991249942891269
0.0191653768230009 0.0193915374882005 0.556874049113154
0.0725746514655925 0.169233864223728 0.199248787510505
0.614053252352487 0.623679995370816 0.891472331627156
0.00577860916726437 0.0206854667951702 0.117503884433511
0.881591198167809 0.357120938335791 0.115062382918313
0.016138715503062 0.0377757612479985 0.210295055884672
0.646859851140222 0.892601168802261 0.474801308889596
0.905441524954838 0.512923964576986 0.286195510812084
0.0356746500186845 0.0144697522957548 0.793891246159121
0.0806464177052792 0.115637861380038 0.460725233963987
0.0323827781284362 0.0198137137232215 0.87657994440776
0.391281729720338 0.239201234940184 0.666186201348394
0.280404663860824 0.0315865936540364 0.0515292874187291
0.00809687840131853 0.672870541640014 7.90856056398548e-08
0.00108205100015171 9.73225834666497e-06 0.174042547686688
0.0189731706891982 0.009177904884178 0.994087617505298
2.37916266958815e-05 0.00109704944787448 0.00342320909161124
1.15827905399603e-05 3.57188187359875e-08 0.175588344785325
1.63976308881373e-09 1.50121338522101e-10 0.511378042992761
1.45607263068142e-14 2.0903435028475e-12 0.00183722818580724
0.609087701158497 0.896326212410458 0.567713751939884
0.914761144905705 0.340936349501082 0.321647721087658
0.850697373443105 0.512407196959153 0.402368806380946
0.374291179300234 0.85822346847987 0.18332624628892
0.639622748385205 0.14584904453161 0.0629282124926324
0.163650003831551 0.724525298667475 0.131248172847288
0.0454595993312996 0.044706875611863 0.413941796125299
0.358221998642511 0.038428170651737 0.626690949373366
0.180252245476075 0.308147024067607 0.346190808901361
0.616874385286307 0.00447049503566199 0.0872942692611915
0.766487101976478 0.110699071753747 0.402290317329451
0.0482978379988923 0.76556123259152 0.00284803647597257
0.0438908284471236 0.0624824680618214 0.292899217732713
0.0638714462385053 0.0852907429029218 0.319280461009319
0.000321740897152304 0.165987400417939 0.000613350092456532
0.881841191892161 0.351267826976469 0.543231846338065
1.25335806537504e-07 3.65272594752133e-08 0.0216819166481568
0.00133774942734104 0.00551488033497459 0.0488807361055416
0.438190386275267 0.828535735105021 0.403271735227066
0.000146206960731131 0.726008023059092 1.38183779857669e-06
1.02011936671973e-07 0.58931552204279 4.17897052773352e-11
0.0302194793363762 0.00281804950530145 0.734165488711626
4.13689461155244e-09 3.39374339368684e-05 1.19105461080727e-05
2.53780616591602e-17 0.00160714923943714 2.21913896309693e-18
2.92801221114991e-06 1.04671474593731e-18 0.187704519507093
5.06245822495762e-06 3.98827429651459e-05 0.00861062296668029
4.282306395294e-28 3.34547552016118e-11 3.02787220662105e-18
0.647720688708525 0.755250152614818 0.505526026746645
0.426871368942707 0.382792787121355 0.735028106668598
0.864580945993108 0.960150233354845 0.445962621018157
0.72443311853014 0.620336643809858 0.562729950100466
0.576556726769462 0.811548800987662 0.082826250478188
0.234130285927672 0.26967867870707 0.5222489360969
0.782776545032875 0.90017634917123 0.507695783989875
0.568080685787554 0.474714057132352 0.55634808530676
0.551544978905518 0.55929903971665 0.886965483944106
0.501486715627267 0.631316809049213 0.233884364304618
0.553200035660855 0.46091522117131 0.565561811410187
0.693337173680755 0.528642520526139 0.221494575416968
0.787826121216189 0.981687877114844 0.105838491806893
0.00533342692859228 0.00651142196938225 0.461231522969674
0.00107197532922717 0.000102128987080712 0.00178229638907242
8.12741584700773e-05 5.6227987217424e-05 0.982918202863945
0.00219159541861012 0.00259289204205538 0.585260883145717
0.000581304577181127 0.000625193770866145 0.489400726044222
0.146242454096443 0.197955067144269 0.408897084819957
0.997315193199563 0.588926138597793 0.0313837630704763
0.502749404385513 0.372332616414976 1.47323750233685e-11
4.003834566092e-11 2.45003856766809e-12 0.29134763697862
1.78415549440673e-09 6.37957991293237e-09 0.0882425376682107
2.09276312702466e-22 1.75477248473277e-20 8.00902698709337e-07
1.79401721273913e-28 9.582433551625e-29 0.285730932367525
7.17774764670003e-28 5.0430899484054e-27 0.00396889064998514
2.63713281592316e-32 1.01616786089642e-30 0.00682905722322179
0.612097036682725 0.312182809306833 0.398623946325344
0.999922555802022 0.396031475263281 0.0668291451473498
0.601611940598699 0.80705777617097 0.463593521405286
0.645526999056072 0.794884751978077 0.588331097110875
0.308987698242725 0.416638789944236 0.468083778652291
0.0864543501123323 0.105748363539994 0.505005990189084
0.737629111294795 0.700891154312121 0.995988204350905
0.908517579504244 0.787785123217449 0.340929399155513
0.994120119055028 0.979645649448555 0.948135424126177
0.676086474063448 0.560173222985297 0.824979786918211
0.227997179407855 0.86645048486659 0.00152767087661961
0.187339832432287 0.349440275008723 0.266499293255551
0.00909369123900423 0.00272943049056991 0.915463748771962
0.0054222841358703 0.00325488045589334 0.652893275849922
0.181096838534084 0.155542023419038 0.852063523904764
2.38752651623911e-07 9.90179924621007e-07 0.025610004978183
4.85899115225889e-05 5.31249831432665e-05 0.238890165208413
2.84657655031666e-06 2.5304795942272e-05 0.0271273123194386
0.734159256253873 0.538633066506559 0.540452221163444
0.102758887729483 0.871074463574198 2.6883194789478e-06
0.00368033061587899 0.255409755467461 1.31194711450306e-18
2.11695546603062e-14 1.37342376823267e-16 0.256182034460497
7.63343100834242e-18 2.6785843788925e-15 7.78059231736025e-05
4.86324328491201e-14 3.31130226720988e-08 6.74984080972639e-10
2.00968352877178e-25 1.55758479144879e-31 0.747603664087841
2.37060328562474e-33 1.08356204137454e-30 3.04492245289171e-06
2.18597415943294e-31 5.67014687248614e-26 4.14479129874318e-09
0.0907262747247263 0.290831694745496 0.105123075670675
0.228898401977355 0.813843786504985 0.0259966835216628
0.612095044904186 0.764163313334905 0.584634087839034
0.271263373984927 0.343271428449575 0.561057947366594
0.232207979884369 0.122279620276938 0.678614981071038
0.138069569465646 0.0902138503712888 0.957656407892972
0.45154313965184 0.423581412807484 0.92884091867422
0.75733465486978 0.329745180026869 0.0059048169983972
0.20424787326164 0.149984934913758 0.981804543397469
0.631693206809593 0.751438668712137 0.649715714342016
0.338461381363579 0.952534396304718 0.043865989208679
0.197411062074382 0.297114442890035 1.37945248689783e-06
0.0743935465835021 0.04023193605543 0.926259816212279
1.81264537426678e-06 3.39468401105408e-05 0.0178371146787768
0.00298055625655397 0.0145414338132646 0.0625868552129355
1.26555804721484e-05 2.47727592996918e-07 0.622947232250385
0.0013563844465286 0.00308239139609225 0.212130674225438
1.98741510436386e-06 9.85939284355298e-07 0.361610829461579
0.516292792657262 0.83172974707336 0.292149647767718
0.112712762703681 0.399314257992483 1.89722180714699e-07
0.0811020144963498 0.0752769349245885 9.02506354158627e-14
2.95105857819756e-14 1.99790495548277e-16 0.517115968848364
1.87981227385959e-19 2.43319839293337e-14 1.41774488062946e-06
6.20885405580378e-23 7.18786091108407e-12 1.12491384015532e-17
5.80447703634495e-40 1.70489011462949e-48 0.745715649169949
9.82519360774972e-56 1.88079703329484e-61 0.0159511557671148
5.08011134184666e-59 2.1468908585842e-53 5.45693392216138e-09
0.487592894957603 0.810602711098422 0.264907748208436
0.763253378449943 0.0424562026549423 0.177753298314721
0.901939377777881 0.741878406097155 0.657698959563905
0.83566727999658 0.531200064735722 0.412529437799388
0.339955561940317 0.15279475361691 0.970014883942488
0.0493873679023647 0.235463314265457 0.105144666336168
0.449344040244828 0.620451136654305 0.154401315801512
0.739186551668978 0.689671255929932 0.915721582244295
0.331896449725143 0.29359134055178 0.700726439453796
0.860488162491155 0.541920449896738 0.457717636134938
0.370770836785677 0.561172222221285 0.0921450034904096
0.0079179260592001 0.475029998912812 2.9356025957394e-05
0.193244511042109 0.000174663696912849 0.130566012940704
0.000281105092907134 0.000911852906788641 0.0508271078938357
1.39988366586086e-06 0.0157811792202262 1.61216458421747e-05
0.000979380273238138 1.0146906344492e-12 0.109806433333954
1.52115307836601e-07 5.17860153797974e-05 0.000423279031354657
2.95510458395525e-08 1.86069659259542e-05 0.000150455949825402
0.742602900332277 0.478197797156212 0.300581776876016
9.43182130728646e-15 0.265849651738281 1.92499184741093e-29
1.10074585255698e-30 0.315369859576069 8.17205864084788e-60
4.58511749297608e-10 3.19363203758442e-19 0.608430979636474
1.49709985684653e-35 8.42288846369557e-16 1.16699948275043e-22
3.74902675663037e-63 2.79370472592986e-16 1.37328005043264e-55
4.61472743204722e-15 1.35572944798938e-49 0.0296795540647244
1.28469911635876e-59 2.52808952979904e-50 2.6291562553624e-20
1.65033142547711e-112 2.00605916517862e-49 3.44011881872073e-67
0.961366872688179 0.954264532216457 0.973213879213276
0.568642409302283 0.657593921505854 0.435876685812197
0.309143004507492 0.395576233354967 0.326226987878681
0.0212418540730461 0.0303775498423318 0.34205345859029
0.0253480029339789 0.0291822154748157 0.573391438057704
0.36034803705207 0.366412298766497 0.857325289645855
0.0099299892215571 0.0122888744670147 0.496253475344706
0.306242636605847 0.278668675360997 0.848697169638627
0.271559255600931 0.33736961160309 0.403447967986119
0.859206544843305 0.842059956477478 0.92856383255393
0.498742691097828 0.859436409270999 0.00811990934753687
0.890925273571937 0.849832684666378 0.807438331702052
2.75679325145517e-05 2.84486037701118e-05 0.572235314302842
3.11646980078415e-05 0.000115330727758979 0.0592709538250371
1.2514809413936e-07 2.3599001194599e-06 0.00193482835446256
8.84209142721658e-18 2.56772448233343e-19 0.433374664974193
1.21654061638606e-19 3.20632392040709e-20 0.655479700940621
2.26907123344342e-15 1.0119938153409e-14 0.0400030823237943
0.400608848146702 0.387579325831721 0.979653871021151
0.864289164778501 0.511097379764812 1.66801223103256e-05
0.142413183527809 0.855749209947212 4.28247777526807e-22
2.41517958920499e-62 4.28675246962419e-64 0.390372423434124
9.07309252611567e-76 7.33041718707938e-72 1.56853336459782e-07
1.05340047812034e-63 5.40993996608638e-55 2.03528834475858e-16
2.27407038362641e-129 8.30932304233233e-135 0.433627204172268
1.04674737734133e-148 2.7495304804495e-145 1.84832943597281e-06
1.54523672474613e-133 5.14591931950828e-128 2.68000708070281e-09
0.250487584911906 0.41706493656361 0.315141381343396
0.128446311576136 0.133433437632342 0.636037568267001
0.814700934986206 0.333020027296708 0.135374494229422
0.694878130785683 0.690081701789927 0.926874011760931
0.81083178081972 0.780021840165448 0.985840271821573
0.00083948762738641 0.00184487327842076 0.188544927353483
0.290688476474109 0.172682517550589 0.731979395793978
0.876264092801709 0.640434650706848 0.176385412304807
0.0870145566574324 0.0776995009287866 0.707934997260361
0.0764236028977527 0.0736358363080018 0.652874912717786
0.00426834266215571 0.189694192223417 5.24932696409948e-05
0.570407922142669 0.00430314104446076 2.53335896335125e-06
0.000113007799182776 4.89416448672438e-06 0.672863019683845
8.06411702682431e-08 4.45025540700395e-07 0.0353474228314823
5.90978654945259e-07 0.000232031872833844 2.30110655116557e-05
1.10399986824775e-13 2.09825323062378e-19 0.2849519411948
4.54298682541431e-20 4.4955425427017e-20 0.0143555856831899
1.11276401620228e-16 3.89432308500399e-14 0.000165267681012807
0.407293560714147 0.295675759804513 0.815979916463623
1.27597530588482e-05 0.809909751574643 5.30399089421528e-23
1.35265924473568e-15 0.729144747310746 5.35563760519442e-78
1.80160461858532e-50 1.45895322135836e-71 0.10270677926509
2.17192555415907e-67 8.67527971509387e-54 2.53721377758765e-19
9.74257001319113e-82 1.74469435020795e-57 6.76345289308052e-35
3.36113230393765e-101 4.14415641000732e-137 0.28846001119301
5.36007674418719e-154 4.24076470951408e-159 3.53600815379748e-12
1.26269823267836e-166 3.61402983568525e-134 5.20667952375289e-45
0.57098441887209 0.925522434454125 0.271910518512121
0.549095311268633 0.644862644265453 0.660876330921089
0.0508088495077634 0.696587483002597 0.00024362035718957
0.00765075142417279 0.046337563734899 0.0510715212056146
0.0844696586161032 0.23539527399007 0.141018405987205
0.509296048371792 0.768466432672558 0.374633999878231
0.726333708428291 0.906019795649713 0.58683864144435
0.857003839117369 0.970417603338632 0.739316685998804
0.610060832203889 0.505763661117121 0.843915130306545
0.849641534520928 0.757362607016357 0.85261082754368
0.897812261012048 0.996494333840622 0.759050221636657
0.760865004301351 0.038413885926886 0.000320227545042793
0.0079167907478674 0.0184761525591964 0.20691571103643
0.00725641764627474 0.0142146505122761 0.269836556504039
0.000188141674168298 0.000886246380196507 0.0735861213169802
3.8286138627767e-10 1.7013989101351e-10 0.184302850006316
1.30760023740069e-07 6.14621202902098e-08 0.323304643563664
1.14978309291268e-13 5.7132052348554e-12 0.00353116235556052
0.107617445176754 0.216544140838698 0.254012592079287
0.00771239965446824 0.849618416688474 2.24523478958553e-08
0.000216240342070746 0.044432610183561 1.89213979545095e-36
1.02290285125412e-43 1.14653351880024e-52 0.643068056581032
1.59830324523136e-45 8.83015042725414e-34 1.83978101651234e-14
2.97730764461234e-55 1.15821117137983e-32 1.79673665348061e-29
2.11464432022059e-83 1.0716144924901e-107 0.505997603935765
1.85356382522112e-93 6.81508860036647e-96 6.32099841468508e-06
2.6777472562799e-120 3.56573737954733e-97 1.09586196504886e-24
0.305869283400887 0.163546680989338 0.859863611431585
0.914105475789936 0.191556634734182 0.319883343477254
0.262777278716047 0.88816661628608 0.106328382775842
0.706842364540542 0.0959638080202131 0.370139164102457
0.00772593830903612 0.127934278809504 0.0226923466915463
0.205786680510264 0.591942042574809 0.0336813880334211
0.175334193211508 0.148143736130948 0.55682984268036
0.0471339180364594 0.245657453424737 0.10112681181616
0.0102281037536331 0.0702773835006729 0.0635732556985696
0.624529878893871 0.571357381617343 0.857146973670362
0.00632662309504408 0.544696117924033 0.00179212642758633
0.000174008747036081 0.273015151953817 3.2752229267984e-09
0.0119013448339816 0.0288101193667941 0.134945869849276
7.55470737518155e-06 0.000304261345667064 0.00481737094270568
2.88682403949357e-12 0.0598611320511615 1.81953148596348e-14
2.83341326368519e-06 5.16103093472326e-11 0.5775587324869
1.26554665693786e-07 1.2885942928219e-08 0.0257442538397224
1.99743655866097e-18 2.66600538832734e-08 3.50528107260408e-12
0.117795721198217 0.976599529771655 0.0396046134703856
2.44655873214226e-27 0.721566998927628 7.58623277276126e-45
3.46535095974256e-85 0.0757536361936848 2.8231015304799e-133
1.7947243433175e-11 4.97666064905178e-33 0.175777961116456
1.70568024036408e-72 4.76152162780409e-35 1.68735648263157e-41
1.16682853401942e-115 9.61837968529714e-21 1.78384626961025e-114
1.70664335424779e-43 8.59943189675117e-98 0.512533366187097
1.24105788520903e-117 1.63496876508182e-100 2.05794072049816e-36
2.86741233879335e-181 3.46461017139845e-82 5.55505817742388e-108
0.0994906872293944 0.0790783174656643 0.735165163005842
0.424455351493327 0.293791335270118 0.246884289044749
0.435106650860871 0.433287619116746 0.939061767352318
0.480514264581068 0.614723333018809 0.219555190096002
0.467974469955861 0.595092256649833 0.287326551331125
0.0218886722922515 0.0449672796047275 0.103448060730559
0.215198901571398 0.250853574987057 0.509741688323529
0.0175169440985347 0.0220854689070196 0.473412892426533
0.103060538301226 0.0392548400325794 0.035480603975964
0.498444354332457 0.466838680821933 0.870775781899813
0.951500656198654 0.940122620119392 0.551865844922027
0.589740312108495 0.995079496177025 0.00806389981828168
3.3916777302793e-12 2.59206453212197e-12 0.521007793631363
1.55050357982823e-11 1.49582605419205e-11 0.416037509020745
8.49881285935023e-13 3.33224258015366e-11 0.000479105953865023
1.123117096496e-38 6.00239167738767e-39 0.137758872248026
2.95488504180829e-30 3.78561207437143e-32 0.666849790887478
1.29350211222319e-39 1.10404963653726e-37 0.000524577504956927
0.0128832582757868 0.0158873232748024 0.512271407784864
0.0924480368450646 0.86734580889103 1.98887481338103e-12
0.00206826935098455 0.905285935422645 3.92043285250736e-47
1.02119377446978e-115 1.25610095041884e-122 0.703400582184469
9.13793220123514e-130 5.24137761507344e-127 1.00080140528396e-05
2.6958559057782e-139 6.4524619289267e-120 2.94849903296509e-36
3.85010034971056e-283 2.30528149649455e-296 0.405529403711636
1.39042503141194e-281 1.40697497413531e-291 0.100279814842788
1.4555878367564e-305 5.55142367254289e-293 1.49946389016567e-19
0.699882796299018 0.77504005071048 0.755570670745301
0.856365568242484 0.537671659507087 0.387590312175268
0.77426230737767 0.971897414377592 0.4599658472269
0.839083421831189 0.693261834753386 0.195770997807502
0.727474067909515 0.371148155699566 0.308591341326148
0.00142618580692866 0.00374978130556928 0.131563584641747
0.00722863221494476 0.0197944276306984 0.12639795212457
0.228195744027552 0.052623789686866 0.23273776323883
1.16784333923592e-05 6.85338522838235e-05 0.0359041284372156
0.644944797879821 0.554075884984414 0.876955893783087
0.326939778894525 0.055001736749803 0.0858163019662308
1.05476598706274e-05 0.0305011054457233 2.52951090272128e-09
4.67513322216772e-06 4.714574916371e-08 0.561012823514361
2.00443366138155e-13 3.96322384155896e-12 0.00357403544325849
1.60387239652021e-12 9.0487379142739e-07 1.63069801441598e-10
6.86643524734154e-27 5.30498441655844e-36 0.3564675404973
2.21243044003885e-24 2.01740752276427e-27 0.152800257233409
2.13748666106054e-42 2.93990994112914e-37 4.22884589145367e-09
0.212529012363335 0.149255542180236 0.945384425983245
8.42759405142802e-08 0.959230099120726 6.86526695876055e-37
2.01495889747134e-19 0.603638917421744 1.65278778293759e-119
4.3401095322696e-91 1.3100311994716e-119 0.861374747412558
6.43150758635294e-134 2.66548006033858e-111 2.29958061866136e-32
6.93372006372911e-191 1.25279244892379e-113 7.61999313524239e-118
4.6125450330446e-237 2.5133975323832e-301 0.551680914584058
4.16098425176115e-281 7.70494397324254e-288 2.76968584365012e-24
2.33582654171841e-297 4.26809504382235e-255 7.06889268438562e-62
