TOT AFR EUR
0.222512867473571 0.272790264745417 0.58503099878328
0.0613610045432968 0.136724528747899 0.226759829503683
0.617404879176478 0.515967001555209 0.015528094179884
0.0738345312981862 0.0697090607656419 0.745768153436622
0.161587504534425 0.510484525953556 0.0794788141364755
0.810173924649146 0.780753043872029 0.285228479568473
0.71004333362628 0.64014416874619 0.911356290922397
0.232181570275418 0.293117877079674 0.528436812988808
0.563538483764366 0.795218771750513 0.100384255694009
0.820422651808185 0.729209210360105 0.242757107568275
0.437006538675311 0.588917093736605 0.529239835654917
0.192030287980809 0.830866439362972 0.0180991480109092
0.0505365271556545 0.0629361639745014 0.463961099394521
0.277064934459687 0.455152992500718 0.343732799925578
0.109686166028388 0.19350684833122 0.341497687885205
0.00282601001333357 0.00432844722611311 0.297535837155996
0.0225767672363664 0.0153873868722243 0.799987262167203
0.00693563139785147 0.0187972492732752 0.169214304619118
0.0161232201235406 0.0155908315567925 0.560230788821446
0.724763096137121 0.448418113511286 0.0179160386586338
0.0802952091247382 0.972787658804412 0.000237124484160067
0.000276454199531474 0.00161411295933119 0.0919869098347055
0.00490941621057272 0.00195088165539703 0.953664817476168
9.21311032027011e-06 0.00163893691800832 7.65530098855418e-05
2.09307324710164e-14 5.60340198156258e-16 0.352776672667406
5.23940025985728e-09 1.28042792393466e-06 0.000855168895503395
1.8917454821354e-14 3.33710291053591e-17 0.730879007568027
0.499968037399817 0.554547835468331 0.168156460704085
0.0590263237098119 0.106699555732964 0.273619698370557
0.358286092266789 0.608124186614707 0.438947694417835
0.775816124029866 0.725333291838175 0.942939730522269
0.468758557538696 0.729264955377437 0.496877996455436
0.0286633902204107 0.649902426300646 0.0101007182512495
0.0168256127537368 0.025681481814626 0.186188039576613
0.953016908549196 0.904806520185027 0.984002669396445
0.655389734697627 0.730744910691754 0.394671277484544
0.528463645923038 0.414918552593282 0.876193766036272
0.916184909157361 0.402143938334998 0.528428760427993
0.282790900000779 0.534729979664811 0.0437660179876422
0.0565850400837163 0.0481549636597444 0.384562102761272
0.0447596037445499 0.555702457570053 0.0282012317061316
0.00620809128884121 0.00408352876995255 0.28155999833235
0.0306318899789213 0.0201869382462832 0.383879735441704
0.000934135250694975 0.00866315233785886 0.0346655921278096
0.000260104936845639 0.0184071726273273 0.00439854593077145
0.362186961063591 0.108333047444252 0.896472996230169
0.000211175881878314 0.152446264826493 0.000244500246139239
5.26996351305355e-09 0.78254635536868 1.89897910269221e-15
0.180872517772035 0.00930951217050361 0.640771680542908
2.48214673775168e-08 0.000553877052653849 9.42300628077114e-06
6.41453774243611e-21 6.55745730412685e-05 1.79838816888284e-20
0.104030718903014 4.01091994711255e-07 0.0302299840794442
1.49102920744552e-12 1.62892199156588e-10 0.000140445761865095
1.52297462686489e-24 1.82308282337818e-09 4.10991468517584e-17
0.816725053381371 0.671839046741637 0.223540952123735
0.0104653862134852 0.0168491508259956 0.110789698397093
0.355729203705619 0.27959722206951 0.41195412882879
0.708444216977578 0.717248744952407 0.903519536573788
0.0317677249294666 0.0284941975943868 0.995523143649846
0.438814281241971 0.431936260524379 0.965303528922666
0.259214153033095 0.310860029485765 0.473781099258325
0.330328955251975 0.153456692521504 0.0645396500938368
0.736355091771684 0.704278548408824 0.890009660549819
0.288518856970831 0.290645727244756 0.879076094704345
0.730266631805294 0.58795604950591 0.313824761695018
0.224906964877305 0.12211901725161 0.0940258761944312
0.00822886429513342 0.011722504826076 0.144507999627616
0.0919538784950446 0.0797996726466227 0.878274112228498
0.0298339344758582 0.0190353409210306 0.539003400090575
2.99442761414122e-08 1.38983070997347e-08 0.942677574443162
1.40250192276817e-05 2.19865661058773e-05 0.274911779211632
0.00187014830141959 0.000889307391651998 0.590909703119738
0.884098816558595 0.890074070442535 0.958816993246523
0.127630697707598 0.408949135424288 0.00132788613435884
0.891918568738969 0.404945554728 0.000358429708400304
4.80874348900184e-15 1.73241446643648e-15 0.785853990553586
3.42583130165384e-19 9.57625146238097e-19 0.0538608884224142
1.12057043350464e-12 7.85774571656466e-11 2.69339346611782e-08
6.43750339199325e-21 8.00107553905869e-23 0.39732756492224
2.03695645691174e-37 8.19350400871659e-38 0.191181944673606
3.43183134051979e-37 2.54719881023216e-36 0.00496844686761655
0.923125636636035 0.775097850139068 0.417990973314193
0.93468485811458 0.986669989932094 0.834936168585998
0.0773473013751482 0.230857797263782 0.0763851349675403
0.104754442308196 0.0520712306539651 0.802969356123478
0.485157855813417 0.464860095565141 0.897567808392043
0.10985136839192 0.078956379045699 0.937117697057705
0.435277048571731 0.711057422892599 0.269455249770711
0.296987340095047 0.233843171821022 0.964991619640633
0.276333827615863 0.212866720374342 0.978283937739019
0.0681910155378028 0.0258847473430718 0.710874977262686
0.474872048969254 0.2701177722954 0.509487763090005
0.36794895301932 0.671227141136531 0.194052810023988
0.100769876275917 0.113149366104315 0.597137972909614
0.139779854737871 0.154662680138668 0.592836734245138
0.00446252941076257 0.0413312409659832 0.0161446651946779
0.000103741075521424 3.35308748035198e-05 0.684747849545381
9.06872472764106e-05 0.00010914181101009 0.198470348033849
0.000351675731278334 0.00340319205870443 0.0224287604563379
0.609078785863749 0.692602557196982 0.707473683126039
0.0509226687344527 0.601740404881615 5.0420406465429e-05
9.03127370689025e-08 0.0968825734816767 4.727255337472e-19
8.621148563133e-08 2.5934381537381e-11 0.24206852521679
1.8429613757483e-16 1.99028333855551e-12 1.23195761846849e-07
7.76675211749943e-25 3.09305631615768e-14 1.03622755985935e-18
1.800749175289e-25 9.15841356333766e-33 0.932859161677143
1.93619637324039e-37 1.02656683023177e-33 1.61927379951443e-07
8.74540967680608e-34 1.42983607459035e-26 1.5891704742722e-12
0.0894230563161708 0.11192504474021 0.518605521792466
0.986720900844411 0.765652302455894 0.532723405528
0.124558323648927 0.0302935315192273 0.38312181568249
0.890688314021255 0.462243741095198 0.271554819092356
0.156082264170062 0.368808972679183 0.152980485126613
0.740740483496821 0.544088165158635 0.0483199251388337
0.797159193780038 0.694482927409869 0.181405735617675
0.471548977682179 0.997528603287038 0.104941319604316
0.50741784044601 0.625745108385543 0.599535011814462
0.128977424199832 0.0391762542920632 0.474675763031497
0.409339621676265 0.321068424092341 0.896243271128583
0.0359724838281627 0.35144043957814 0.00349079634375209
0.875300930227961 0.71122942725401 0.253743489499069
0.0649308746762944 0.0134332802538909 0.44230187629108
0.000282818315199154 0.000549642891696782 0.206422921906937
3.52630801098231e-08 2.84357376793812e-07 0.028192354548885
0.000190021177374917 0.000387476155665089 0.188648097906157
0.027742757226548 0.31675272550982 0.00361856074854578
0.429983084787878 0.870955765743891 0.14632403823417
0.854423305964431 0.218886336655806 0.00242456752622207
0.000752961660215048 0.292062855139685 4.17578559276918e-23
9.88194139987645e-16 1.9478058717828e-19 0.937004902683027
3.13389719019536e-23 1.2629745444871e-17 1.06819265076262e-07
2.14098428878432e-26 2.82432228786582e-16 5.00889800252556e-16
2.08899017269294e-54 2.17239995987016e-63 0.187023466085734
1.36225230198886e-43 2.80092076691151e-38 1.30807221536568e-07
2.05439155761713e-62 5.36917364968528e-50 3.79377715572577e-15
0.523302539247926 0.257091220747007 0.900401673995297
0.210352476914765 0.120259347605759 0.74491974285128
0.103239766605615 0.423056096489713 0.00414038401652887
0.892963683914608 0.0388363930687881 0.0550741376117415
0.552076479471342 0.976968295957064 0.412944747861308
0.732342766366328 0.0336142111152503 0.186630834869189
0.102542438981235 0.0736125388399631 0.508012918784815
0.048546789454978 0.525284061747684 0.0358645188273731
0.00810472117479809 0.0569576315906124 0.0591115079009345
0.712641448816698 0.954013386869219 0.589971509171116
0.361888910039288 0.221072900680395 0.0261148985257801
0.00706238216657503 0.76039696223887 0.000153459343486183
0.00324284855978885 0.00458652184494798 0.141917577531269
0.014543330745304 0.252250220574152 0.0234079178947101
0.00199681486149482 0.622635129369645 5.75417247896707e-06
0.00854278014962628 7.08218737135354e-06 0.685072503153167
0.000410722850238662 0.00354835554257506 0.0267979876905076
1.2951608888487e-12 4.39402587835368e-06 3.39801763696896e-08
0.416107327961873 0.67857570337384 0.471129426448533
3.79148158620873e-11 0.917011788380673 7.94767654018899e-19
1.60446051574927e-48 0.351006634030157 6.19901195735136e-82
4.51107190466692e-07 3.52696569285522e-16 0.712191227546884
2.26570316398069e-33 1.4884751965378e-12 1.84406883968619e-23
2.37136165142069e-80 2.83154386134718e-19 2.87423616179428e-72
3.76860991056646e-19 1.82046382762399e-52 0.254533152865613
1.206758529777e-59 5.6844634913114e-50 2.64583468853716e-21
2.02370687005368e-100 3.81191993745704e-42 4.51266401076777e-67
0.808987906082249 0.995151905261926 0.161237028032241
0.214789103088333 0.182506566990283 0.768841170762679
0.932539787827722 0.821522095039898 0.533847777794847
0.00476953536490366 0.0056753946896748 0.546551679963671
0.00156359561003401 0.0015520835806068 0.722022519738496
0.979581489434343 0.929066188432399 0.565618212171697
0.453563622788615 0.451178097485973 0.93812183932898
0.0151974139609978 0.0225718057095203 0.322712149770285
0.0348532624482011 0.0402355890905049 0.595371421978448
0.785980432146281 0.587171075011174 0.212026681824663
0.425360958512578 0.743695836787262 0.0163678258925551
0.240788829896215 0.0800967422489481 0.0105757606640809
0.00529089719636032 0.00220496345522105 0.286289672787397
2.87787280347418e-11 1.20060652344176e-10 0.0465266804753078
1.03543681345236e-07 1.21996777785998e-06 0.00278419811244193
8.78873647637937e-22 1.16131237507044e-22 0.834826846194554
5.89375067650319e-26 5.0352775092732e-26 0.199280067061291
4.02150597695619e-24 7.86789005258534e-23 0.0141486910907294
0.452418550377478 0.503416674471054 0.584420171633448
0.0798714133779064 0.385312357759679 1.25995283426118e-06
0.0105104091183977 0.443972166030438 6.90426507929209e-18
2.67930370347561e-64 4.83465221283197e-69 0.316475085293145
2.80639756270088e-68 1.98884835901863e-65 8.56700140899257e-05
1.63508555726585e-67 2.39438536217617e-61 3.8111625390736e-10
2.56667090303532e-138 6.77641493812117e-150 0.150273455745755
2.64194381952501e-139 3.87658960928155e-139 0.00170303795342793
2.58465444615724e-166 4.75984022612457e-161 3.29227186697171e-09
0.25935259897123 0.133840140939319 0.65219279443888
0.537106443438228 0.433920107081953 0.87891883528818
0.293508109713133 0.0629228628429404 0.157179423831597
0.599812041319161 0.272363156379906 0.297711046201511
0.688841697610703 0.25456495694838 0.169622256099394
0.0233701944416961 0.0309751427222729 0.385200471007018
0.01042245741021 0.00786808681369546 0.621677193601936
0.00858447593851988 0.00219477703153649 0.87396533915663
0.0755523602711586 0.0974016783631461 0.448730907595425
0.253097581914312 0.253391243408993 0.743151979614683
0.604084417568786 0.329347014953625 0.00128925846126982
0.0139792934815796 0.535028168871138 1.68700310643595e-06
0.00460779053030668 0.0005375022896748 0.595480791678372
7.03380192683968e-06 4.07330473353046e-06 0.276073819867737
5.37046499519215e-10 2.16027159573623e-08 0.00238525151580765
1.28214359171467e-12 1.95558658787006e-15 0.744940909327851
2.19966965595283e-21 2.43126550942635e-21 0.00900827955396962
4.54269425354759e-22 2.15969315880939e-18 2.35574751962624e-06
0.589401349204457 0.653683204631409 0.729563228915929
1.22065843731211e-07 0.288866481770309 1.43889210744646e-25
6.27531812896334e-11 0.483420448087648 1.48614598191403e-65
2.38407135930001e-40 3.91592944269491e-53 0.64849231447099
1.39685937274986e-81 1.51112612718108e-67 3.74984317214373e-21
2.64280727074275e-94 9.3366536548106e-58 6.80637882072054e-58
2.26345414322777e-106 2.29535698052529e-141 0.684576870758373
5.56096199612502e-148 4.74724164750239e-158 2.37305769087009e-08
8.69153651497569e-172 5.62432372024233e-141 4.5727986090607e-47
0.55302966922292 0.893204577957942 0.283835116701837
0.2420669568231 0.363289924467957 0.412002282915885
0.15511178323772 0.340490212048408 0.187002858746516
0.906287020440828 0.766416876080961 0.392222691881092
0.898605402768059 0.4473409688317 0.213334542552267
0.743737866869537 0.700107879668407 0.971431400314229
0.0746817467880752 0.0661972854064081 0.749923584520289
0.790073709043029 0.467542294945008 0.37226801291229
0.0313702955960865 0.0909441655477907 0.139425085846478
0.470481186357286 0.356410271288494 0.82088689370802
0.043051525134894 0.200616022387438 0.0507537710804897
0.19956307949826 0.770942940420758 0.000371837991183912
0.130079679858916 0.0316332957150261 0.365126545860495
2.96757491510587e-06 0.00026360924882986 0.00139436017769484
0.000235226108419978 0.00775901315275566 0.00280246426827547
3.32600527068396e-06 2.42163878283339e-07 0.938509192453743
4.5000024622912e-08 5.98778718979507e-08 0.136653092268889
9.1309804777737e-14 5.2377981647212e-08 6.94749240393224e-09
0.625315780642964 0.610892218134861 0.936521685779759
0.318690653887396 0.0684650266417217 8.77677020245584e-10
1.03941957596648e-08 0.784690218382053 3.10081667912824e-35
2.30967848199722e-31 2.76013760156859e-35 0.140309876275078
1.1901011783804e-44 1.13127951553708e-36 3.73440019851015e-10
1.10010269385501e-49 8.27323195001956e-29 5.55495110207364e-29
2.18590199052075e-75 3.27005639244875e-106 0.0129532459084706
5.91498972698973e-115 1.15896004248796e-109 8.59968444446586e-12
5.78886403079344e-139 1.80204749131695e-115 5.27149005301583e-27
0.851168936218572 0.461061754211534 0.371624374415973
0.821284932069966 0.799934441579871 0.933474961052633
0.99430523693868 0.381788421425877 0.46696451501713
0.634160865244039 0.573906239815276 0.264500812544953
0.48994652832541 0.75988841650261 0.511857213857597
0.00408735509461179 0.0369302663408718 0.0462113248414453
0.00577572611109959 0.00278027203097121 0.265004410011498
0.0618142678612318 0.0882559575076056 0.303109115618097
0.26560701873404 0.157214971123759 0.797059278213111
0.333249901189189 0.718778063694525 0.327142514079743
0.13979556520096 0.04628070341577 0.000281749199915683
1.19588706532695e-10 0.154359159379266 1.50223430451523e-13
0.0462350419239296 0.0112763547860446 0.592601213949669
2.98119328087068e-08 0.000155668914342525 3.01049494072241e-05
6.78651870543416e-13 0.00015678839684213 3.67715174476159e-10
0.0299232574296499 4.91280007075397e-06 0.318523383675925
1.20589170882787e-08 1.54703379631204e-07 0.00155123765816717
3.1474910989634e-19 4.58085521896116e-07 1.67907013515929e-14
0.124678396216542 0.345452657809715 0.211713935754989
4.75720423699505e-28 0.728350650302678 3.83229358722355e-46
1.40758504690741e-84 0.800255204809015 3.77130812503966e-151
5.5911010887518e-15 9.51051480152101e-37 0.639278936981181
5.57082884156735e-73 2.25879650301122e-26 5.3401953914335e-52
1.58854084043933e-124 4.40164217369882e-19 3.50118395807422e-127
3.55940650105719e-48 1.23730493408163e-121 0.446756277769405
1.05002755884692e-112 3.89950722661232e-106 4.97827984591109e-32
3.1231640244105e-219 6.72966637330847e-101 1.65293255014361e-129
0.154560993829525 0.133967031181477 0.845855688489015
0.504898001738059 0.483095598861944 0.929899571283009
0.654562084257571 0.383277708775182 0.0611047464949262
0.0257566383602094 0.0191583710061958 0.831793651200485
0.262585772060974 0.27614254248861 0.756003973462706
0.00106411692652717 0.0133823581051014 3.87604131217542e-05
0.0100789958301024 0.00991542831151753 0.770898179977766
0.000162183015380787 5.39349691859421e-05 0.427420648268667
0.000329663315879898 0.000675218197542914 0.202382786887229
0.739210081210489 0.781283939638839 0.741247695380554
0.381505566287436 0.805271449788242 0.0017279739614816
0.28790510373696 0.337417877208047 0.526882584401365
6.69338292716132e-10 4.8096052444468e-10 0.619093186565965
8.69063087896425e-13 8.76259248690896e-13 0.402824054075604
6.18090760627735e-11 2.05162147923295e-10 0.0659309876514199
8.3790663106532e-33 2.19163679952693e-35 0.382789067068292
8.78127950767166e-22 3.72235385074688e-23 0.683353835327815
1.80061420347475e-37 9.83692283475819e-35 4.36282312253995e-05
0.445345046735498 0.257281449343856 0.0913749946140487
0.0440026563502804 0.651872941639739 1.61973242433364e-16
0.00176282451971936 0.377280971376919 5.98879284780384e-30
4.42656956771367e-140 3.11079183296433e-148 0.574192275027545
5.4090680857611e-137 3.66494941147682e-133 4.02170312088141e-07
4.83125249911852e-147 2.57275503650255e-132 6.48647642965494e-32
6.14157411564018e-264 4.59994128658262e-274 0.161394981861761
1.28455098194816e-288 4.58357382844787e-293 0.00154606519096934
1.62356161128516e-269 1.65128638918116e-263 6.99788982408894e-11
0.944989862281016 0.7361502872847 0.374826948893175
0.469845848071991 0.136166676804725 0.171473578841325
0.102758201061013 0.284154704945696 0.0930110472570038
0.0228301114114174 0.00752732577761952 0.853173521156925
0.00201779109468637 0.0146911966923145 0.0268797672209912
0.284664481556458 0.671257239121777 0.000580233047817365
0.0689123712037941 0.00589740793976588 0.164333948673125
0.0645678732984182 0.0312865234521471 0.896449896740232
0.0126886828544099 0.0397432636669532 0.113462049263867
0.530074330343218 0.200289235646123 0.227546755844282
0.233054023022561 0.671953115927443 0.000218665699055934
0.0232000334808495 0.155975123130886 9.96501514300302e-17
1.29273926877731e-06 1.8997117458238e-08 0.736665705374517
2.69439433886593e-09 1.03388713181612e-07 0.00214431229981787
1.49260303978113e-18 1.32032703886297e-11 4.48610605473766e-11
1.09558735720302e-20 1.15072239600908e-25 0.774908376678443
4.99161117281759e-36 5.52037827594263e-37 0.00167683877590385
3.0900514820591e-31 2.17137426081027e-25 2.23420362020071e-09
0.948920325370963 0.785688481367482 0.669756913599203
0.000198230384045408 0.00903436591159633 2.35997040237497e-47
2.859222740719e-21 0.534182789040126 1.67439053007085e-129
1.35870856816892e-88 3.08554446929239e-122 0.203373734018916
2.65239129874897e-135 1.1619188356271e-114 1.98055603180726e-31
6.41877946430519e-191 5.88794597797336e-115 5.7937061852938e-113
1.25299431569156e-196 6.09413229371156e-257 0.765838235012919
1.30898953365966e-262 6.07858038990692e-272 1.10457944736132e-17
1.35579693830534e-302 2.41674132514254e-256 2.37462284812477e-72
