TOT AFR EUR
0.846592793642379 0.868184262808014 0.439576236403524
0.969412451187226 0.347839275960867 0.0893934166327265
0.904710814579984 0.899211888559457 0.643132321289169
0.350602872853268 0.0579843746817804 0.102414406219108
0.813039391323523 0.599052042053809 0.60043216636657
0.785046924067437 0.415268666355195 0.280005808199818
0.767640132157616 0.788318013629679 0.246555416136733
0.409392809958771 0.320146551803897 0.890557079554665
0.293339262484781 0.319588815566835 0.699198631404001
0.793929488445547 0.652957733328095 0.13176422418979
0.684782229503902 0.921180054957464 0.437239555447674
0.91981030690263 0.875397469171962 0.925514980298611
0.215207462898022 0.0563932053236435 0.251980320709622
0.783965974949427 0.682206340300981 0.842284723393792
0.481668847471137 0.35762740784029 0.78237737476633
0.870200838593157 0.699931886229738 0.64950666894027
0.0107916466788423 0.080636455541552 0.027637194447676
0.0323455537747704 0.0505383187416002 0.360961791478505
0.895490584038046 0.574361968528918 0.402311132918555
0.216271920213961 0.256190991977097 0.596792011594589
0.0918517315302341 0.319253907643989 8.59027145575262e-08
5.7599688085471e-05 6.23799934839475e-05 0.248700160796182
3.84848816621875e-06 1.57521568750025e-06 0.40917773420802
9.45447922135489e-07 0.00069350818173311 1.98487689596914e-05
1.92116162881163e-10 1.29658030091252e-10 0.13491113602719
2.32605213937544e-09 1.69186014725784e-08 0.0427454069077244
1.68959871291102e-16 7.48168122000481e-14 0.000748954978040987
0.130035813283273 0.5184975410034 0.143504715187497
0.899900104254284 0.442125328711537 0.422897775832201
0.612425981829853 0.403251955689833 0.973094475863667
0.919925563805544 0.867602773223742 0.784743695339406
0.70610652523903 0.148655996250591 0.477467184114265
0.357625943435299 0.974015571285499 0.212424479040864
0.00139319964452268 0.00458617303594309 0.0615572183141203
0.223717626576311 0.814156085265118 0.157196002682195
0.122897170113816 0.506638791613498 0.140710864130299
0.136305875771993 0.0528536119057834 0.728156287047744
0.096966831433946 0.99685095353647 0.0230158849942068
0.000169340680241994 0.0934539134552143 0.000270475935926411
0.66738148434611 0.0328823987692372 0.227447517881626
0.32096639407018 0.901941548728436 0.156040133306215
0.00859852323945906 0.223064756961562 0.0136077937057753
0.664787828035773 0.0663837912609898 0.314040038762611
0.503572892185999 0.810407869137342 0.484192876375115
0.0103134295604275 0.0553901594428504 0.0747931618078138
0.281673659862176 0.722228726412168 0.243087476018312
2.84217468513027e-05 0.95483675297519 1.03016752955272e-08
5.31753194566238e-08 0.269196001602206 8.84409004182422e-17
2.03956189641481e-05 2.15723334098114e-09 0.553204249459147
2.52967603025608e-06 0.290214280439262 3.71169738657426e-08
1.05384801553445e-19 0.00382728342760194 2.36377293152798e-22
1.04999962414798e-05 2.45249570239661e-12 0.888661434403949
7.66309523414691e-14 6.52445891858922e-12 3.94163558396954e-05
1.82345856618667e-26 2.747991674569e-09 2.14428154870887e-19
0.0828256052074148 0.0635108128206519 0.743491104505072
0.343000763528904 0.175716128615931 0.105430919678105
0.448649810918617 0.381491787688129 0.61382236877899
0.0272594109293645 0.09002842593529 0.00347145083046139
0.1699322467709 0.13308872896424 0.628014656831455
0.155066850985842 0.109015086628745 0.439412845427572
0.835240011227364 0.919296048738995 0.182737653497454
0.457056868371306 0.694368148731104 0.110447321346847
0.27002079386709 0.290466364421462 0.673821663073636
0.980392750126725 0.995164361063988 0.832538277373604
0.478497883272914 0.524291228818913 0.688465254339667
0.779285798967852 0.797712434744585 0.883304701964626
0.0014353807214995 0.00254721240882975 0.354628559228221
0.000373422332840688 0.00347417628773845 0.00069012532912094
0.0500788140962633 0.108397707995144 0.0398071472831828
2.41983612880067e-08 7.16062927277355e-08 0.173720042719428
0.000373249658148822 0.000988516303233851 0.121457576231897
0.014337077904056 0.0124649722840459 0.99162683274628
0.868308858761432 0.926867544493928 0.596160651767594
0.118464231406181 0.316065446963813 0.0114207699569676
0.297259551467138 0.939745700646316 7.11044317215787e-07
5.7524750225843e-07 1.48843784248143e-07 0.595211096642227
4.22524676900538e-14 2.37032128874621e-13 0.0464160048830393
9.66854378518015e-14 1.22261781361925e-12 0.0097247887784316
6.09187401211079e-31 2.95542056599482e-31 0.171031516725063
5.69547842716894e-29 3.45455094952908e-30 0.729723105667379
4.03988675441349e-26 2.26374544722252e-24 0.00103372381413247
0.114849641276041 0.0212969468712644 0.318071000557092
0.902806188246974 0.394902417909579 0.144378692396903
0.369151304560717 0.647758192026642 0.243536400895887
0.04375604477196 0.00356379871198244 0.203314271889471
0.805764937589108 0.715307291117739 0.173550943624898
0.0646129189690555 0.0335851525102472 0.990326449247573
0.73851893308332 0.264820046811977 0.100953052341887
0.99378360207512 0.981676545946257 0.947690041273588
0.00809600297883084 0.0517151945510233 0.0348045875346657
0.00305215926028211 0.00292730816683415 0.358387160557703
0.281670942706695 0.855643807821089 0.0412986778082956
0.00912335230159181 0.166712736812786 0.000420176113373801
0.0751318385401765 0.0766848872232122 0.575513456471812
0.0140653791401498 0.0201866043646389 0.352800552200173
2.77419926829609e-05 0.000109505931839742 0.0608166660675458
1.53908865351959e-07 9.18257741431264e-08 0.197636884821103
0.0599963128847738 0.021693687413488 0.691890093099317
0.000138957786618804 0.000307059013862864 0.121124244207464
0.885243511090659 0.738681402153378 0.718523300370229
0.184469627524826 0.107110049977026 1.60751846703627e-09
0.00032024358903799 0.791343194382943 2.67249514444151e-15
3.30129275913373e-09 3.90192893627026e-12 0.653517545782284
2.71790594148e-13 7.41135103928905e-13 0.0271122202668748
1.13787431633018e-15 2.7145046352862e-10 5.93727272961905e-10
4.36683585992166e-19 3.89221826831124e-25 0.987254302806866
6.95101838389899e-24 9.51568666257986e-21 1.7921611361239e-05
2.42292275699778e-33 3.95219723604473e-27 1.25598822839863e-10
0.903704573358572 0.790984167936774 0.401018685524983
0.977860002069575 0.378303667439464 0.0581934399643523
0.867505231110918 0.817204934900231 0.928864794004662
0.152427668453627 0.567916477991958 0.0307151512369755
0.693180338276559 0.267692627844465 0.178735793403968
0.26496624970807 0.563304901213925 0.181597028393015
0.242199800175976 0.326215747994943 0.495985354613435
0.616526172027113 0.945411434758214 0.326819110758189
0.0199518056105219 0.040915925378749 0.257643863220518
0.652349544416954 0.427968467630793 0.574039563182637
0.700230897594353 0.860314097891267 0.624566179374747
0.029391881220004 0.185519225830134 0.0228161422584626
0.0197512432870584 0.00568012073908471 0.732928779960419
0.0953521326373523 0.136284540715389 0.448513377576332
0.000827552117260507 0.015325927180253 0.0123685211565596
8.15630821599855e-07 2.47349820433115e-07 0.441469103115488
9.29167642101168e-05 0.00143047877766874 0.0181613656578791
8.97755383476661e-05 0.0124035232126006 7.21869388895187e-05
0.586989497550223 0.264731251543973 0.326109227246297
0.00491429741969333 0.435307475281767 2.12216619256866e-06
5.27631462327736e-07 0.877306358282319 8.26165098264219e-31
8.09922132757394e-16 3.69197773329409e-19 0.859411317858612
6.81212817483236e-29 7.89769459437868e-26 2.97695498444562e-05
1.70316892114446e-28 7.80694230798486e-17 7.31645624029192e-18
3.69944543948672e-46 2.39646639056326e-57 0.908282985405659
2.35148356361203e-72 1.7407235904479e-68 3.30569617259023e-08
7.99468937863677e-57 1.7624893186497e-49 2.16043784521442e-09
0.48298776818361 0.304501088324777 0.0749932222382
0.996750848141503 0.376640799495171 0.462879147843679
0.156300202399075 0.547312615204468 0.170811613333472
0.674291058483137 0.942338325141754 0.614501134760408
0.886531195788456 0.834319827477707 0.993545569412556
0.505486637689542 0.607517239607047 0.652116657571343
0.979298143724332 0.639342963673635 0.7120904188724
0.297409057484898 0.0282079676538715 0.618733267213249
0.0801973142578853 0.206956169254058 0.220676978310448
0.677683779645579 0.470019528355856 0.950788061056682
0.0441561284458426 0.30914746770128 0.0706280225147436
0.00312076308551654 0.653262686278098 0.000406666337658526
0.000196970796681598 0.000554353450741895 0.0475916254093108
0.000437925877476949 0.0285279239862318 0.00535587993833552
2.46599921863253e-05 0.220132355668571 5.13293245537269e-06
0.174344847823052 0.000314855760912648 0.188530204724118
0.000949610051807588 0.00325357559971951 0.0642330650205906
2.38171230358496e-07 0.0384145923609742 3.38921565423546e-07
0.0713765355525941 0.0729788718509708 0.394837525850931
1.9567437829696e-14 0.865394713465301 2.3459058335961e-23
1.49026507227744e-42 0.76048985425389 3.31600939996093e-78
3.45161241128731e-07 1.38131656606866e-13 0.570668134503781
2.26082505720452e-37 9.1026964134776e-20 1.39537353769661e-20
4.94436958471595e-63 7.41915879164796e-09 2.7100083564449e-69
1.46631165543552e-22 2.9425418439407e-59 0.722163741554386
5.35590656552295e-45 6.70924202876727e-49 1.95647611138285e-10
2.75923914732175e-94 3.52657665737538e-47 3.59331994807188e-54
0.250930753917967 0.224406151045701 0.87477673809928
0.554304210190553 0.73220264762392 0.216394457944285
0.956410026256394 0.811757370262839 0.393339057501155
0.0786516312250481 0.115078111033603 0.274020178557538
0.660685685404664 0.884531086153689 0.144498399071786
0.981400972278255 0.650102490993947 0.0189566790378814
0.00361754296662777 0.00589091736163165 0.268097457689668
0.0821244340559595 0.0568994081704342 0.544522060901712
0.151394944831374 0.106586581195294 0.388978779230376
0.895232978831161 0.663751610804072 0.143574397322874
0.327724742363928 0.519297138017846 0.0945221245503473
0.399497339981372 0.27244005259807 0.26855817453666
3.80117526236017e-11 5.01335531096166e-13 0.030183011265478
6.5735682416234e-08 2.7674154731136e-07 0.0520651560846596
0.00466194230969301 0.00993748023548024 0.0709692599411933
6.85457722557924e-18 3.79495369585488e-18 0.44497163653656
1.24711808594337e-08 8.85198728627388e-09 0.644454009844454
2.98669047590562e-21 2.24041809964183e-21 0.314161517814532
0.274113556050587 0.246833890037538 0.862323998804655
0.90648054154125 0.366613298005129 0.0001030982039721
0.530314786217661 0.342786276412082 6.13905362366821e-18
1.55038353654423e-70 1.95219225833015e-71 0.0785353160992399
6.73938884179161e-60 8.19572456194538e-61 0.112286710598642
2.1238837816374e-80 1.06021478881324e-72 1.71709237329202e-15
1.87569832747914e-127 7.4083406472958e-134 0.81815785778378
1.89373133121629e-146 1.11299420596866e-148 0.01072953527448
1.02558542687529e-144 1.71206197035356e-138 1.98963932382153e-09
0.779218213532142 0.873830370911932 0.731123473388065
0.079144250537568 0.264676472818794 0.0724051446911655
0.526176410986014 0.974804282489164 0.152589936558761
0.187516522528185 0.191710829565001 0.685154823328211
0.0130873505216058 0.0656182937734984 0.039250347858324
0.574945954020644 0.654400826728238 0.694223448308681
0.0293678412432127 0.00154662399154152 0.147011937459791
0.0811686187049803 0.19089838596204 0.146786791437558
0.00261638943880936 0.0037747427028327 0.252833088673501
0.041369885758765 0.0917666117449528 0.175658422401624
0.839564185433557 0.0779128787259765 0.000963902962230503
0.0341319162340968 0.967083678450241 5.13528445268624e-07
6.59474541996561e-06 4.25156772835905e-08 0.428791431876488
0.00393553216840528 0.00994294713562816 0.155486951589533
2.76061558535797e-09 3.09833444768638e-06 1.46131254567774e-05
1.68502226876369e-14 7.35214297349308e-19 0.675616604630868
1.25644517742259e-12 4.19372031483664e-13 0.0908172611840263
8.25260485993067e-17 2.60781758521531e-14 0.000143103477964701
0.360544589705348 0.389107916162869 0.725801309906682
3.32795999099317e-07 0.30899977875047 1.33685290659125e-23
2.50980253803279e-14 0.707706064119828 2.05650424027814e-76
1.32943212205562e-55 2.06215969211172e-66 0.230216950087183
1.63140814335307e-80 5.53175199912426e-61 2.90080617374041e-27
2.14737466218051e-91 2.65339241195847e-53 1.33529036064378e-60
5.21159349782215e-109 4.17697389668063e-143 0.659898481401773
1.93383497610649e-145 5.30837623325939e-146 1.32758969531524e-13
7.44617191048369e-163 5.11734820578587e-136 9.27551429778159e-36
0.137587365750979 0.115796886014104 0.845737337428097
0.498561221616501 0.279785218132866 0.506205998510965
0.224810422830986 0.37166041011424 0.341964891900603
0.325273633310246 0.199955818811704 0.718556342522284
0.173489085944225 0.193516425267808 0.661423939892471
0.346824141199529 0.193668417004282 0.61257699820853
0.00686108230419371 0.00418398215304455 0.750289743531618
0.89998396910561 0.437381448178017 0.201356799498602
0.149963738382404 0.265059764132852 0.324710581459069
0.732825701249164 0.990339172260969 0.453701110167091
0.478128922463938 0.151925667514915 0.213313092739645
0.119894904384879 0.607307590545383 8.86485125705611e-06
0.00589045757801778 0.00243595847329035 0.886017847915608
1.41281834238243e-10 2.25273056684051e-10 0.0951011917216157
2.45397022979798e-06 0.00096502451344212 6.39562616279077e-05
3.16221350286467e-08 6.08957739429594e-10 0.96325677422892
1.54464291995242e-17 1.66277503842204e-18 0.0989069312601952
7.85752925330221e-08 1.3510622596025e-06 0.0164440158790141
0.943416258711081 0.522572869996477 0.257245477873237
0.0416259467200891 0.907237498947739 1.19687325012917e-05
5.04670911460748e-07 0.323061797947048 5.38864283203941e-41
2.07191597331682e-31 5.4069050521543e-37 0.375248607562148
1.05385004273715e-43 1.61933024435958e-28 9.08293696275665e-19
9.51568200508797e-54 7.42565480061882e-28 7.96463919700019e-40
2.42961986658147e-95 6.43029270556711e-126 0.211428690212187
4.73069479208121e-118 8.67531210312432e-119 1.39582053495552e-08
3.25630715210192e-128 1.61593945979597e-102 1.03864353088442e-30
0.88679824539391 0.902843208454251 0.932581245889274
0.0594562717961549 0.654635736043491 0.0037768782806329
0.29867274944065 0.906599267470582 0.130416630946096
0.599617360359151 0.765139860629731 0.654462116826958
0.428664919244085 0.652364727528133 0.503261034699821
0.0105002887602784 0.00696503882598806 0.282039316711683
0.622104998640449 0.46156404114499 0.97672429771116
0.966215556703045 0.54078459809489 0.642992552570129
0.133818068691783 0.402360506498108 0.198618801917454
0.583607561288583 0.480063242186465 0.901986149854822
0.000196589310839945 0.321788542291738 3.60190962577073e-05
6.3682242129781e-09 0.256287607375316 1.24303271935878e-11
0.846720016786765 0.110916260341212 0.273880463520733
1.96167119947006e-08 0.0180354170983267 4.1379217335304e-08
1.17236894644508e-11 0.0109629703865695 6.60033970774509e-12
2.25342792925181e-07 1.84957068465381e-13 0.652259883447343
3.94920838881014e-09 1.87344009025942e-09 0.00659460823147502
5.26099459719799e-20 5.29675370571329e-10 6.33848448006369e-12
0.637613775644014 0.21299399874334 0.654580632946988
1.09804518710382e-28 0.579892055382002 5.40157246073681e-47
1.4088340234355e-70 0.392790650253425 9.14732432401264e-133
9.87848679371039e-20 3.07283266839712e-34 0.0821145292818546
4.16037528407279e-71 1.30419145785322e-29 8.68973540548331e-46
6.03657255498969e-130 9.06183610271363e-25 7.20819831971246e-125
1.96328974136999e-44 5.88816391690712e-114 0.459870699725784
1.00259250502755e-135 5.55093412052556e-104 1.55849124297455e-50
2.35220316820057e-177 1.85950254319822e-73 8.06224128952675e-113
0.520644799404751 0.4069952624586 0.414768429381845
0.484112200056798 0.4559134092283 0.89500701383242
0.512575974896698 0.308894056529454 0.103969224845874
0.0219205073038561 0.00958673635984983 0.168844201023854
0.988239528641053 0.978583462366898 0.829764971934121
0.850453996295612 0.805332436083207 0.0418112600966647
0.000582029286337078 0.000563760587835881 0.712536410881739
0.00702268805693546 0.00718961700715095 0.697928300729754
0.00153179008899892 0.00117742934659227 0.977964629661119
0.506319047017979 0.505227057896612 0.938910623804195
0.551570358299044 0.358460310024405 0.135931139329648
0.314877692819415 0.51715544078169 0.071749930445867
7.55901328672689e-11 1.21519412448063e-11 0.623399795179925
8.97473012850076e-12 1.00306985519694e-10 0.00612057069495717
2.17696278081255e-15 1.86589388515666e-14 0.0241567779794981
4.93649966968165e-30 1.22446042898647e-29 0.0679232783047386
9.23861590454002e-29 4.04028802956421e-30 0.894255603760916
5.03182694472589e-34 8.01484133559506e-33 0.00694972358915457
0.485884331490027 0.506857864153667 0.77933090756843
0.0185613041957847 0.28029347902125 3.32103643347366e-11
0.00534963155012775 0.628226796069043 1.0776373605965e-28
3.67801103655911e-94 8.00352668355667e-102 0.159566505070904
4.22400692790172e-141 8.30709947824806e-135 8.64495363382826e-10
1.10523729459195e-138 7.61365732642542e-125 1.56223316026751e-23
1.29204164261743e-285 8.24967207367742e-298 0.330530144389426
2.82240315288017e-270 4.77281228549223e-272 3.92118811940828e-05
3.64359836741745e-298 5.29601268742682e-288 2.89114799281872e-17
0.575428160268861 0.712058010530141 0.591792072662399
0.95255540145749 0.48603900430741 0.113065855582451
0.0219038715473326 0.113748402159743 0.0299287109608784
0.0489419254310853 0.00551280556548055 0.269128909188362
0.0682056907235824 0.131070667639166 0.249613858979416
0.0616024001703656 0.671059862164858 0.000395966135529735
1.12577056672652e-05 4.9036373496081e-06 0.394923662666333
0.435931230884517 0.469728663639649 0.740453708022763
0.00126393181252799 0.00212080197663568 0.228195698371891
0.99505026820687 0.865840392618497 0.71300069539513
0.668926009196281 0.24058327438251 0.00079350429811622
0.0142059808869107 0.53660489504016 1.42476859136377e-12
7.26970194446394e-08 4.30410171179038e-11 0.329529157662738
3.13299230389523e-10 2.76769239270222e-08 0.00117426528339667
8.80737902937167e-20 5.75726028048925e-15 1.07615922357212e-07
1.53084300235453e-30 1.29395252576035e-36 0.381435395664762
1.78154312080081e-27 2.85544737889565e-28 0.00788323355243889
1.73852907059595e-34 3.17034310343234e-24 5.04573054682921e-15
0.0366698124993816 0.205960451300813 0.0205382017820732
2.12632639088599e-10 0.934253585809791 6.45164047331047e-54
1.22647950843279e-21 0.964635168791911 3.92913212335843e-120
3.65983846615876e-97 2.00604303810238e-121 0.568319574299611
1.90922741850237e-145 1.08105521278089e-125 7.01848203332519e-30
2.72223634677062e-169 2.27171282712207e-103 4.47156264975344e-107
2.0872430920151e-218 6.44485109158375e-288 0.769476848268122
3.11420790884143e-272 3.41018947181766e-279 2.10308808621424e-21
4.61707695208177e-311 1.69637525774428e-259 2.42948116503184e-78
