TOT AFR EUR
0.901930411493241 0.732267851640749 0.325883085200937
0.637142276574365 0.514653575645918 0.808941785492997
0.823911458438333 0.831065590860979 0.934966558663773
0.632562993232867 0.649052753709015 0.866858536715057
0.910375885192117 0.555494371229092 0.396012057581647
0.26486889742787 0.609162892757955 0.143184657811459
0.337170849655543 0.260435372576648 0.907034830782365
0.704215082790141 0.494702682039685 0.590505862832405
0.152156546264969 0.0543771854139398 0.566197657820597
0.923044910960443 0.653919100862573 0.501329930520923
0.466150240434946 0.845474140717265 0.2316623190297
0.0168408707708353 0.128643879030643 0.0155501798024815
0.419887469265052 0.456278698851933 0.728562193636789
0.115940635176821 0.285619520885467 0.203384932225559
0.021941252652081 0.325537943126827 0.00242507644999196
0.191314267829379 0.0528905482951606 0.365440132742222
0.294159278832142 0.395217205846038 0.497150140641042
0.0436223887766858 0.150440300922232 0.100873936392469
0.465772099508871 0.31693825725095 0.693290158971412
0.81564469714141 0.347778080842515 0.01672500225617
0.432742983626254 0.310872754550203 0.000233454585996363
0.00690322953235381 0.000129866004279198 0.0567553574150439
7.82060818966213e-08 2.73648745633685e-07 0.094049621437604
6.95765644928888e-07 0.0048478625968181 8.63022728235153e-08
6.62510586388643e-14 9.5909516124443e-17 0.878571774546981
5.6813329752987e-08 6.57269880203358e-07 0.0160546324772664
5.01598787809789e-15 6.52694975792201e-11 1.21115689417664e-06
0.924630037092524 0.691286721022965 0.641144879713651
0.0487706204873923 0.101352088153391 0.197490593137984
0.969622057111229 0.573263887389244 0.610113805166995
0.390059359497892 0.0438158090747338 0.611899522883203
0.269102998113287 0.906338764683441 0.112365640658941
0.31570026718752 0.352717018020115 0.582569828520679
0.922682970534859 0.857580676716302 0.783113567292619
0.871403437813929 0.721872425144676 0.598108811076518
0.483885897259742 0.140338504496644 0.772462264876297
0.0975885260707814 0.948834356074857 0.0293784238843433
0.173399188768865 0.657013304172052 0.0284507721242649
0.0947974487258055 0.802388834839322 0.0140247328283587
0.0191246027601556 0.444253638312361 0.0154175803326276
0.959436817192342 0.483575674627191 0.585189236720526
0.00433306869549326 0.357337618466245 0.00204766651160169
0.622255903667306 0.399562557007756 0.941610566461971
0.0216499281922554 0.0185890837056517 0.307894930412117
0.00986739855601258 0.517051481871822 0.00444897780964912
0.963857866442355 0.162749309147576 0.207456427507459
1.27564788519164e-06 0.375118330420973 1.39666458154452e-08
1.72036360198527e-09 0.473985580834684 1.56879802184371e-17
0.0455269872303224 0.00492755802456023 0.752043581837814
6.17405018381978e-09 0.00315587387918337 1.16170979767055e-07
8.62694675799583e-15 0.00146311549889665 6.76431622190038e-14
4.1735555669655e-05 1.1271284582288e-12 0.378877793117675
2.25715107410856e-09 4.2287781527175e-09 0.00315287287539502
1.0119538022588e-29 1.96308078725846e-13 3.1430286746436e-18
0.417787020797365 0.517128590144988 0.386221366047164
0.771657562395906 0.926241587148643 0.398735898779604
0.314506470176344 0.312900931746532 0.907743827334385
0.92661818816508 0.582080192717847 0.00650744299409004
0.402086495006294 0.416541694172733 0.777472698928974
0.462087094778045 0.476551934821108 0.869770092245962
0.104451983181172 0.118036991828053 0.61983492333024
0.694483068662238 0.604139655288106 0.624467768474746
0.372582000115064 0.355697774630783 0.980527796118019
0.570412716220665 0.526305825043738 0.816297168699424
0.607853834256304 0.894926580766199 0.0322474789459368
0.23576728699687 0.388445166744743 0.0623515329529904
0.00469968502427559 0.00217332589889541 0.342904851745822
0.00390588109735044 0.0152952983793086 0.0087771091450071
0.353700787835714 0.392440855396515 0.639656981943978
0.00202501716478432 0.00439410204307913 0.174679332383646
0.000209803154982644 0.000516895991484524 0.0464387167361209
0.00511035457512282 0.0122675918938401 0.0170977830972394
0.0148174767913385 0.0391960191710063 0.0225837805213562
0.242017116889939 0.176969230084943 0.293575224170577
0.893770192975814 0.682097345033434 2.46504737306274e-05
7.88514114114243e-12 3.35634508549421e-14 0.0193636063409825
8.95233735468029e-09 1.84888928909554e-08 0.145063752145558
1.16129359653117e-13 2.20259457306074e-13 0.112471889173047
2.01083833321048e-29 4.96130949932395e-32 0.188070743496486
2.34565186698855e-30 5.31298326622214e-31 0.29461529011214
5.4541299789131e-24 3.86525290075209e-23 0.0357380904426979
0.316330287373969 0.426956229036112 0.51219292748187
0.840987176524561 0.362827084299844 0.197963028375034
0.498829516291074 0.434795283518055 0.991350781284196
0.657578832317842 0.513040122095014 0.704492979102107
0.0282558895008646 0.0245870554555883 0.655741903058299
0.234918096664258 0.100468357035257 0.548661686013783
0.33034166761829 0.173430092875077 0.588648291933199
0.18576109763654 0.483862412614876 0.122872612006995
0.467441732818589 0.564703696409743 0.595947028120518
0.260656530240114 0.558533242879335 0.140285328797091
0.128606907220479 0.0926732030305805 0.904216022322546
0.577729408895441 0.344929126034678 0.000881348562742885
0.000556025802717988 0.00149865871871082 0.125921516534943
0.130909519154138 0.0755977518527898 0.905414197289881
0.00084929330523039 0.00452546128635159 0.039124397111751
6.09065946247796e-06 7.6200399596471e-06 0.159403585209832
0.000116102922749223 3.26843059760927e-05 0.646856899797543
6.12669901247969e-05 0.000138432835007199 0.0827691103730928
0.466301063232673 0.746395671677478 0.29241810229307
0.340983675518903 0.144121652887079 2.60727573214028e-07
4.57744207162996e-05 0.315576392167661 1.2491862815792e-15
3.14018157930922e-08 1.63694473283683e-11 0.436073021866163
5.3288352347372e-14 9.3240476800252e-12 0.000546385574852662
2.07255023621677e-30 4.01490953179982e-21 6.02406317462175e-16
1.84140068817966e-22 2.05600354096386e-27 0.893258351739694
7.79351953243129e-20 4.04633530167839e-21 0.0348010025734983
2.61292917923228e-29 4.46979583524506e-25 1.16532884023576e-07
0.959939198049179 0.884161380826786 0.691653826863408
0.0696956191383035 0.127742633277305 0.306831111072499
0.408666960945267 0.510499070427655 0.594441257757007
0.223467229329274 0.136110597948763 0.797148124899753
0.834327592629129 0.521335532109523 0.428208058479471
0.430131725781014 0.324046080000914 0.831617014305961
0.538610633492509 0.304254690967138 0.526277178620823
0.306763386805099 0.361601756191122 0.628758183959164
0.0271520357164235 0.0972878468836414 0.0983696359283058
0.280305726454404 0.214890471518577 0.953047926621936
0.22238252245739 0.443554739765425 0.222215168616327
0.0580396563159825 0.27694344289535 0.0363766662989838
0.0199524193148531 0.0113409856879644 0.859584141354278
0.000326065241746076 3.59704658395009e-05 0.877898509747393
0.107930698316834 0.228742366256782 0.235588919462892
0.00105649652021774 4.62836152519561e-05 0.386377063369906
7.05172794331277e-11 2.64388061410094e-11 0.166735098661347
1.82014351741966e-06 0.00153033769852234 1.47460623861807e-05
0.494993965703578 0.611565635416192 0.628364671551556
0.136345753203166 0.612996747667189 2.55886615010698e-05
0.106686878132282 0.00531346040477532 9.26564291820832e-20
2.12669569097438e-20 1.90034141119565e-25 0.876972590175596
1.62073763701414e-18 2.95185502822321e-17 0.00723596460046425
2.94503590418436e-32 2.52674619872319e-16 4.17108671683564e-25
3.78085131133122e-44 2.44499183625132e-60 0.128626709595755
1.44101422077388e-47 2.65958272455317e-52 0.0289716650864256
1.70227281455257e-74 2.33057593374049e-63 1.30885581411062e-14
0.0720280470428077 0.331414405185821 0.118461441486295
0.31264359157879 0.209576207257296 0.792056905064087
0.841862817014722 0.667256951943183 0.523871197200168
0.504161230495525 0.829674125399102 0.479213241823082
0.977288718148068 0.902624500747035 0.947534304059681
0.241185781768678 0.674648706138608 0.0568821525971993
0.169268947801505 0.00637812951011044 0.571466059681949
0.000804907050455378 0.0943534333153598 0.0023558168587824
0.308638940255553 0.807745228368968 0.116426713997182
0.0438016543290828 0.0307386979875123 0.400749395629141
0.00396624091930759 0.937887227125747 0.00018168039174347
0.0495193618270886 0.540566235117954 0.00160195483490095
0.0980052897184113 0.00846832837514342 0.949572882788328
0.0569963104813062 0.637970851445685 0.0315397435971507
2.15716062925084e-06 0.0115830093778482 3.26017390556598e-05
0.0748795643917624 0.00299021982035359 0.847995260547833
0.0020225548289809 8.37381599387117e-06 0.667305574603206
8.22605596548379e-14 2.09455526052884e-07 6.1364361998721e-08
0.179536370475376 0.907755844507557 0.0922256445672718
2.50899891478167e-17 0.426174313260357 1.17585397646756e-33
3.07228967131938e-36 0.0663994239754355 7.25711227957165e-76
2.19710800965588e-09 5.52171368470822e-21 0.904122030891793
4.57231625387951e-38 4.53458861457428e-15 2.7393171309508e-25
5.58983287458671e-71 3.18966220942892e-18 4.54653290173393e-64
1.67029859097676e-33 5.18248883180965e-58 0.0329221875375439
7.41601403681608e-54 7.69051220079553e-53 1.41030301074932e-14
1.89099400079844e-88 1.27199300277483e-47 1.04383593063239e-47
0.974580450026595 0.902910677406234 0.459142584950217
0.428485730161542 0.506177406105592 0.419432551628785
0.331272760215757 0.216870227033735 0.249415638708278
0.73147119402531 0.751202033743979 0.853177061542942
0.469539157531827 0.428313902600934 0.789366221468886
0.10882811549224 0.0610891205593421 0.225148566742035
0.0049773811364988 0.0114440277693645 0.124126957850226
0.00600834223745576 0.00894677647327386 0.314007030364649
0.0257327636494442 0.0464621343826276 0.143186090953786
0.978079265190981 0.910024121758716 0.688927592602016
0.273222302213838 0.445375037732086 0.0943809748141566
0.281267525481875 0.572014293588195 0.0044695051588955
0.000417236165089163 0.000109352523781247 0.160705063399958
6.70681460121373e-05 3.35123288746254e-05 0.725985680654139
9.74994527483112e-11 5.95127347156009e-10 0.046093316940174
3.39718168191971e-20 5.44901054281104e-22 0.275110552825341
7.66151193611964e-16 1.41170728471568e-16 0.999998180345505
6.96046831914322e-15 7.33819896557657e-15 0.363270652209357
0.0661743445202272 0.0817573633974708 0.455376702008023
0.246811208158308 0.703487655613517 1.95828194615808e-05
0.0194157576946298 0.540327134987302 2.39823456522841e-19
6.45059609082969e-61 3.34991836897848e-65 0.478108112776855
2.47332750881237e-67 2.3411136930191e-62 3.38849820524196e-08
4.57869122284381e-70 2.60021578340113e-62 4.80024489760049e-15
1.50849412032529e-147 1.6417598866252e-153 0.374713816470933
1.17539280491063e-128 3.6679397357129e-130 0.0112347044129321
3.17970295838114e-142 2.84645710228117e-141 0.000103415438895738
0.937806102438947 0.815749940122758 0.501940362655275
0.97835631971959 0.793562026814656 0.626040709817186
0.414745132166656 0.839676205258561 0.0196156632198291
0.012686974790243 0.0404941273542348 0.0994267283116022
0.00641285860048467 0.00262081861071506 0.87473351112572
0.265792874468569 0.241036550579928 0.852223518817343
0.105950150374551 0.0954848131719663 0.730368716312146
0.0101625438402937 0.0254750633557608 0.14548199512957
0.236074131851477 0.626994967434037 0.0762622422802508
0.159603796351775 0.102223745044398 0.929172736348306
0.221441553272535 0.898094169622384 0.00175708306564956
0.15034845514544 0.862565700398219 0.000214034990124521
3.53567116092259e-05 2.70092222988003e-06 0.927150146938777
1.38680829629213e-05 8.08053513601098e-06 0.343275934080646
6.20529148859826e-07 0.000618144594978464 3.83442901942477e-06
2.31417787885234e-11 2.05545776885751e-15 0.377455276338805
2.99709517355897e-16 6.10038930594738e-16 0.0146607177667678
7.14919419565611e-24 2.980392501187e-18 3.64741972877777e-08
0.148284793830937 0.0671853333295695 0.69309854173532
4.4241714063154e-08 0.316146138485232 1.85310887675089e-25
4.01059347996307e-12 0.735376383527709 1.27173501781831e-60
2.38227490259969e-45 6.95795029941045e-55 0.395520560159101
1.71269137911847e-68 3.62806051744759e-56 6.68582786540118e-16
5.95114701841452e-92 7.29859656284704e-54 4.65981683989323e-62
1.21018342706973e-107 1.51205148033794e-141 0.583054280623309
1.0799632874699e-131 1.20081423627904e-131 7.31131261815936e-12
9.06166079677715e-152 5.49853951230083e-126 1.54766855040495e-38
0.334835082715679 0.20551948934489 0.705119687609402
0.23290114548749 0.440872601280787 0.245211200382386
0.205761472684075 0.758771079721658 0.0226898267007056
0.389829786270243 0.71652240611646 0.205726158816992
0.492608585602322 0.55660385281818 0.714893796812606
0.149252961128712 0.354198333245924 0.167103414997132
0.923622095546481 0.566708065147306 0.344731166039542
0.448177540111957 0.460584403795166 0.819149097726205
0.755688740133916 0.96869065173013 0.53573140865238
0.106473092161619 0.131689136249917 0.542727136154708
0.758732424573186 0.0670589758748159 0.00229206434098343
0.193799106021451 0.177215270102763 1.08767735743694e-08
0.0386640821742979 0.0082162853333964 0.501697684761054
2.19275281388551e-07 3.89647858718222e-06 0.0167650238903509
1.0691109261027e-06 1.43171315153607e-05 0.0223904549130245
9.54725420684826e-06 1.54672922834089e-08 0.186230525039685
2.41407814534855e-11 3.90402380370692e-13 0.668125504548471
3.85017961574064e-08 6.40023576667661e-08 0.13368689274394
0.256444783552128 0.785707273292039 0.0349786318331977
0.000622794927757094 0.548515508233551 2.29635802930118e-10
1.79829292506797e-08 0.488039025206893 3.36643195567428e-30
1.79838773193896e-28 9.05589036858449e-40 0.104349015938061
6.40577664625285e-39 2.1351572194012e-35 7.43807783794542e-06
9.05435377864893e-49 7.96350710881904e-30 1.17116800189292e-25
3.35641299148654e-75 4.73595733106023e-100 0.202835335995078
2.4334829037782e-98 8.96168493694371e-102 1.68420074678413e-05
3.21485510602053e-125 7.66481876266643e-104 2.98934635626681e-25
0.165006419229508 0.614889764619825 0.158898205467631
0.894753527382761 0.354503672356028 0.33361011502071
0.00938309942097046 0.497576426219692 0.00419009004169835
0.624353788793194 0.906060908715165 0.581536380929807
0.582192605023823 0.520319047900529 0.849175060017646
0.436859459345784 0.720237491612703 0.463699294998083
0.147240267438785 0.0598421059831525 0.756195630944277
0.0346697483595244 0.0119779671445246 0.497138858455353
0.662541294260268 0.93866442358441 0.598051185928668
0.323291923340845 0.24324205072323 0.749819501044453
0.00709625308482048 0.0551717626753588 0.0508255757748749
0.000207865826239351 0.0343590188936038 1.24725474435531e-11
0.0251924683796652 0.00715716159510424 0.494201787023177
7.6311671034626e-05 0.0818389235802445 0.000136194602410585
1.01904321924533e-09 0.156956241223086 4.71342087762036e-12
7.93427385318631e-05 9.93983481938299e-10 0.982434229183748
3.97272274327968e-12 2.94776293836209e-11 0.000328212193593808
2.86024167791195e-16 5.11336353711625e-09 4.61170242284536e-09
0.217814639557463 0.248868225886072 0.505951876313792
5.16331582184226e-28 0.880110606623183 5.2849300663181e-50
3.6306727542056e-84 0.905533433516665 6.05659287807196e-148
1.18634746632766e-23 6.45801729877142e-40 0.0387593882639139
1.92590858314598e-65 2.10601811400328e-31 1.87968774419504e-38
6.90096028774966e-140 3.7309238881994e-26 2.60714316102105e-135
1.95521706969057e-42 1.93823316990418e-91 0.30462597388624
9.95699046598172e-129 3.14778549862414e-108 1.83140922433664e-39
1.19443221449049e-194 1.52968054928644e-91 3.14606205623935e-116
0.567737145314635 0.532538840146553 0.833706083634747
0.513674330157096 0.40384228126089 0.402694081510937
0.552469928709464 0.551659627324464 0.944658483529898
0.0692643481786911 0.0345890372419266 0.188302125032284
0.149757073281257 0.178951779895784 0.491131164480137
0.139519228066926 0.201805415967049 0.231992554833479
0.0821944852857604 0.132450421025354 0.21936962212002
0.00898965663354657 0.013941846897442 0.248850416779209
0.011813923182221 0.00631379744301069 0.458298449904105
0.251541098272786 0.345505692291621 0.277238286909184
0.861499376748165 0.96679120129733 0.335497497303678
0.830127944845727 0.384824245669986 1.26102140797522e-07
2.71141950304201e-11 1.97337058902432e-11 0.571038404013715
3.63853252468721e-09 1.59567140859401e-08 0.0326591699204752
6.22687734227677e-13 6.63105287658335e-12 0.00990967628728938
9.24407315766792e-37 1.64939975433202e-36 0.0545324986314707
7.61630858141327e-29 6.35063670903497e-29 0.193259852043846
3.75323438729287e-41 6.3061932797594e-39 0.000187876940128326
0.0884318976977642 0.0888238002896153 0.829827163238351
0.00385723271041191 0.0811635959462227 9.87994985117108e-10
0.155816049400879 0.467906430290048 1.62518125013588e-30
2.08806108118936e-126 7.19898324490759e-133 0.973890704515561
3.20544490640057e-144 6.6323362708838e-141 1.42224868090138e-06
1.60836595823587e-141 2.91967664265751e-130 9.65326922245418e-18
7.85384076504741e-275 3.25823780925166e-288 0.642687464528725
0 0 0.00151651094331093
1.07903937051728e-320 3.7216227850799e-313 2.2697676689661e-17
0.209740415429045 0.364889101059888 0.277202960071644
0.210197987670773 0.0562046849512361 0.297529536530498
0.0865405407783593 0.154465077111786 0.276694176448113
0.0277401217436509 0.0345781948316602 0.419452447901209
0.0181425837457139 0.0877077454509828 0.040423489872553
0.0112169998434053 0.0305244724708561 0.136150603456728
0.883889262784522 0.319285655982858 0.0921284396108861
0.010006273589841 0.00147940926798168 0.600070912572952
0.0176694228758853 0.0135726648927377 0.649323237927116
0.0624944965801104 0.0471237997397033 0.796761773064328
0.193268266284152 0.657563022262833 4.70792526575227e-05
0.0341857212827148 0.421971495358633 1.62785250866079e-11
6.06934468562637e-08 2.32187320644754e-10 0.668330338345215
8.18627539957397e-14 3.45503705739573e-12 0.00122733021766446
2.39230755452014e-14 2.18267560309678e-09 2.44403929508532e-08
1.56413570332091e-25 2.34596603845719e-28 0.108776932489192
6.73960112825308e-37 3.18732512188055e-38 0.00219091107829008
3.26713073619416e-47 3.49439596717574e-40 1.18366208431833e-10
0.0129945499128668 0.0516109005288916 0.067008630721937
1.26912934856955e-09 0.573541440873291 7.98522841205537e-40
5.68304353339535e-16 0.130723538923201 1.72002961792966e-125
3.3355798163798e-89 7.31741177282165e-120 0.314343334580852
2.63081619517337e-154 1.304042731586e-121 1.25495474889792e-43
5.61453695253044e-188 9.22053181454896e-108 6.9434317109361e-129
9.63252344208628e-230 3.29939439916245e-312 0.0858147033724333
5.21522383823625e-294 1.18442496952887e-308 1.00365957271129e-19
3.60098095792135e-315 6.21384548030515e-258 4.24724937199356e-81
