TOT AFR EUR
0.22813397432358 0.186799805075642 0.957425517394654
0.469671616019468 0.406856609566888 0.990870097601714
0.394146938600819 0.39446799835605 0.823842399749069
0.292127934680171 0.371262664300274 0.5826126011204
0.0982492858718122 0.133174570997818 0.496549086229861
0.172992650979592 0.0677194108618217 0.540972351420298
0.269768003597197 0.300638117567464 0.652783070283099
0.809075177090776 0.727538887125627 0.889530874533117
0.996302566516344 0.536646358510828 0.211123360488795
0.438441831705721 0.227547996864083 0.52517041470031
0.59649062463261 0.32973799187411 0.452660846083566
0.113052289743256 0.0735261782529081 0.983194009991764
0.725292708066774 0.62421589286791 0.0815889960217663
0.351941473990864 0.914844006919877 0.0332504827610486
0.0661231995007213 0.108044818858973 0.377500809085693
0.293198536068349 0.0976608098956883 0.352097812159829
0.68051047940306 0.816536993893482 0.634256543188819
0.00434793265338277 0.00793679812061815 0.295245168609933
0.642166832495719 0.94759257995239 0.308609511035813
0.973790999690279 0.407274752030187 0.0903939934200496
0.000630995147863697 0.242429597067033 2.95761011064644e-07
0.000158262746827182 9.31827618014642e-06 0.623933756017883
0.000452009368351909 0.000649715541587545 0.285823575681147
1.51965361763543e-07 2.08019633451241e-05 0.000279985420655383
2.32331688325884e-06 3.79094509662496e-12 0.00224538428171796
3.28417896143711e-14 6.21858896736902e-14 0.0434739196707676
4.28400427717596e-17 1.93377622677019e-14 0.000285461659071437
0.215949386659823 0.327517362388541 0.42273910670645
0.894449748839065 0.39385814735471 0.585712057056343
0.905941007041919 0.657446564922251 0.579900784273245
0.836084330754533 0.931562022396394 0.73054833940977
0.764446436442582 0.396099551739769 0.73004435097443
0.417345825101309 0.135238159666207 0.855175936035697
0.0246738789463456 0.102204383713806 0.112235730707174
0.963544403244046 0.667769905970336 0.675222639694784
0.290227380664197 0.00488257728950079 0.339979549024002
0.910004536268518 0.602195478601301 0.558915890900682
0.0784020292040038 0.736965872431394 0.0107389052844863
0.0873438870594899 0.256396194776467 0.194960639644373
0.696642094526935 0.857824034712711 0.719846237168772
0.314966470168715 0.213816733109451 0.796759016602371
0.596334011054473 0.847836339799373 0.593896776597953
0.499718173885153 0.370180470636524 0.109001937236698
0.571943898432725 0.379647306716995 0.9807024324373
0.00125871716165897 0.0228093282002053 0.0143797217673187
0.0718543307450361 0.0478603028509709 0.464271475203714
0.00015086346521279 0.689522506324114 1.27648480233861e-06
6.27864119766146e-08 0.796756922540739 1.38642841667585e-13
0.423820361761012 0.0507194736756978 0.559236162534809
0.000167124358120035 0.0136512295819578 0.00328715351877329
1.10883654047002e-14 0.000633434819758642 5.88310445159996e-14
0.00808009923531429 1.57390728054774e-11 0.0155516479659711
1.52163356215642e-10 1.95303348542409e-10 0.00128399201507804
6.69895701515857e-22 8.8222794866294e-11 4.03776439416279e-14
0.100325829603185 0.122863228218265 0.472010929640259
0.502113128556086 0.511359802827337 0.897239026298105
0.641657602880017 0.726482121812541 0.38103868993051
0.967787499266152 0.669694469880129 0.110594758311537
0.813152039330971 0.875173086578717 0.0502625284418011
0.0905349689743849 0.150376151554363 0.143461814136368
0.662755837290666 0.905911256405521 0.146484474036447
0.326785551839646 0.343603550915659 0.765373409300587
0.505934597804876 0.530504239650811 0.747581945073498
0.0898939916176071 0.0846081535044534 0.949325156909767
0.223877113100001 0.422250334047487 0.043076250446993
0.826671659986144 0.798276064532486 0.901570571613347
0.00731804795268343 0.00833494091809728 0.530749453105045
0.000107870380482624 0.000542923095000738 0.0329888907574591
0.754857411261955 0.82872336295912 0.564946089935491
0.00413078823817923 0.00101724426834386 0.142217766485277
0.000191734090208091 0.000161923954971595 0.815322418424244
1.36864005567898e-05 1.30577161141168e-05 0.579021991163111
0.409271614636956 0.244907136946363 0.147345788507586
0.482605756651811 0.891499702808879 0.00961904379849354
0.791583781114363 0.325856219937453 9.93456106602788e-08
6.31489600870544e-13 1.61159640379899e-12 0.131565283454322
1.73462048403485e-11 1.20652104119223e-10 0.0574145619041354
8.85044573379661e-15 1.42962927564384e-12 2.26598205849467e-09
4.0622882123099e-33 4.57821536381942e-36 0.246153805724125
1.40680095910788e-29 1.52583710621067e-27 0.000234538587264974
5.5483024949739e-37 1.28611384315692e-36 0.0512545447637265
0.901880132130974 0.684563412515665 0.575075694301487
0.64201143900962 0.982013502446912 0.229635612822419
0.47766806893475 0.210110202148512 0.354108306543077
0.35782837513827 0.20057524754136 0.628389031391857
0.0142327940131881 0.0206128516596737 0.376890886832964
0.452695930904992 0.462089032940674 0.808874253176362
0.265973474622934 0.640689044525529 0.0841948322754671
0.357074026818171 0.187184995958981 0.532125667931711
0.567944773880804 0.292076165360568 0.373615141688972
0.622254359595839 0.65584103659274 0.025620326809503
0.955058654899614 0.893194062723273 0.886119985291288
0.0564749002423396 0.0677457375719114 0.449198969472746
0.653995129499495 0.418797126038187 0.453384137078537
0.030747589644157 0.0152784462835137 0.957576904964023
0.000413165231099395 0.0174307134140115 0.00110856793798383
0.0103276648388566 0.0017617625636392 0.686660604732267
0.0336763025338704 0.0582518748771967 0.281702215929393
0.000337474074446253 0.00124935205561927 0.0998876488439436
0.0844900443729443 0.236957376545581 0.0984285786267603
0.150312253591149 0.54644872612519 3.48363008701968e-05
0.0109466496959694 0.409542943196246 7.05972922124293e-14
4.56840031970609e-08 2.04647714315776e-11 0.421424832892208
1.61853597633728e-18 5.42365334044042e-18 0.00289696302157671
1.95980942231356e-19 1.55225267025417e-12 3.53765177177832e-11
4.17865391875582e-22 5.77992650515465e-28 0.958684765811985
2.22449132643291e-18 8.11194966339239e-18 0.00314403871825582
6.03579835816873e-40 9.21688903428583e-31 2.50589584359572e-12
0.720889445057288 0.984273580771709 0.426444328995324
0.876289029264367 0.78504072234973 0.360604020731366
0.228870145040989 0.168687277482978 0.954895821251878
0.328894078776059 0.347158277464441 0.752087989917621
0.108559320152335 0.33485708207749 0.094399139913444
0.0154169169586826 0.186948585465881 0.00568681173779466
0.28302192237391 0.100175562085787 0.371786764374403
0.0299585064129034 0.0252187191698928 0.708560977672951
8.08176803332613e-05 9.95815598347636e-05 0.317915774378771
0.504466138319914 0.685452789748837 0.482606762025477
0.683574647336783 0.813694476356642 0.647080281170466
0.725954405180368 0.0341712706248163 0.000692213617697487
0.220515630284723 0.47244310506305 0.172156568802615
0.000241450019568698 0.00230259823058611 0.0288864580034418
0.0293972297803514 0.373611791112028 0.00130718271219251
0.00336122701522109 3.97636912905728e-05 0.120974322840221
1.37897037535318e-06 2.78385909124277e-06 0.149085725538277
4.54130135769711e-06 1.62514436790965e-05 0.0844736482551265
0.370089571046034 0.6389870922996 0.293201553324418
3.27632839154418e-07 0.0170659625363644 2.38616564151875e-12
1.04395877655022e-05 0.985966665934758 4.56875351842906e-22
2.47205312004023e-15 9.65864880933403e-17 0.222311406084687
3.78824057312882e-27 4.31814685595079e-24 0.000115217816265804
3.53090907643832e-36 1.28213873263432e-23 4.11375866190931e-16
2.37784091361031e-40 7.58476003267258e-53 0.549292836181421
4.01050861550058e-46 1.02370277515512e-45 0.000131409262426344
4.71196599599171e-66 3.2860957656041e-54 8.50860123899194e-15
0.792883650913273 0.681962143498228 0.994164337336625
0.292472885114183 0.204705402005492 0.0135894752991156
0.0105661864580764 0.430855324332897 0.00499060530044067
0.444594226303937 0.299256643606783 0.905815308070973
0.838667629148957 0.290891014207732 0.532562776266095
0.0129246226389474 0.242453722926225 0.0229869633238615
0.916404119997917 0.0333179903864358 0.0481895696906695
0.198075907602014 0.307108211319252 0.393828859682359
0.0491993958756615 0.243605088288072 0.105088567221815
0.172265396521054 0.200027759619298 0.468346751477456
0.135713478715306 0.906631910871258 0.0379809665638192
0.00615909414996256 0.475098951296518 1.60777721615111e-05
0.0068083034161273 0.11244180859397 0.0230331176825456
0.00122766019729782 0.134648719350819 0.00248712810816232
4.66501260642953e-06 0.222990990220583 2.37601050813114e-07
0.043308014851343 0.00733986534622486 0.652974366416851
8.23809362143495e-08 2.49930822077899e-07 0.00667717033474868
1.37004176122068e-11 0.000121852898261465 7.79732566577003e-09
0.0460578902970526 0.0452350454830401 0.335952037454597
6.34843598482086e-15 0.922757132447287 4.59794958073188e-25
8.20261491731971e-36 0.15558580893215 2.37889014394548e-72
2.54919111999962e-05 1.13214054038897e-13 0.55183744218835
1.51626519746745e-41 4.96840747190505e-22 2.23814873256229e-22
8.32549463994568e-74 9.01102424437078e-16 8.0129579939138e-71
3.55293631500096e-23 3.97529765674086e-57 0.942819877100597
2.50195174196493e-47 2.73604633805106e-43 1.50861150146086e-14
6.99236131329172e-94 4.85718283226111e-53 1.54134078666812e-47
0.978575883710705 0.91573376954841 0.461189520936118
0.898281151111615 0.896703363803198 0.232838977483172
0.15707381004542 0.152922280972474 0.918823032051944
0.70007393159423 0.481746364474004 0.133968522873475
0.378078333616441 0.507605351543137 0.267732234706292
0.990284148949063 0.954323817889236 0.826834826045636
0.206902388031418 0.166440303523642 0.656330856010068
0.0289888326324059 0.0292184395448349 0.750187820985261
0.0438063575192278 0.057976411449776 0.312075918323594
0.0611348251971155 0.0822283692281747 0.349333593990463
0.0491057152982544 0.0681427602836124 0.352291557100267
0.639273954481365 0.830048205882825 0.000960836620882189
1.81399803106896e-06 5.86631551940788e-07 0.627685933584993
1.37900847809519e-07 7.38529813011841e-08 0.909278407925647
3.14688281943835e-05 5.28354130419008e-05 0.284755721748638
1.47600238523785e-12 6.81897249916358e-14 0.251540829463491
7.31558795116318e-13 1.41477849007485e-12 0.229617500660767
1.06374841815512e-13 4.59360294035099e-13 0.067817484599608
0.0590720251301472 0.104326837873886 0.175334791720457
0.0297300263365895 0.182592270463699 2.12994910178444e-06
0.00302374249014413 0.237505158247165 1.19222057888386e-21
8.92985707718041e-60 2.01782398088218e-61 0.317947822712566
4.31907426173152e-65 1.89606402380434e-65 0.0424866221936804
2.77795825191242e-65 2.01580032423796e-56 2.50895533185725e-20
6.70692118573719e-143 3.01041854251365e-146 0.0446204396362277
5.5077447301597e-151 3.95602298326524e-153 0.012506109131348
7.81740778569388e-136 3.1031983377325e-132 5.99421549006762e-08
0.00136181496893858 0.000138682599106315 0.671355462176549
0.457990903856357 0.823345913665002 0.0236082123990985
0.746907700453554 0.875131860069399 0.272272783831133
0.443712089727117 0.339965796475977 0.847117111845117
0.0137344305950298 0.0225159240064164 0.285096611964523
0.3776802418348 0.279500670899131 0.873520842058591
0.491825235388815 0.273303305860591 0.505719973959409
0.00235477708807865 0.0193451903324502 0.023430248263868
0.0158861147388603 0.0578808687207679 0.0664760989630763
0.529895911610896 0.998623216438721 0.140102694957318
0.702600686486203 0.504221709651521 0.0217940381645068
0.0283147380953922 0.730536097945615 9.17898987421472e-06
1.01474439696886e-06 1.15710980204696e-07 0.585585182932245
4.1690566952375e-07 1.06607560196358e-06 0.0693847915182896
1.76722578827698e-07 0.000162598051239063 1.15080176781612e-05
4.33028887092416e-22 2.99922358789178e-26 0.490402569716686
1.00703707726386e-21 4.70680202989366e-20 0.000229516610553589
8.28652172891671e-23 1.19339931937106e-14 1.11917474606525e-12
0.310765455224867 0.560810045248358 0.254669756743702
0.00373869319516149 0.177156229886351 5.13034540846652e-22
2.16616434492804e-12 0.384227393485896 3.25731226517967e-77
6.34985916512358e-59 4.09742100920756e-72 0.319316531224959
4.15143188172999e-72 2.99241060634521e-56 1.60885314344138e-21
5.1616698622511e-82 2.50997335828362e-49 5.38512025580399e-54
3.04171654190567e-112 2.82916482185706e-140 0.183361315686038
2.89635739231422e-141 1.49212811691002e-147 3.08033256289871e-11
4.15991297230877e-166 2.68912887519787e-143 5.4462112425985e-34
0.482049597447498 0.643006263135429 0.512694450125775
0.570574736599562 0.473533747871092 0.870992643161097
0.771137864706325 0.859784552555159 0.762887220877595
0.2295431119394 0.202150851095923 0.883410394125662
0.571764074630245 0.973676520588353 0.187113549417771
0.513020118276707 0.465635415544473 0.982686348522422
0.0140263616618104 0.0479702017727198 0.114186436874896
0.938046185137621 0.568757590079395 0.325902214578063
0.0557287718229239 0.0534310619519949 0.668068861257139
0.814820077004056 0.490582608394193 0.061891127787331
0.00924306125429375 0.0138684883481865 0.351924931700898
0.672242472620142 0.213667599461508 0.000542098085263713
0.0157070075601044 0.101450740134238 0.0312820193388902
1.31930902540577e-06 1.71433376053041e-05 0.0259638922621971
3.08251901954523e-07 0.00121801822796649 2.2510987824722e-07
1.32961129147455e-11 3.1383157688394e-14 0.964289486461708
7.91805742687679e-11 3.86987511803024e-11 0.145457028292294
1.77994835062551e-16 3.47327657439868e-14 0.00101092767711302
0.245000611617549 0.10756625045764 0.561013419374905
1.17757692221834e-05 0.19727927254429 5.41488570192224e-14
3.580468523131e-08 0.670592208722624 6.84737669439364e-33
1.0412315528814e-27 1.38521009874832e-33 0.833613232774988
5.57704593696172e-48 1.5359058925629e-40 7.60881872311569e-10
1.18785756188643e-50 4.42516296331953e-27 2.12101796023611e-35
5.0225730946912e-81 8.7527079131121e-95 0.14872248231708
2.6898968643578e-121 5.66017412945927e-118 7.01495858907117e-11
7.82978685098884e-129 2.3109137772377e-104 2.80559820556031e-30
0.0115131475536012 0.0451952152026773 0.107641634481823
0.116194142195114 0.933478612684759 0.0440148168693745
0.417910495243254 0.637223982196503 0.503315266970596
0.0304493783617668 0.10246401738571 0.136944283004888
0.368284681272761 0.474356926370681 0.561333350244183
0.133685086807335 0.0135090501170909 0.923463254937183
0.0456079313152427 0.208326601383789 0.111232765177099
0.151789121182127 0.194562640937554 0.416258103015061
0.205348720821612 0.542886605247386 0.243995301609676
0.913617612668098 0.111442102661461 0.133246939114245
8.86066806913286e-08 0.0560664024447458 4.64911939674705e-08
6.94687089352387e-08 0.552259807254225 1.62587785692717e-14
0.00358561388767361 0.000697049934639313 0.337709037980123
1.7426350787165e-06 0.00125004105544492 0.000283897777114075
2.84845888035436e-20 0.00466456234591416 1.54819938465901e-23
1.20164842053411e-05 8.23358607900312e-12 0.956338566904894
1.9892311368069e-08 1.18766345639094e-10 0.0424550382381195
3.77542045389422e-19 8.90730193283822e-11 1.27134059534289e-10
0.444629831936365 0.815815625360061 0.414529109306701
8.29851709916083e-30 0.71046794013581 5.912235900561e-49
3.45896499410052e-62 0.118568374925107 3.24061823313788e-119
4.99055901938684e-13 2.44758755726287e-34 0.316419269917884
5.351010741066e-56 2.6142919316289e-34 1.24078661490234e-26
3.46025606174032e-129 2.91290976854717e-21 8.97353971970327e-127
3.33849216838027e-48 3.8437624484565e-115 0.896056226530069
3.97796176220123e-114 1.29969824552838e-95 1.16655023839363e-38
3.56954018418164e-201 5.33799802039842e-99 1.19440328187379e-117
0.271104555443009 0.279240451902761 0.814439906851209
0.740817138554259 0.826872088467095 0.548072589844503
0.027923031956417 0.00870660835631011 0.0659511021645075
0.0375123939599358 0.0194473176211328 0.321701249903826
0.0191813154613126 0.0293547307498869 0.267595920391443
0.771694594281257 0.795389920126629 0.850518153092308
0.671840249829819 0.754036994105826 0.554304817471505
0.206639994514366 0.161266949941278 0.622033090961485
0.00459600590534864 0.00630255639616596 0.388661115670044
0.972447750159117 0.965273291037329 0.674538155495043
0.41308819439324 0.562571817036067 0.206132668949789
0.827196136385164 0.88555384560463 0.0615477241708094
6.78411104834753e-10 5.98505930445796e-11 0.260804044012854
1.75838429142675e-08 1.84806483671457e-08 0.461344188084102
1.28908119115897e-13 3.74289959748974e-12 0.00146618455608883
1.11883124355885e-31 2.2106552689561e-33 0.928476484921681
6.15676430422374e-29 1.0012544311656e-30 0.712239853914507
2.42390984575242e-27 5.74168230890925e-27 0.0756281216885641
0.457013852318959 0.305039148199601 0.190176752400127
0.330006661934249 0.88128231394853 3.62201767322012e-09
0.0165773780467082 0.776245852415479 1.86290174364245e-27
2.61373258977487e-140 5.38155726778614e-147 0.818064479467802
2.15506027496277e-120 6.20192258390547e-114 1.64206780076182e-09
8.88156766061674e-150 3.2300207106202e-131 6.02502547109322e-28
5.65551653323704e-276 6.35224331714917e-298 0.0532407031022241
6.54111969341828e-287 1.54659189843841e-288 2.28484949997766e-05
2.23765121203422e-290 6.66255758485156e-278 5.22573283626321e-20
0.305357820107954 0.274053929220033 0.893944625671181
0.107162362798462 0.0609592541299168 0.906764573335972
0.996628424455233 0.534041151466112 0.195176482730831
0.127145200153767 0.331363850282742 0.118222755317893
0.0843006065317692 0.0931406235057851 0.555131224152502
0.0557061946103194 0.0765409229828209 0.392292918804526
0.0385711641395909 0.0633901043362378 0.300110560261386
0.000321739200817624 6.72804577538085e-06 0.348872199582066
4.63900452002385e-05 0.00166409938531076 0.00159794454599417
0.460576737025126 0.587260433852397 0.542628064645892
0.171642785890117 0.411273093979391 1.75980379080856e-06
0.0253580681835111 0.545350418090962 1.21279663490836e-11
3.94114103909101e-15 2.00922667544082e-19 0.836381771750145
3.50963779389308e-21 2.00603135289416e-13 4.74447390631485e-12
1.30068221770024e-18 4.78099658480139e-09 2.03615954408228e-17
3.12677137319889e-35 1.92821110035575e-47 0.476245139471006
1.18299000021703e-26 2.59020621660231e-25 0.00022648610242701
8.40365382943066e-39 2.7041498008253e-32 4.69406088674756e-10
0.241020200404674 0.388946270340017 0.341879872207635
1.10135158475693e-09 0.917924101976136 8.55336567322779e-46
1.6172083850859e-16 0.0475891020283097 1.87550259847659e-132
1.42978177792554e-98 6.07699961629785e-128 0.849018532553218
2.18745590070664e-149 1.33724797981215e-124 1.07738840546082e-33
6.61961749336534e-177 1.36758924601312e-105 2.10850449441657e-110
5.04543581997779e-212 3.2810345900774e-273 0.714738823918633
7.90723488430016e-276 3.82225684150519e-274 4.07338410354873e-25
2.8407930633477e-295 1.28263059224218e-242 1.62394190118193e-71
