TOT AFR EUR
0.0410207077445391 0.158524080490359 0.0861511727376781
0.545544416311527 0.738584045881068 0.0475705621895758
0.566481595748868 0.282382160278687 0.382802258718771
0.699835769588443 0.775231675213681 0.776539398946173
0.334327805564482 0.403122912280183 0.588374929640623
0.659007292427078 0.407538793355668 0.544167465275267
0.137994570762603 0.23210384273654 0.349980299630746
0.13221818669906 0.596729695019796 0.0156805751088663
0.856101269462494 0.470256262960655 0.0316874659467268
0.487920434869714 0.288957501905362 0.576501441757954
0.434965198564726 0.815175216434169 0.156423891851399
0.22703930268118 0.113893355310991 0.684316991024188
0.963154098431803 0.558833178670499 0.258007093621497
0.937707430277125 0.901015148410748 0.954995327705383
0.0415298428033064 0.103363001490862 0.207465518628357
0.0959339459319879 0.1431994859314 0.431900211385114
0.113050467198804 0.0234132010503206 0.275983141879287
0.00884407509866374 0.0391082961511978 0.0830557514629452
0.227410099085756 0.243637665659316 0.710321535601238
0.126299624742346 0.554625657091238 0.016298977554277
0.0676824625478378 0.72266188992595 1.16780170491615e-06
0.000561972056428021 1.19498140536665e-05 0.365778134530164
4.9567430413042e-05 0.000553519630964783 0.0158805998614502
2.75699951514752e-08 5.99816246911429e-06 0.000268387356108699
6.08616380885461e-07 3.20201984235937e-08 0.995410463040491
1.44650856574285e-11 1.30363073259071e-11 0.186788590642993
4.24949092252583e-16 2.28596977092874e-13 0.000793773750264437
0.652709643037583 0.822850879964363 0.688479721940747
0.360756746458467 0.793326846043235 0.332384023561725
0.361947519048327 0.81457816284945 0.293895891374346
0.375716589819204 0.805884940109545 0.170257993497724
0.813988394276698 0.578880197713334 0.890149151990891
0.235833224474184 0.162288797186401 0.740460535758877
0.471392844123625 0.489601236496739 0.67868093986383
0.494302339962437 0.900233201087746 0.311572766279938
0.512161384244612 0.0122418268988178 0.170903507663822
0.574290963355856 0.153219145008376 0.58839491322685
0.928217596569267 0.276983557101185 0.280899474747098
0.417817077707956 0.632965310118695 0.509344884947693
0.871538078122879 6.9304774077818e-05 0.00119253019631105
0.0188716810304016 0.0709668329792578 0.107064129351535
0.110972302242255 0.675582857614766 0.0790170113591793
0.546579338855229 0.638838736552024 0.254550698661866
0.00027620337086292 0.00108764206459249 0.0423704985965116
0.0521249032435371 0.205903438356589 0.125584301871104
0.582489299813719 0.939501601835951 0.512212141527702
0.00302860396756841 0.202057922368065 1.53619763507167e-06
1.59206714024504e-09 0.0730049054382346 6.20438037232692e-11
0.000138470582730726 5.58873329854553e-07 0.269872590818636
3.54817086377551e-10 0.000127951053501337 4.7241329660603e-07
3.27506840504746e-13 0.00541197042445507 1.16406161723508e-13
4.12625796389212e-06 1.56457095976776e-11 0.547105603779586
9.57068584565922e-11 2.58000556516662e-07 4.05352276623169e-05
1.01850462186833e-22 1.07872581129669e-06 2.11915908454336e-19
0.152137915009412 0.329667391320568 0.032902100988157
0.902798098245607 0.839897927627845 0.711749722318855
0.241813937389374 0.192238991814804 0.60552513633241
0.89246280628202 0.817317032974601 0.665929654930502
0.654638003029816 0.688037953063633 0.783601770849226
0.0855240233729845 0.121940179379856 0.303601752186372
0.348337482214124 0.225489303152807 0.28233957869023
0.00044018168246059 0.000373728555919423 0.829232443682928
0.671243027152934 0.798439612326954 0.397093621104083
0.98931137542681 0.752738513933647 0.0357688032306875
0.069472372321821 0.057306844444532 0.811702621665376
0.201633527421289 0.289765745135194 0.195064320803145
0.0224290535491576 0.023660913020397 0.671202867055777
0.0148821808484298 0.0150584935012482 0.709036052152905
0.0916355157723197 0.0714507275709931 0.644487484293539
0.00010715221895054 0.000133738290043506 0.376814357449519
2.76488660940423e-05 7.4778351124587e-06 0.368298343392925
2.24346516843476e-06 5.23491975387902e-06 0.110301316873344
0.776325284145651 0.636464134628415 0.437900773315123
0.27414843281204 0.358510981719563 0.311709771970156
0.116658306595785 0.274586398444014 0.00420247097925154
1.17644255231276e-11 8.80077424528509e-12 0.438933521500982
2.65670478274971e-14 8.97956340875041e-14 0.104200038315071
5.4465905142005e-16 9.25848119198769e-15 0.00703659593193294
5.96094378638172e-31 4.06751768734901e-33 0.741014849539299
3.29866647039922e-32 1.04233162353506e-33 0.938629212839411
1.84699652252778e-27 1.95963628976732e-25 0.000126344847017447
0.817508597982188 0.880519667400054 0.349569835815558
0.345040419939728 0.706492319546154 0.153702160356104
0.621362849928547 0.316023577996407 0.389190782456689
0.563004990841006 0.432304030291589 0.780378317535877
0.932203520823318 0.731308337849301 0.388837120899302
0.48823669571805 0.939491789035149 0.147050450264135
0.165912050549755 0.131584265910642 0.898769025741074
0.00278291940941018 0.00352705625399565 0.308734015436182
0.127647901911719 0.126626995724887 0.660438363706553
0.697815955081353 0.889423968627169 0.513293053252858
0.0530766704620678 0.0443759879919047 0.695988282635501
0.745343254962923 0.192660606996716 0.000310950119392616
0.0734372635174584 0.00550502335331985 0.144945415260343
0.00656517227078981 0.00672846694041724 0.407074640615891
0.034375076712839 0.273842537771166 0.00877530227751333
0.000326343606531745 0.000448440539334289 0.273894806842244
0.0486214605122194 0.0403155350490782 0.708169696060859
2.64747422833959e-07 3.68926212724427e-07 0.102062066789001
0.288132911434634 0.860084789517316 0.0180103332199719
0.609191872003063 0.173407061341045 0.000201803434906071
0.0113851362458678 0.446420655442684 6.81641728747535e-13
1.00997561524321e-07 1.9118342969633e-11 0.165342974517198
9.24681911525691e-20 6.00196863859206e-18 0.000195438148201263
1.0799103355205e-23 9.96857315221183e-14 2.57435534010736e-16
7.17218484934347e-29 1.47821327386743e-35 0.653508079548103
2.13441788210588e-27 5.65373011379167e-26 2.42349304650933e-05
1.85885452507699e-36 1.57237222356799e-34 1.04976922766667e-05
0.987074437876844 0.982505236538984 0.936497381923328
0.784657709083491 0.911579392348203 0.692750419595767
0.0271793917979439 0.206760430011122 0.00995589845100679
0.37687024130378 0.297633364677579 0.913498841520553
0.94345873481024 0.769426832755335 0.670454709565408
0.431153800263865 0.725320302711664 0.269636059562014
0.616909629487151 0.792193468745466 0.102718307434453
0.0153328831959467 0.0259664909898314 0.317774895868159
0.0117387246316098 0.0434294825607737 0.110872069572472
0.907347260175849 0.488731076062031 0.254483597988665
0.604175792203476 0.604813339128202 0.0296993731034209
0.335069775434537 0.408174721266445 0.000107369562649537
0.0639750371837068 0.0260828971326131 0.790742760819372
0.00559548865107302 0.022727396366997 0.0850621421035943
0.00707547010667491 0.102895013196162 0.0030217711740218
2.56281892902563e-06 3.98164141568173e-06 0.170529023988539
0.000139700944798584 2.15284722603227e-06 0.326055818798819
0.000963114166184058 0.0905622127536999 9.86976381405621e-05
0.23034287995227 0.51957278420244 0.159374385014119
0.000434190771409621 0.192771387277283 1.1557914118903e-07
0.0013838857261173 0.43581089373334 3.44630363996353e-18
2.71192468182126e-07 9.14327372656929e-11 0.173187649686348
4.64492676763626e-20 2.51589485903121e-17 0.000207628297991097
6.10666796749112e-29 1.42249561603556e-17 2.1413867852563e-15
8.05607219544768e-41 5.30689984657372e-49 0.404375508404582
2.73067347917768e-44 1.47832517556548e-43 0.000199951423804631
3.48561270181989e-67 1.35825593597024e-56 1.58510170176403e-13
0.229419915261954 0.226483001675174 0.561604908139362
0.362064127856526 0.191434954710071 0.946040317596066
0.469369800038533 0.656884072260043 0.554079694114246
0.136266493821658 0.0470432632612975 0.745800166834309
0.0402731669388678 0.0837860564657226 0.207267474806649
0.00984587120295483 0.00599865280390926 0.282589804641742
0.441124495499904 0.173501880974802 0.888679982117244
0.75440341193218 0.368059251555297 0.735082257664036
0.292718382381447 0.48531953665928 0.419999152805877
0.00362689904418086 0.0729654320517419 0.0178770618728374
0.0704030218424061 0.418298124026952 0.0845872492570218
0.000249898393906744 0.713664533285761 2.13553344906454e-07
0.237829088597837 0.0012183962026836 0.27428642796789
1.45028385674752e-05 0.00047394532058653 0.00364736357912358
3.63143648902223e-07 0.00678244294880788 9.55292228522678e-06
0.123592514262723 0.000146596484964523 0.229291225178529
5.6481894530781e-08 1.7090486609796e-05 0.000536370841000215
2.78490007528586e-07 0.000102528237864968 0.000522477688596791
0.0154491424423251 0.133414097009079 0.0466496889901096
8.6351272452817e-19 0.894344593775734 1.22924256860244e-30
4.68518180089385e-53 0.0952627801911581 1.72919277273595e-83
7.29551973669888e-09 1.41944637495594e-19 0.967368669965921
1.45965273732995e-39 1.32394270823251e-13 4.01407074814239e-29
4.21121913397586e-69 5.29628367857449e-10 3.10811601735682e-75
8.11905239971542e-26 8.78337844550891e-63 0.803164265640264
2.55675623049289e-71 2.48228512671438e-59 1.22619262747737e-22
1.80517760099005e-105 7.70792028741127e-44 1.02362733464147e-68
0.97289556285544 0.993831236986456 0.803320186882942
0.552595926755291 0.602052416627791 0.674266595521586
0.79788271680911 0.939590655144289 0.362903099506525
0.184737705889817 0.245926012501752 0.28989440676303
0.803945803782797 0.826062895877128 0.849429652912392
0.544820624209058 0.690095178112859 0.27844278938723
0.0277131978168427 0.0144555015495487 0.32581506713395
0.0773512895033043 0.0540233308430806 0.589248284715299
0.00362183206811307 0.00542331005446521 0.319294401338883
0.794214749638575 0.588823166743799 0.14145898636681
0.0833543523975405 0.0933889128906103 0.621075405900783
0.822700118748223 0.664160775000326 0.0036987667616945
0.00139736672696099 0.00178472077553157 0.442851932003135
2.20083012373096e-06 2.16715483051595e-05 0.00511182167883359
0.000769675883648287 0.00145015996467251 0.230233859409691
5.88459677292242e-13 2.24730889182562e-13 0.809644703247204
4.15595323526704e-20 9.846925049824e-21 0.629445068390662
1.42051970843089e-19 2.81744323624255e-18 0.00283854085854078
0.642737756897523 0.459643305743515 0.189147457047997
0.33206684477399 0.0294787755085641 2.7517135717429e-08
0.0111903477920212 0.698367935309794 4.87982601180031e-25
4.32312125962794e-60 2.65312525188145e-64 0.461114029791471
4.11477231232242e-61 4.24111275824357e-55 1.65136933570006e-10
4.57766915699838e-74 5.70928119423926e-65 8.10815144555918e-21
1.3677005371395e-139 6.87372059698032e-146 0.491568838750201
6.5021031240882e-153 2.12118993829388e-152 0.000195272705918676
1.81237059892405e-143 2.47410621864523e-139 4.95906556507361e-08
0.257382145586443 0.866017565001055 0.0142375028591856
0.441643239872098 0.520488607885113 0.626676779556513
0.267239912872857 0.286459936735832 0.6769865161103
0.685267796495855 0.737584785970322 0.792601766015339
0.401704295956474 0.440547621447475 0.702014114360794
0.329540701940033 0.583806251629329 0.247591521790324
0.00409089729734974 0.00426999715233297 0.418957226730689
0.0767853562290429 0.077769269400226 0.614584687089402
0.0185258183408375 0.0193142895304066 0.478138318023968
0.0807534983237547 0.291712818348691 0.0500235394373583
0.0128129312545633 0.393600809678422 5.74347961072807e-05
9.50561989801559e-05 0.0897562442341471 4.30678985152497e-09
0.00029245619487838 8.72556065239375e-06 0.54207132704447
2.82445097210619e-10 2.75325545284962e-07 2.65068346775587e-05
1.02877764669567e-07 1.34804857425122e-05 0.0003843277771343
1.07380156409762e-12 1.99122982624089e-15 0.716958659935899
1.35942497511309e-19 5.04725774932392e-19 0.0046892182178147
2.09016701442256e-24 1.00373372700045e-18 1.5890010674037e-08
0.365016801161158 0.235838871602866 0.730942057486091
0.000101408065079014 0.520192325845975 3.21861520657241e-15
4.56805650601304e-14 0.882197817575693 2.33115427407374e-77
4.6111283912586e-59 7.95355537285829e-79 0.592326173736694
4.39849022141514e-80 3.20343953774981e-66 8.02196130481866e-20
2.72414072058974e-99 1.10509579209317e-64 2.13349541283873e-50
1.96689470807892e-121 3.32717726271496e-165 0.191750427518792
1.60682227772031e-136 2.27188716704949e-144 3.74627329514668e-09
1.05328342826266e-158 4.87066197473224e-128 1.64404121572164e-45
0.192111204139942 0.974096399006823 0.00249356018550766
0.936189548871608 0.739406176882863 0.389349934086963
0.586932230766771 0.630121325614416 0.795105348640405
0.161870864889962 0.109794725152413 0.933586403868058
0.362269513978723 0.12216975833231 0.293120309734518
0.605130592550068 0.656666732877223 0.786686669199021
0.00843480569456872 0.000259249028658863 0.151671786570912
0.00147777890475042 0.000831853278258023 0.644779025956263
0.0818068158322677 0.0474186375038184 0.937125727421432
0.981447100580445 0.990189421772725 0.940304180323853
0.389936652114157 0.244188082027172 2.01010505404645e-05
0.169683330874585 0.366219526812701 5.80780156873355e-07
4.7439583997574e-05 0.000139324397387074 0.122815720262855
2.3718940896917e-05 2.71489074793519e-05 0.294675048729739
1.25374406923438e-07 5.3250646703459e-06 0.00566182450813908
8.45481208349549e-07 8.87937315475272e-09 0.621355090653371
6.76207690089778e-13 1.83374823967239e-14 0.398008519558221
2.51459557721927e-13 1.20197477504223e-10 0.000651899931667271
0.417954337915642 0.281936094428968 0.744132265715573
0.00266037551007722 0.601801400021124 2.15357459523857e-09
4.7264803410124e-08 0.98942350898579 6.13235833130541e-36
3.76775496679412e-38 1.50697448364237e-41 0.0536896290690717
9.38160294254051e-47 6.65162446402319e-38 1.00792656621518e-10
9.24381015102346e-57 3.85248145516812e-37 5.80080270072456e-26
1.51535193141873e-81 2.14925516127988e-104 0.583239556530495
9.01970928620229e-118 3.71894103859555e-122 7.1757855403051e-07
1.91611944958492e-111 2.25168919535743e-92 4.28713349619649e-23
0.463161060840326 0.430119804549885 0.76479329850008
0.417635941493371 0.384857011116536 0.736578095149872
0.182459448038822 0.201243974793857 0.488182359859227
0.788535949647362 0.886677165767948 0.63265334791699
0.24061633083378 0.846247453758125 0.167890387813345
0.219801131220979 0.0290539646329024 0.820824428893292
0.190855982776064 0.155656875360087 0.593299089063709
0.405977844480636 0.191696197139281 0.996615909009825
0.000374277825862576 0.0436183919740723 0.00250377190724531
0.644657618854373 0.969352783734832 0.559734681659901
0.0257587727304561 0.897838771192666 0.00194682654241975
8.62146343313899e-08 0.634655309235481 3.09953817174129e-11
0.120252849684718 0.00334910312408705 0.664367177192289
4.78364898063754e-06 0.00136967957187689 0.00075659697558698
1.20566809183045e-13 0.0653379041178138 1.20877573873884e-16
0.0170551518715171 1.08083290648856e-05 0.556678483540497
2.74207312571244e-09 2.72477235646403e-09 0.00399002959076354
2.64505810920928e-17 4.35500186256435e-06 1.80913542606854e-13
0.852432955917997 0.984994292206613 0.817293742228499
8.9349738347587e-34 0.34299510586632 7.08656242519306e-54
2.35726072772243e-82 0.513526956555636 2.79565476050126e-142
3.8764112696026e-13 6.55323447191767e-29 0.831245222663442
3.77868874947676e-66 2.52697329432879e-35 1.83525923963074e-34
2.04348925217788e-138 1.04667935673881e-20 3.11853822265331e-145
2.60513207657724e-42 2.69952679932228e-102 0.717817386845875
1.18307357770423e-110 4.11344862369305e-88 1.21518734309213e-37
2.52059427947746e-207 6.88927905882944e-94 1.31544774380413e-125
0.197359094263862 0.417131076806565 0.0103892569527793
0.0755548915809318 0.0700112356853761 0.960994230914772
0.112819183460515 0.0657378044512502 0.272742137326374
0.68102038357755 0.401863090080331 0.0337024774793232
0.193696452846223 0.214462237751792 0.637058922058087
0.0662063419021954 0.123663014845228 0.0829679033451037
0.0011732135206743 0.000882864153557553 0.997052023106498
0.000614358198605673 0.00109515536122581 0.194542216111008
0.00956062750989497 0.00812670281801152 0.954501625558778
0.534554650951701 0.641383520843531 0.372504678102668
0.411430538703642 0.825252874133565 0.000883476679980394
0.0835531629513685 0.21921418778257 0.0119467310514056
2.64232180885239e-13 6.34385038953934e-14 0.981041197574441
7.7582800574649e-15 1.38897203798337e-12 5.41926395273498e-06
4.51412165272651e-14 1.02308453694598e-11 2.6236682077055e-06
1.65241931918241e-50 5.59616643870522e-52 0.441520941938933
3.56990622947717e-38 6.26614542771189e-37 0.00507214828859568
1.76026177516851e-40 4.09318965224468e-38 0.000157999460870252
0.177275956284727 0.206396222528282 0.525518981858238
0.531819366825681 0.0998450452055599 5.85144036914756e-07
0.0085089723489142 0.99324127672858 4.98433939684631e-43
3.48261273222319e-137 3.62907534725611e-143 0.585579889177453
9.41649689641682e-123 5.82680231907431e-118 1.61425354602619e-08
1.76261169055403e-152 1.14079162780775e-133 4.83962593679566e-31
9.05612722352921e-279 2.84662253122126e-289 0.151115745946767
6.54222578404133e-300 6.00019259582951e-306 0.00307394007343343
1.48765777281703e-307 6.39357688012273e-294 3.19325160293413e-20
0.0363793830742647 0.189396675956631 0.0257917498694469
0.952555392686966 0.795782164245539 0.682619337440563
0.349176648950517 0.0786815453619214 0.146067129615506
0.398301834717745 0.383853717589214 0.852405740255953
0.0146775579367981 0.10819155520236 0.0148829713403868
0.280953578288625 0.564128874898698 0.168572383631512
0.00341548536316651 0.000407634106830561 0.640571892840391
0.0423120544474674 0.00284520984282093 0.136441946481195
0.0323373586526835 0.0289808143762613 0.613068737974213
0.276142289887685 0.484887704448028 0.253127203846422
0.495687902741727 0.582703259492493 0.00543179661462944
0.00809401453270753 0.917311958582662 2.42753299002504e-09
6.99342933166901e-10 5.07888014200117e-11 0.352454778814605
1.89714196787837e-12 3.40401905514758e-12 0.0360947465660174
6.86373706401915e-16 1.42834825195059e-08 3.75467198911977e-13
3.56335680708807e-22 3.79577382678771e-28 0.946301769139395
3.59924963953012e-26 5.71629489041362e-26 0.00199500653384771
1.17546078776738e-30 2.21067711570136e-23 1.63156137318693e-10
0.425477414095776 0.224979494126103 0.496858824938284
2.1807513299491e-11 0.849855717727401 2.86741900562315e-54
7.08858268891776e-25 0.833975900133119 3.91112377008105e-139
2.39269513796174e-107 2.55177610245299e-131 0.285322778504247
5.17605827735637e-145 1.61004507829416e-120 7.43791472554648e-34
1.07098317986118e-170 5.14444815048145e-104 1.55980659682852e-101
2.03678693735754e-213 5.48018251928854e-274 0.973414765832734
4.23762404569291e-269 1.09133126036459e-277 5.61206377866934e-20
3.89709642608845e-283 8.92265715313835e-231 2.77455783102223e-76
