TOT AFR EUR
0.0187882528339875 0.070994217421282 0.0934841702630386
0.944261021012096 0.816330591285062 0.516973780780361
0.480162320617804 0.492903024985157 0.830721114433605
0.231857194337003 0.31317124068226 0.493032232558223
0.551397502000016 0.18491295568464 0.230334478661624
0.125417958167443 0.381282301613136 0.118167650698101
0.706465132347019 0.266935806541534 0.122719152659453
0.615241531231493 0.429184632352248 0.683793240778819
0.0699130697333572 0.0811659415732059 0.507354369905872
0.312480380627133 0.420572174977603 0.480083480849608
0.634211844917946 0.234882286092152 0.168277728214205
0.302424292456963 0.917242917260708 0.00893225709760897
0.107468359706859 0.22896766903166 0.179585948452697
0.496814892122974 0.687888114670178 0.423448343591044
0.114208028087924 0.188310225666112 0.388929879577959
0.0941640240520842 0.204326313451593 0.20647301847032
0.140987222462936 0.0308331381930262 0.250885676519285
0.0365466708703075 0.0925291001610636 0.156972019343012
0.633567409358998 0.866679976302098 0.1913131145018
0.463755695362602 0.937120860523026 0.0928921628362171
0.27839874361779 0.706049540104167 0.112395332327535
0.0135446401091846 7.82146583175005e-06 0.00138712098349323
0.0119377951641668 0.0498159178956613 0.086969102038903
0.000163537389925786 0.00756608748307651 0.00420465025395876
1.54878977024764e-10 4.60009625441812e-13 0.977734855187545
5.93175892344352e-12 1.0068668779312e-10 0.0205631273948291
7.62842074227243e-18 5.29983214523529e-15 0.000141346059239359
0.315811266566725 0.80559727665272 0.250212631026844
0.0109207163545733 0.437318949999009 0.00642759024091006
0.977049253604604 0.543268406971591 0.576361782983272
0.0488752615364194 0.0955487669819677 0.22617962852354
0.964926884276439 0.510813607528461 0.538795201997777
0.338870732273906 0.82614466227204 0.295103596898693
0.148914755573035 0.840510436816116 0.0368043888854881
0.0248838068401136 0.265495458112525 0.0424861396468659
0.0403528388825832 0.0441700124748456 0.277741073262118
0.741443056738613 0.518137335494896 0.322124523790641
0.398226255325977 0.517250798433486 0.0969229805965432
0.308444251293597 0.284062883135981 0.0234206105781187
0.385355520399765 0.0609261943678568 0.61929348020764
0.288616757844251 0.928731757575774 0.191044757282391
0.000766048165824129 0.139710904779425 0.00120895255630159
0.0686286315809708 0.136345415910358 0.245166406756972
0.0387612721037304 0.000206483785325326 0.623479611285528
0.0101568236892533 0.374412728528462 0.00668702507411256
0.926587894564334 0.70772607069453 0.663228483190706
1.09020805443054e-08 0.1511640046454 2.97074712045939e-10
1.29719961679142e-14 0.0613009660742464 2.68524914808907e-19
0.0354173939397937 0.00419285728370133 0.582803802472384
7.23767356073646e-08 0.000727184124628816 1.61299286397735e-05
1.45188650237582e-19 0.00061405856719925 6.6520205916887e-21
7.34254514765161e-06 3.99150912130368e-14 0.968572673039126
8.41487153329197e-13 6.87026532803041e-09 1.20434370402625e-06
3.72695909227485e-15 2.96149674695894e-06 3.4383775967699e-11
0.0153840883777584 0.00549351982282883 0.109291446661456
0.336180034843802 0.389451574399225 0.381304288534144
0.0621584205202194 0.0962402069732546 0.254758345787642
0.57862305190075 0.396943647891878 0.205714175704162
0.305366907601328 0.376719231235505 0.358837479860006
0.806645493500302 0.897827395183474 0.0391606382889131
0.777180992215867 0.763481225148896 0.961423216865763
0.989736870702593 0.931565549258224 0.644328119168311
0.645759484830345 0.796979790862035 0.254989031905263
0.104492425547518 0.108943410638052 0.755783468302735
0.0181196389180496 0.0444208721912793 0.0294003921602739
0.104818410723288 0.10184600829487 0.880872051973641
0.311860019525048 0.306763337522898 0.947825652182249
0.516718074571417 0.508235048141865 0.986353739740893
0.0211976721046852 0.0340067558470751 0.183165343985924
6.20181781599053e-10 1.56363059794479e-09 0.130300107412473
1.73233979953141e-05 1.35498115221748e-05 0.786257705145933
0.00326482030599929 0.00382735966864852 0.54438701121212
0.72489417895623 0.71118971885097 0.951533960564266
0.0467611005892527 0.262111072464461 0.000135012324705731
0.427819266800893 0.909945617176104 6.89313474316024e-06
2.90652335517364e-12 2.59229692063181e-12 0.476995801883093
8.05757609935741e-17 1.54066930196205e-16 0.108684849587965
2.14649067329779e-15 2.42812815756488e-14 0.00531705237552164
6.22202224520491e-23 3.10261009172237e-23 0.370158364231883
1.53559429942271e-32 2.2974718874974e-32 0.0468405405940783
1.72353933826868e-28 9.64424547401114e-29 0.131359166333288
0.892954764220959 0.439141597521527 0.207721199442073
0.134119757887828 0.179669031328926 0.438463391363139
0.873128002791641 0.388436272780386 0.0367316488036822
0.328020040199772 0.321601242025799 0.773609719066918
0.942665441117543 0.788313795504812 0.440050158263159
0.000917094505313454 0.000256189759057937 0.846638542841352
0.965196209372245 0.729879461963211 0.386085625648768
0.21002362171343 0.396068733633399 0.255773917528802
0.356738003088039 0.69624430264991 0.161950380410306
0.457644947442173 0.347967045007195 0.812032850453933
0.776835888193452 0.973409271445671 0.451951357792642
0.151266822199017 0.0162296672018323 0.150585486839871
0.0753404597530053 0.00214744718619415 0.0384151843054406
0.0126975536396312 0.0850579721147555 0.0302090808999512
0.0149385853597205 0.210156167771686 0.00355313985781936
0.0213108702973228 0.00965580542215066 0.991153734328023
0.00845345818279054 0.00443396619189128 0.811306060105103
4.05356515964874e-06 5.82539197126701e-06 0.153512114893155
0.619041387263587 0.413931856154951 0.513259444248078
0.0593317869394216 0.914249294781187 2.48613600498576e-07
0.135742586461283 0.0127946392247891 5.16629955043632e-17
1.15683982121314e-12 1.5409057733412e-16 0.86253005600979
6.86765639614559e-19 3.32652103628874e-15 2.10371333439393e-06
9.46540400755017e-27 2.27644047508547e-18 9.7677266959686e-14
4.98273807559247e-23 7.2891638397585e-33 0.185337240056211
3.25628185349879e-26 2.60527587845748e-29 0.0457796276724523
2.37350675054823e-25 1.2643038355049e-20 7.86724436255254e-09
0.590213424799556 0.344796012568032 0.522882704454226
0.826153644284442 0.797665294239886 0.986139845888143
0.548658870550984 0.458482147845729 0.896369332440607
0.777870634726223 0.965197889860688 0.469583150409877
0.179492805867021 0.0576716620155869 0.425409175003625
0.389396804937242 0.579608220701116 0.401933467890027
0.402496315643686 0.194755044638182 0.467046597400618
0.102849555326248 0.04119813656046 0.666239944442093
0.708037268660571 0.837396739773206 0.673368639716944
0.0383836356678894 0.0175586427954822 0.882691916293153
0.753931698669195 0.880741902915412 0.679139355014774
0.100182677909949 0.871598619186971 5.42802906908838e-05
0.004035415129786 0.011390200380836 0.16471643824465
0.0988963824695015 0.0697129131742158 0.929154974882846
0.00953359707081062 0.146952833759238 0.00314817785928043
0.0130871999116643 0.00796281415679235 0.799478503133835
0.00651627336511583 0.0285869489761978 0.0763489563094987
1.44558928948409e-05 4.87376329894816e-05 0.115696072002354
0.323171740040279 0.423848147412043 0.520920139026572
0.0500419202608591 0.756353838651223 0.000102536655390053
0.00207767949367062 0.425564121955757 1.07641782498459e-17
5.17848868344231e-17 1.42911259257625e-20 0.837040468943491
2.69965128178535e-25 2.17555631908812e-22 6.35664831028205e-05
4.95899601487984e-27 2.5042685265513e-15 2.18426714005691e-17
3.89729926260258e-47 1.04576604043188e-57 0.838399860021912
1.17831906993522e-62 2.58526789211897e-60 1.12646797211753e-06
2.05001670034316e-61 1.05654254777441e-49 7.72593886728027e-15
0.54743429198303 0.939634307650706 0.462513624313474
0.0636823896467823 0.0210495902968341 0.597614671648156
0.00158752266670252 0.0195227193695518 0.0260234749000617
0.603550673320658 0.916437240654917 0.430191275195115
0.403165201727688 0.902614505578258 0.218315740100233
0.17258926988994 0.836183461233245 0.0500970810891564
0.292930244329057 0.674021202111671 0.0811273967461051
0.0102229789716113 0.0127475310641823 0.204662110453846
0.000824292234000225 0.0207074812659941 0.0133692241901057
0.281088859438655 0.051825469329265 0.830047606381499
9.73467719582628e-05 0.0199842440731135 0.0010597994409088
4.78501139994559e-05 0.597280276692269 7.87392325187326e-07
0.804625606427456 0.252805411842798 0.528322888596429
0.15302256041167 0.262019981931762 0.351909829076638
2.06998019349318e-05 0.538130723143879 2.51855815762702e-07
0.0292902672513238 6.25368205881564e-09 0.0586268718212971
1.29874230428355e-09 3.84487152038387e-05 5.87077279154358e-06
4.94628002488409e-14 1.34423423182916e-06 3.79379266393291e-09
0.529728619294361 0.360714695358834 0.944200963403528
4.73331968834003e-11 0.62621156588526 2.87486861954287e-17
3.00971789044793e-37 0.698078662729206 5.89375237214103e-68
2.56232105751724e-07 3.68998844955245e-16 0.776589643594408
4.30655505181342e-34 3.82248762931874e-10 4.69866622430076e-28
7.71561860392651e-58 1.64655988738814e-09 1.21090909144683e-59
5.99248660817868e-18 9.48970829191867e-47 0.509082955790242
1.17089354311513e-63 3.70518727791449e-50 8.53151819994902e-24
2.73773811052366e-101 1.33658219839243e-52 4.36472100983831e-56
0.905690078509034 0.790049015035815 0.533755295444187
0.890744357629534 0.69449407786747 0.174673806589857
0.892509601915829 0.613336549118367 0.0818393390954807
0.323170253001811 0.426217600717694 0.317571816755206
0.837844671203188 0.864861276899342 0.855708812295306
0.111790338734116 0.157584777940548 0.245057927160312
0.0201129563700415 0.0542441796139246 0.0292757047193071
0.00528796225895839 0.00245700637084932 0.464081173399796
0.434449960621698 0.482924037640913 0.64336064323581
0.439911324924257 0.530053810347666 0.372955402608673
0.711717807556436 0.761595715500216 0.670083378085482
0.333875595479332 0.705067365747191 0.00260024496681341
2.06346239524989e-08 4.67516535698832e-09 0.64198039370232
5.55854897103437e-08 3.36060939962143e-07 0.0239207609095942
0.000500490636116443 0.000972647816953178 0.15252958223468
3.72716053171173e-16 4.89463731640732e-16 0.191378290104879
1.81427521563156e-17 2.80837265515533e-16 0.00571344692368923
3.07367284971209e-14 4.10593269204846e-14 0.195895039203922
0.2317439334841 0.210878251816237 0.891885160313155
0.129598114793415 0.625724171604172 1.9554893692246e-08
0.0187280884978146 0.973764588639308 2.95561605596852e-28
6.36900396043918e-55 8.1389440796594e-60 0.176849865690209
2.29982660769773e-78 6.03334809951951e-80 0.147138440626378
6.92041838683803e-68 2.09406887756628e-59 5.0194136967589e-15
8.55674201009644e-137 6.30178741014486e-139 0.0341319966509108
9.65129773728916e-147 9.20999505557086e-146 2.47218355830859e-05
9.72668965076398e-143 4.15996396632555e-137 4.05054452308659e-10
0.316682073822386 0.916316079049782 0.0328535753819459
0.98001666156193 0.954198664957951 0.857354908315715
0.995497475116434 0.841296674789243 0.64137580563066
0.137433882982701 0.0597084458826447 0.689002378107088
0.00190332528881586 0.0132107020139452 0.0285307329927294
0.0127452456386771 0.0100196066198544 0.601433859044073
0.0568420120750727 0.0825321066630093 0.378673207540444
0.095940929879725 0.328172339980742 0.0556754335311216
0.0376168273087237 0.0601793958147882 0.307658351035064
0.190935778394076 0.251649968388123 0.489647052223581
0.011072377875567 0.350729453018729 2.27553614240119e-05
0.153010268974663 0.587858242790913 4.54274426861356e-06
0.0070930040425249 0.000529310234375084 0.39273059633837
3.67464740992106e-06 0.000151198928144948 0.00300991223570803
1.54390486805568e-09 7.97315782537005e-05 2.23614754195395e-09
4.22490651936257e-07 1.07294873933464e-10 0.142698288568863
5.75511734850752e-12 1.36097815007697e-11 0.0231960174262398
6.35828704702232e-21 3.70579607849887e-16 4.38181885939914e-08
0.736167612293076 0.465854729417509 0.454877033728025
1.96672843331562e-06 0.448649522341682 6.16760508496861e-24
1.15924562340153e-19 0.100949755423053 1.8147016915349e-79
6.20572289107644e-56 4.30849649833688e-73 0.78847208383811
5.13503533289371e-87 3.23795205788539e-71 5.96787958777853e-23
4.98561364618992e-102 2.03338088015416e-59 2.39933181050032e-66
1.41620264243742e-113 6.95510081517588e-162 0.051798507999481
3.5399257751787e-121 2.06644074707162e-128 1.32174897021614e-08
1.32633604025689e-153 1.04396916210368e-126 8.68160288020798e-40
0.066238952804338 0.0376944807826631 0.959022207243317
0.161716402665794 0.253064125020854 0.389684207734281
0.977764553316566 0.623983886565135 0.301855439072888
0.723825990949609 0.622327048211168 0.854790012710844
0.0476856890900891 0.105218283423291 0.220965575152951
0.926530957322942 0.649990794374856 0.259165958637042
0.0288428972510389 0.0102707222611765 0.815098574017036
0.170320190765828 0.096204835204256 0.780098455782851
0.00231818056161404 0.00338193271613248 0.312644683466221
0.888626409711297 0.921229528042526 0.595532778079368
0.300048813776471 0.296594912027958 0.811287142841998
0.287708782182209 0.525410386104002 0.000263930863509809
0.011795295833249 0.00541034314771136 0.925654734531989
4.18837489784606e-06 6.65426604439604e-05 0.0194985548888857
0.000686151462696237 0.0078178984106658 0.0203614140840128
5.89540112638495e-12 2.75193764073941e-15 0.740156592854439
9.28945430507453e-07 2.28229830766844e-05 0.0109127168508755
1.34130234337245e-07 4.21847158866806e-06 0.00674569105829589
0.928339410622306 0.641443768467048 0.469810087098755
0.122526292501327 0.0789789354517528 1.05347073849016e-12
1.23248499978224e-09 0.921239912469905 2.06024271932564e-48
5.24039248972977e-23 1.74099028269595e-30 0.487239527839426
2.81325470935345e-45 1.49393755543394e-40 3.12128803643575e-07
4.15227254031932e-43 6.30366907287134e-25 8.26411920413485e-26
1.85966181706253e-78 4.32978853125405e-104 0.334119727295784
2.07660236039589e-111 9.28247336536919e-111 6.54149938956787e-09
7.68117671441407e-126 1.32911976023446e-99 2.96446754739961e-31
0.587715739734918 0.528948001785914 0.210332323620613
0.495802317694836 0.706676043935587 0.558883796931599
0.00608481997199764 0.25821030728807 0.0073032387577382
0.730473965988852 0.305518964418771 0.664961490851758
0.0180566191589954 0.40373697100266 0.0142981934455278
0.81803641512904 0.832083371790195 0.623801144180215
0.223102435560613 0.936867938904908 0.0896122703369174
0.0562341680805602 0.205377322632109 0.1433694371252
0.189256104668206 0.229259695936912 0.458064014374037
0.949263057861395 0.835501100820712 0.92467396796756
0.000160553582321531 0.534487808722714 5.94506998948832e-06
5.4088148030509e-07 0.868813873802905 5.31817737321163e-11
0.550250379204397 0.274533804215076 0.078922262939901
1.71988570041155e-05 0.537505775688559 1.81678677839869e-07
2.60946137786351e-14 0.0309498739094121 4.98254540079369e-17
1.81200235170868e-08 1.79855388411361e-12 0.157732325141327
3.25909509393927e-08 5.47824816853305e-09 0.0173124956589329
1.44963891392917e-17 2.68145725267903e-10 2.00881478787368e-09
0.723951604942054 0.255808246544685 0.607799341046309
2.25137586881211e-19 0.912613762371277 5.6149414268653e-34
3.52314571672326e-79 0.598570178646666 6.57821328677301e-138
4.27765025788748e-13 7.94417931915563e-31 0.701053957419398
1.14111016086118e-73 1.19617608565117e-34 1.63635269400068e-43
3.917239390316e-115 1.26925507521771e-20 5.72029107071871e-112
3.10931470766042e-58 1.2549601868421e-124 0.102517714811038
9.10786204937809e-109 5.08405587438229e-86 4.54086869411912e-38
7.48018298810962e-216 3.08161574451623e-100 6.46607552534195e-125
0.071925569734369 0.0767563207437684 0.688218509293141
0.184103974579024 0.208313079546921 0.594423975432748
0.936708415892106 0.688693036885341 0.0206845496255898
0.0836175150604386 0.101469955808219 0.467558200040251
0.0155658724614351 0.0180740833741472 0.554124886614337
0.00495198525769224 0.0158114195968305 0.0186119642888331
0.478734373420184 0.327096984562942 0.186763061052954
0.000312172028338463 0.00057757221824458 0.204630071691316
0.0124232432054743 0.0189196700846315 0.271603494481575
0.217820764119278 0.2666434610308 0.483611181076948
0.186110294994878 0.0820834759048622 0.0424206676795706
0.276434386496771 0.923476296592904 2.65737804154221e-06
1.86669859855528e-08 1.56833244261723e-09 0.191936391306736
3.15319875182779e-12 3.13835635832591e-11 0.00775912770941679
2.44931343402652e-09 3.7695314455984e-09 0.23779677492842
6.43313928472454e-30 7.26718020105604e-32 0.637701867194381
5.05177587058227e-42 1.03160271896137e-41 0.0378491992576195
6.82505365494596e-43 1.22632166806342e-41 0.00254433566441935
0.0293474647888005 0.0657035740933718 0.0514393176570651
0.308770226827159 0.92429583162736 7.73124388062798e-07
0.000392619647944163 0.262445572383344 2.78543866828186e-32
5.75417688688546e-129 1.39639701894538e-135 0.910611128697059
1.38821070135747e-101 3.84443847830522e-96 9.75778427517231e-10
4.3556044310615e-155 1.06234766441194e-139 5.66242493543175e-28
1.27244761425663e-264 6.60043007270174e-282 0.561164191627521
1.30949898953407e-269 3.85767069962313e-277 0.033718172542951
4.67922412934022e-311 4.57430815605163e-300 5.35338545913894e-16
0.382042728288663 0.736816261624449 0.176561321541103
0.978117736199265 0.566680469912169 0.26723467353466
0.590648150962016 0.678133946777554 0.0312136932934165
0.593007137791326 0.33122748034455 0.436154692754347
0.336926447583745 0.410582347052497 0.582894936928431
0.935170066673115 0.720401378408492 0.583784490088043
0.202764801902648 0.162149949228606 0.927115229842656
0.00489874225106563 0.000433603445646768 0.459907193763202
2.6257552248077e-08 1.09020679590948e-08 0.21900606341546
0.955859034302083 0.98141562162344 0.860520284335991
0.00353683011891544 0.151666279353484 9.1176160353502e-05
5.32381480219015e-06 0.171469299107676 3.20258629734564e-15
1.6388994942732e-14 1.72245519306311e-15 0.103686411232726
8.04306046603321e-13 2.62314796080768e-09 3.49008733424905e-06
4.38693475594339e-24 2.15150057543655e-15 9.60434821435903e-14
3.00203057162859e-21 3.760879999254e-25 0.413760263789216
1.20976985540482e-26 4.33572919360014e-27 0.00696323130275591
1.23093193511962e-40 3.83407088808426e-34 3.10395202694934e-10
0.301109138748733 0.0829833732448732 0.219154898994076
3.56636738876718e-08 0.457329041887138 8.70796295107827e-48
4.06706304465876e-23 0.911216632809544 8.89334552437578e-128
4.10602160157009e-101 5.40073556148738e-140 0.0709010643411541
5.92220192304484e-178 1.3241794856588e-155 2.41867153178011e-34
5.24210265033213e-162 3.889407519381e-87 1.18465637793815e-123
2.10479693276119e-194 1.7783033480603e-255 0.75390161731397
1.02523431138176e-299 3.4402728736749e-301 1.20381112060401e-27
3.3194249829126e-295 3.09234376472777e-241 1.41997872376936e-75
