TOT AFR EUR
0.430413172209934 0.468456629018023 0.742316914328306
0.700712017960533 0.569741956172531 0.779237390532362
0.103367722211158 0.549032819034832 0.0178186759133237
0.858030739641994 0.68759923412822 0.680180249869612
0.491915936547456 0.865352118364452 0.236047047673077
0.703284201882177 0.780873422812656 0.748688804758247
0.886243844632238 0.556212162137283 0.130890890276291
0.662884056268052 0.824788415896637 0.587268348455406
0.939516321931977 0.534752091499797 0.174662700695531
0.432182267674027 0.673254897561715 0.391728442190255
0.409960419645697 0.573403219071078 0.486829236752292
0.36153422928405 0.190058375741388 0.58293013043671
0.438418066623959 0.289114776275882 0.68764137799316
0.00039857388230212 0.00535257987784583 0.0169670416737116
0.130801811557855 0.505142532000581 0.0640225169742619
0.187568759766748 0.254498700510893 0.490809321574222
0.00378109057925663 0.00086642210873887 0.89257908198378
1.20662792308131e-05 0.00198449302188286 0.000296650175136713
0.676607631499592 0.735757333644135 0.77968360344629
0.0436044947213136 0.20731474963097 0.0339710323317003
0.0395155518094144 0.988809162111128 7.42317122820626e-06
2.19549927690962e-06 1.57240986031856e-05 0.0406389850433573
3.92018391514706e-06 0.000197486242626189 0.00674622421419781
2.30089008093898e-06 0.00061527459778345 0.000207554273654105
1.43203357085907e-08 1.7334268319609e-09 0.481817792054544
1.64351202905924e-10 1.16904237185348e-10 0.164955638581821
4.52026774395531e-16 1.24060401434893e-14 0.0133078964445094
0.441966530216515 0.53516844832631 0.615742530767094
0.0697713837322025 0.152297539070056 0.271452660537421
0.168742442667853 0.879178068585344 0.044588887636371
0.602677737113234 0.748683117998503 0.343841260736827
0.673473015486632 0.884984496237784 0.502559487336417
0.730244998838405 0.42637885395173 0.81632074946406
0.617970650380172 0.630277701023484 0.815925499006184
0.000590604414645238 0.0722453868999958 0.00273954811585561
0.663162367024639 0.479296209639855 0.977838921466878
0.643345011775557 0.71717722968347 0.749839386425399
0.0524587642634136 0.0522300477005632 0.362322892492585
0.0108159008078247 0.718766411855227 0.00179356141043108
0.68717305954706 0.114826743026631 0.0499972250467995
0.000453588977828384 0.0287050061290238 0.00523108362922718
0.0544470866115793 0.196439651289142 0.141135581256562
0.0807606291488097 0.0333293507852931 0.565641089390588
0.615895828782244 0.736268131340141 0.707601667372976
4.01232852874701e-05 0.041000226656879 0.000103900966755321
0.151200927599927 0.438426310979238 0.208985159283162
0.0121040094538009 0.712158934385628 0.000175910758639607
1.03469963736799e-10 0.407972356915752 4.85733826806468e-21
0.0394073552745302 0.00335797835635784 0.759987121980629
1.59569540939118e-05 0.0944293978361309 2.38610588466403e-05
2.32821315640711e-10 0.340072135236864 5.36555267476804e-14
1.08339258289509e-05 9.36009837805235e-13 0.671395467974353
1.63476154398878e-12 1.07425678184314e-10 3.20054688908573e-05
1.61037038080059e-26 6.46057650642667e-14 5.54341403870489e-16
0.196134216818174 0.402628937740927 0.010706997396387
0.490433527273944 0.431798731093257 0.725326522071932
0.213711191504421 0.193712517700883 0.897904766008198
0.00365570280166603 0.00605500135381065 0.200533941996672
0.114610567421168 0.176212233836211 0.209406968966753
0.0862403354332141 0.15097377292511 0.192779655156553
0.0824250500405087 0.0339276817765164 0.0698826633639704
0.683569388348801 0.804336294442854 0.410958343702494
0.0895082545980649 0.103617285230709 0.391251468248368
0.11164610149521 0.11013827136691 0.865340766093961
0.833538525491824 0.767723741499573 0.666352589336167
0.885016646625267 0.99182995361606 0.449468082179017
0.111836747352778 0.126173415913488 0.627579667174278
0.0365001219617181 0.0462273934688363 0.470031965224551
0.0425796625545692 0.115396856451634 0.0146907288455946
8.86568395835611e-07 4.26414239582951e-07 0.974083352265864
1.65316049870945e-05 1.79424980264692e-05 0.591761206119058
4.75750194494321e-06 9.81724292199374e-06 0.163120138974928
0.141626772643137 0.128012144351572 0.910547141662581
0.467937076868448 0.86194437561991 0.00122349637820882
0.290636827966429 0.544998460900967 0.0156089218567959
2.35377604468678e-07 1.92262120836613e-07 0.622088035491897
2.70982129428683e-14 3.89364450274288e-14 0.231781838480842
2.36872899616385e-16 1.79659618831845e-15 0.00742559151374089
1.18744673238653e-30 5.56321271471573e-33 0.471182197425974
2.09257740805518e-32 8.24754856933611e-32 0.0274171740679252
7.35906028841551e-38 3.76433444530132e-38 0.108079457447005
0.859733786439966 0.916060217283011 0.534648012449267
0.954666175252525 0.937507385310574 0.975851815407131
0.667751711032548 0.835486746091016 0.55458934146528
0.972172054113365 0.267428864322093 0.00701087224338349
0.515602922261191 0.382258571663083 0.781399835077611
0.0133993679813318 0.0382580342943357 0.124901191606608
0.803392405597645 0.481157982324051 0.381997976438383
0.864958180406893 0.747222045642779 0.771355258795214
0.576258702611859 0.9209737367239 0.273111993324583
0.0411688048349217 0.0744433744947069 0.270148641363606
0.224175055845247 0.208804509695144 0.808756301252836
0.211657333558446 0.893769205863066 0.00223008453923921
0.0377004440598211 0.00461062417035779 0.403241975206887
0.0445758351361358 0.0710939585557783 0.383135789724352
0.00209472225198978 0.137261330738241 2.87266276690419e-05
0.0582370295131617 0.0234367986591865 0.843581742793398
4.42602971629509e-05 0.000282529757672778 0.0337149897622277
1.99791617361547e-06 3.06564328469065e-05 0.0123388786057122
0.974754208677417 0.527278252441219 0.162635875545558
0.0798743119121449 0.936981217009469 4.220914883366e-05
0.00019308765322178 0.795898093717145 3.19409854629719e-20
5.52368583976415e-10 7.38727423572028e-15 0.256675935018657
6.38367981619519e-18 7.35010050317396e-16 0.000559105851989072
6.71726985145033e-15 1.55189583794597e-06 8.5678160179645e-18
1.07714364795176e-21 1.34282614206697e-26 0.604905756876235
9.69243982045157e-35 5.36907790808493e-34 3.87033931330937e-05
3.81818355313888e-27 9.62270330602855e-26 0.000131878047943821
0.948485950089705 0.38975561268235 0.105228741442545
0.766103395620736 0.909627533298479 0.365293329294115
0.430898419760643 0.974579487470972 0.0728804188779911
0.24407833058306 0.913427532369686 0.0213523613760049
0.750235605813511 0.340047634255712 0.208201969716242
0.260841928425879 0.0469084071529258 0.149855370141859
0.906179606369636 0.738432696773206 0.696758310301855
0.25949599938424 0.232859478470314 0.891567557617544
0.590524427076001 0.641806392905841 0.786912225006338
0.469987379456931 0.6115935066938 0.549597532456731
0.0556349751481708 0.386307526532605 0.0114535642896416
0.672130974245761 0.457020641428943 0.0145393003751427
0.0116365161336163 0.00432594120195974 0.971449992420745
0.10042894131709 0.130906756433506 0.494993487819167
0.0286376254804339 0.0578165297334113 0.261888197018002
0.00779926415395452 0.000485563648271465 0.29649148248461
1.65918627540302e-06 3.58346392562193e-06 0.146016354373116
1.05204226750102e-09 2.31139652083816e-08 0.0103318954272027
0.013764264701708 0.0106494188671286 0.681447384372273
0.23579481986527 0.0102028834162109 0.00690847323481634
1.39995988650843e-05 0.627725915644726 1.41633150071469e-17
1.43530997286521e-15 2.89922556961371e-19 0.988159809459108
4.04798814379517e-28 4.39556487471778e-24 4.47147678923588e-06
4.36436597792231e-22 8.73065053873289e-13 3.81111030499788e-14
9.16868951633829e-47 8.27284928150212e-54 0.157613519792194
7.49543033798363e-55 3.42519494537924e-55 0.000139472521402651
7.53424527784398e-77 1.57984069509257e-65 2.68239156173684e-15
0.299053499960978 0.060920202371232 0.844228795349837
0.602446183655048 0.751827332209235 0.671151161486966
0.634750825793917 0.859547631802032 0.628495268335793
0.220199454131953 0.83768602105981 0.145560120854885
0.0906381415920193 0.116295797527322 0.35466155993388
0.0754971056017356 0.495674223066175 0.0767649953872413
0.227803913533041 0.64191460746386 0.223986282288086
0.107127188037781 0.104932926257363 0.444677901454877
0.0112726475728212 0.00481644611283172 0.333429574154146
0.531953124127789 0.113932607800528 0.618184092821066
0.00799522166775132 0.467587240670387 0.00331314070397552
0.0151568252376975 0.764980491736686 0.000528346970153638
0.299202154316179 0.261517084474715 0.675112170365165
0.00446705545055099 0.00857662938018208 0.120809053102466
2.48371654238142e-08 0.0804062541722376 2.01534370808529e-09
0.0289969307636717 0.000654925437689168 0.883952692540942
3.07042601551789e-06 1.00198472466981e-08 0.138268940421247
1.23295418672363e-08 4.15473965735126e-05 5.72780222730797e-05
0.030713025760082 0.269310071472566 0.0535432795037817
2.12750549042062e-14 0.298920816047337 1.22689031708326e-29
2.48152077392967e-42 0.678899141364225 7.80438752891785e-77
3.30805201535777e-11 1.57760344517966e-19 0.237227812685869
2.17370005193267e-24 1.12870990477127e-06 1.92337180886368e-21
1.67030346175492e-59 1.33920800773439e-13 2.20423449201359e-54
2.08639856093484e-19 4.59445264853554e-53 0.207127385631306
5.88650199512263e-52 2.47864302923632e-43 4.53569009358517e-18
1.92440774158061e-88 1.75034118881655e-43 7.2576498606343e-52
0.00850435945642952 0.0141259192854017 0.183903701615297
0.961326344586611 0.939905537681456 0.906627352296028
0.556582960122012 0.871627451981466 0.0279686582391279
0.0616499188900986 0.0570900970534831 0.949718726980704
0.00579025087382004 0.00618356670742531 0.629525276719677
0.0695527091202286 0.0513219795012456 0.683446431258768
0.0128999113652971 0.00836034627946787 0.626649553909337
0.065069806286351 0.0466497365894479 0.613322760917776
0.0308971763214973 0.0619219320134686 0.0779862878250853
0.446830020514278 0.467717382690662 0.797609218474306
0.636171367516359 0.603459938863089 0.85961529125263
0.335569132049895 0.680947582534556 0.00270909092590723
1.8267067611843e-06 1.73031301938952e-06 0.59752660923094
1.66675985913034e-07 4.57503000234545e-07 0.109970156839556
2.51186414613807e-08 4.0397498341471e-08 0.226934284880684
1.69944341996281e-13 4.176173992915e-14 0.985225462933106
3.5697451311133e-17 4.99956118779633e-17 0.205471478963332
3.27293189259467e-26 2.14278616385474e-26 0.236017094657151
0.491668488012916 0.340239960803567 0.204541799428659
0.71472628278054 0.502582367549241 3.70385159404338e-08
0.295344538752997 0.58865903598353 7.76970883956265e-17
1.3063987568909e-55 3.07597723098085e-58 0.816775863773142
2.87602593936657e-63 1.18421749567481e-58 3.51962478266164e-07
9.55936582851064e-69 1.45037624667405e-62 9.68029879083963e-09
2.54824430184732e-138 5.76286517614592e-146 0.851099549698748
2.5410424253086e-136 2.00502633814989e-137 0.00323949059955374
1.32630061699275e-154 1.82348499824204e-149 3.75018811230917e-09
0.301810198333695 0.39331345942279 0.504964527985175
0.149945267117966 0.0768527485266516 0.786967541433127
0.165700334095741 0.0732803107139112 0.670386330868659
0.0734129501030198 0.0459328248146279 0.955167089442137
0.0145814040062625 0.0163243889535179 0.441570662929278
0.493745159659978 0.573251433419397 0.00286344533833605
0.0587666625198776 0.029054819010169 0.935740893555843
0.00120213984600542 0.0135865049330586 0.0106812519977167
0.882241242212012 0.896023964621387 0.937387401695883
0.621967748798841 0.1512228593711 0.0674950081326798
0.0657128652689039 0.616288319215298 0.00108077391658322
0.165109027739383 0.412518793749007 2.11350643010218e-07
5.00894290574881e-06 4.81532379947683e-07 0.803340908384154
7.2822297250809e-11 5.239124603645e-08 5.07594270962455e-05
2.761206537984e-09 5.35234379043965e-06 2.28714812687131e-06
6.9343322233221e-13 1.01726020870933e-14 0.489409412698399
2.57222975789655e-19 3.59039313780048e-19 0.00829513767994492
1.29549882451085e-25 2.17684420567621e-19 2.35385799908233e-10
0.207065242584663 0.0993735360181443 0.628247895398731
0.0029638030447558 0.309978122440409 4.7562764342721e-22
9.85381899835066e-14 0.707544553640319 7.29609696577132e-76
2.51863234438436e-57 2.096479091502e-73 0.870822068353645
6.25608765229735e-74 1.95467612039366e-64 2.55568446362359e-16
8.61902682592602e-86 7.3048079182581e-53 2.17042474186461e-53
1.07070758951551e-108 4.46142579864979e-150 0.132159031573862
3.66234416556128e-129 7.78343814780284e-127 2.03978659285528e-15
2.33444111766416e-145 9.90276760487416e-124 1.88853558287563e-32
0.866353279738579 0.899783596390324 0.898214051073793
0.650757581590199 0.622032200773597 0.970905223113194
0.309378417274013 0.200223501905036 0.782164411605415
0.259030969115253 0.207485933669201 0.981100706787638
0.631077742184152 0.906843741993965 0.409762207323905
0.118528849721567 0.510846870818696 0.0272260460895299
0.154494115841585 0.0758136422447781 0.715574309206411
0.0370205695962961 0.0564603570039961 0.395523512253079
0.123599144169592 0.421456627811418 0.0648649432128696
0.90857572643018 0.697811080653173 0.605830407740995
0.0177008614306079 0.149990391733809 0.0158912033497113
0.0198929526580649 0.167780599036327 0.0108127486149279
0.00314657743190171 0.00512923611812445 0.301425198297749
4.02561501423201e-06 0.000112959345886437 0.00736306509335422
3.94114764517691e-08 0.0005456077239953 6.02969424935185e-08
1.71751734038063e-05 5.85251992794629e-08 0.218588710218045
1.67396683999945e-10 1.75627627658009e-12 0.835366217990623
9.57565835862333e-09 6.74316846720999e-06 8.48028505965426e-05
0.839758950028624 0.524846568011488 0.412557320789674
1.83678338659508e-06 0.114058588211146 3.66456783999116e-14
1.49435166255134e-06 0.502894727981652 3.01975500431597e-32
2.75414024303368e-25 3.22619362745751e-32 0.709174034396537
6.71107620207074e-40 3.408370786216e-28 1.23325117049505e-15
8.1105780714105e-58 1.81835227873285e-38 6.75664833450243e-24
1.46461578470565e-89 4.25380502198908e-118 0.279091255109274
1.67356407420855e-125 6.66102799672995e-121 3.8002492394218e-12
4.02286323539648e-125 4.91096459235243e-108 2.20481176780569e-21
0.764781086880615 0.317492203644167 0.640967714513365
0.648703844094072 0.956642085947483 0.573278313777526
0.0462473373449607 0.531607131930317 0.0323041250226687
0.909208394777875 0.23380024406737 0.378685922623401
0.603148410385408 0.571333184889084 0.248325460940452
0.161632664100618 0.0415162477971739 0.902645466265921
0.183298214608638 0.276042890435745 0.407924831379018
0.0432977740309483 0.0993665951047668 0.194978174908872
0.0131261908479629 0.0345327252613858 0.139014594893723
0.931383880771493 0.0159908326191106 0.0545569799306746
0.00251879766532105 0.815296814675499 0.000127418519100107
6.53198646467734e-10 0.144400306603245 3.85976168527563e-12
0.0499882500668156 0.00147264491791744 0.898595389136844
0.000653486119486507 0.0188496572984554 0.0104641884569418
1.6253983187777e-08 0.0116232187984191 9.17334250156605e-08
1.61992964508308e-09 1.92937123963752e-13 0.0680450200089438
8.03942484584586e-09 6.73059970837979e-05 1.66220753012402e-05
1.93418250942781e-18 9.17486161672521e-13 1.56964370792741e-08
0.144575122086285 0.508336607550258 0.165109444734655
2.13664205992548e-35 0.896719070709268 3.63085330855268e-61
8.48845289148324e-92 0.243246487616137 9.00792395811778e-150
1.2398840960182e-16 4.21580191949832e-38 0.961425691110178
5.07954233551083e-72 1.08090751082518e-30 4.95398929041058e-46
1.45638609017063e-139 2.10362398908648e-31 1.73088113583761e-122
5.79465465585795e-46 1.18777333308694e-108 0.887332416859571
3.57402461439035e-121 1.4426699524379e-105 3.39450570325581e-36
4.31249697940875e-191 8.65767229580952e-104 7.84713460641952e-99
0.428021731712631 0.359365017637403 0.587072551460537
0.794660873572932 0.847069287613528 0.721811172468943
0.868674058868702 0.767769747596759 0.505837263468966
0.322764869178759 0.265067471861786 0.5724797072769
0.0161018693850258 0.00916045030275302 0.471395373158174
0.0865654623319499 0.0982973490024714 0.608695016782941
0.0918602035583008 0.0574762642066592 0.411372602377276
0.0551418682277758 0.0677145080319236 0.489131338011753
0.000328871427728407 0.000521147070324913 0.28612072236777
0.643579495895225 0.846465032667977 0.184598975850925
0.30603512859306 0.655081363528435 0.00549238322764785
0.289427705649877 0.558194239822348 0.0127304267580089
5.92280474613373e-11 7.03345429353098e-11 0.358903491921761
5.43292215376683e-13 3.54783058856364e-13 0.533807319130939
1.03932704166205e-14 8.46294511027646e-13 0.000142960884192125
4.54165396677024e-21 8.35427374392852e-22 0.757365328412789
1.3954944901345e-32 3.17376015837456e-33 0.365157607181253
4.08897816306742e-46 1.91083135205117e-45 0.0151317468694719
0.175651038035758 0.196046183902637 0.585455505560434
0.808792516261884 0.317088710779883 1.6213934843171e-10
0.184287729904151 0.561033904075854 2.4615254562642e-25
1.24212764893133e-130 2.03622008557352e-135 0.363134236858199
1.65001967900819e-118 5.5614356467926e-110 1.07886284488508e-13
1.67876956611288e-126 2.11802834776351e-111 7.71675563467486e-24
1.42924329299774e-272 8.86972378666432e-285 0.545916442150789
4.90725024450384e-284 1.02193617458366e-283 9.87362275117696e-07
1.62009651585583e-249 1.43188552330482e-239 1.84510911367361e-14
0.363288453805577 0.746000007004835 0.136803567637413
0.49860708936876 0.521821617254013 0.792556616107099
0.753210983334452 0.881551514742229 0.303425176659099
0.677512685808789 0.206302290670478 0.109677724579849
0.0870590343902189 0.132769106280606 0.353532783424124
0.0891834412225847 0.10101378520884 0.551378292036696
0.000227746257629279 0.000118800870774329 0.483158951294951
0.000167832586275632 0.000691455129320748 0.0657501657616167
2.0932264806701e-07 6.69512071861752e-05 6.89758708241621e-05
0.270951437174459 0.3994475712779 0.416529785244352
0.0472802560643928 0.896735627704968 1.34210511941409e-05
0.0251621248453827 0.720909016748819 1.14452297198943e-09
5.32668835869052e-14 1.32652697230701e-13 0.0229317493439482
1.06004417562364e-10 2.87610682350308e-08 0.000221559791584323
2.36702005334003e-20 3.66020060703776e-13 7.77432597550835e-12
4.80655848553827e-26 4.8353352881769e-32 0.742789200216221
2.33125380799469e-26 3.7778833776161e-27 0.00613732218495103
2.28659569395702e-36 5.99511278175537e-29 3.72837351335895e-11
0.90105611112676 0.68978230651595 0.27037864819507
1.44105406448627e-10 0.309874199868685 1.01122591266964e-40
1.72350467248242e-29 0.442399759351607 9.69881910571154e-141
1.02815927483014e-111 2.4846014751963e-138 0.194568068489956
6.36374186998641e-161 3.65194031776992e-132 8.00335373073033e-41
6.53491287804561e-194 1.11889657969218e-108 8.65543545177709e-130
2.39515005888514e-214 1.84377076546772e-275 0.592892991460443
3.81066872055601e-267 2.41877648692165e-272 1.44616271580087e-22
3.22121953213129e-289 4.14703598247347e-240 3.82040150042363e-71
