TOT AFR EUR
0.665261704715778 0.980583361014316 0.32172983596486
0.0715015980039724 0.0647410949601453 0.720077245820406
0.637943479657507 0.922035653652321 0.369137787699954
0.879545937010257 0.621087736775899 0.449440664265036
0.258370370345206 0.444199273041039 0.294395137757006
0.283343309217713 0.466703458848313 0.383639053288592
0.00302583259923082 0.00348924810276433 0.454328998090927
0.232247737325953 0.394760592335186 0.276288400570198
0.873990004974338 0.950860314436111 0.640229318754849
0.632689222563838 0.863774656495647 0.453510441300949
0.137838531095749 0.113769446006288 0.909618242493553
0.537768719039368 0.982511272631397 0.119583180502916
0.0014727944362658 0.00074123933991253 0.743164733432453
0.20827034272897 0.304994050662648 0.414421887139765
0.747234032844238 0.442839866455559 0.44107343676779
0.356838585687256 0.255275755357322 0.866909318111207
0.267099482577133 0.158296604953947 0.76709579865037
0.000663059874995008 1.14423398388207e-05 0.31627257803649
0.345025058779916 0.451179891416903 0.541994355887672
0.0153715383811843 0.549442264944003 1.30863803717089e-06
0.0827384504624833 0.653497613520462 4.43422048564069e-06
6.11721338520537e-06 2.07329668093916e-07 0.802264932767402
1.96694684382309e-08 6.95392665880304e-05 1.03419058114808e-05
2.66855547046357e-10 1.36085396644144e-06 1.47993987942502e-05
2.77815424105069e-11 1.92360998410743e-14 0.654578281908027
4.22074724688642e-08 2.86589392996855e-07 0.0369993841880977
7.03742961150844e-16 4.09172841729533e-11 5.42270307549335e-07
0.144512814693986 0.374126927585726 0.259413941086149
0.852176501577212 0.826955050883183 0.953235102370718
0.489295991185884 0.310228437065164 0.954304541454815
0.551734172377965 0.556934271596625 0.20153883382224
0.260507331372082 0.0953632101481621 0.942627019143851
0.772686634828968 0.366312719433144 0.689299745231475
0.357806280095062 0.754341092721347 0.3447697209649
0.12003687592413 0.48273433509195 0.136335686396528
0.593143900734417 0.89945055274305 0.421353649427867
0.117441364834466 0.54376334804696 0.122042113253953
0.315379322353045 0.486474512591387 0.475239890156798
0.829948443491868 0.0605729141654545 0.0594866451774486
0.900367030222169 0.980720399547145 0.851799218642411
0.00262097299919392 0.0566268106809966 0.0137394772651324
0.0340909412281557 0.227071650651893 0.0741770536206711
0.120135480794421 0.12080280348401 0.478423097922055
0.186306689179957 0.0588317821881836 0.900843145910123
2.11346493128559e-05 2.25797677801695e-05 0.0410829171649494
0.660968291347635 0.681741540753844 0.800712048215653
0.000185702957069759 0.155170489237315 0.000161976354769096
1.71135148260342e-07 0.767271711863252 2.13802652193609e-12
0.00853231440799196 0.000352425568838699 0.715327357288937
1.61786507033688e-05 0.00318136656855217 0.000874043374526764
1.6150998315482e-13 0.0966952706249595 1.90274025700889e-17
1.69770063014543e-08 1.46675105350326e-14 0.323303476551316
1.38329414157266e-12 1.28292457111093e-12 0.000260888187673854
5.14354483390974e-19 1.01835186893908e-13 5.25281239164182e-08
0.513830996470833 0.349813227244778 0.27590153060653
0.618438304429582 0.411118178788809 0.185928888965627
0.574645648451651 0.394583592776055 0.178065848563311
0.440430443576717 0.566537761484928 0.397180802141306
0.575792510429084 0.877077453468789 0.0974508741823627
0.41388488025908 0.390020740529185 0.91510984409309
0.228911277195859 0.154173575894729 0.0882382240311763
0.267201750621473 0.27962951862753 0.828796898551566
0.0485887388919423 0.0707725910115808 0.349863434128308
0.672598022323729 0.776840041111666 0.445214919687102
0.570724990667307 0.581041625587949 0.88192522132326
0.988708043028915 0.781642099048492 0.168822856958276
0.00248000830165966 0.00393733805858505 0.269050326163599
0.167224466069898 0.143427328040128 0.811096636753979
0.00655089347023536 0.00922851920206513 0.347752181491415
0.000254427205927937 0.000171146041714946 0.976023482245969
0.00458573331169252 0.00547745363539321 0.494441588899558
4.10183864359153e-06 4.08822801403063e-06 0.602636940359392
0.412500571506025 0.346559184997613 0.68681767932822
0.957211135962502 0.842323472503559 0.149340797627456
0.106424857280073 0.0188156784976337 0.00104659403509712
1.80502488011461e-08 4.46623609682871e-09 0.684067158094809
1.08838023475232e-13 1.25089590779309e-13 0.298273742798565
6.52923402337261e-15 5.9114421079259e-13 4.85396168499328e-05
3.04012354348979e-26 1.06794619383237e-25 0.154980406676408
5.72284931182588e-36 1.8630036055968e-36 0.21971535176683
3.98427660990536e-25 6.09065411703178e-25 0.0681286834202366
0.700612283754939 0.81102171943012 0.692918687993536
0.486604940641354 0.157726010924628 0.154982918239403
0.794569376269544 0.345172521271478 0.150436579542604
0.47785640457693 0.300434046824127 0.62089582219179
0.643836231101315 0.97016182194389 0.278858483010817
0.152141716431438 0.315935518832038 0.169422361681959
0.150457178270355 0.273692074477974 0.26362607044343
0.425534841665902 0.720808388640863 0.242810393961109
0.153734454030699 0.272968523094709 0.296826064258998
0.215353968024564 0.129033956750058 0.805400363227843
0.674399190136146 0.384427101141684 0.391749785491724
0.000254042742889374 0.0332404074972237 5.73065759846176e-05
0.511087937251499 0.31876880604697 0.672391587863892
0.000593818985000787 0.000807661430574557 0.207679246774252
0.14266003717614 0.535021475024571 0.0278961140074761
0.00465229271259864 0.00310777296894491 0.57572257701572
6.29730442864901e-07 5.03439913586111e-06 0.037551660189311
0.0320424195519969 0.0371795604908153 0.452323971026041
0.0129574507975791 0.0458232351684199 0.0653558380707185
0.0624786813659283 0.96150255727454 2.19376472504027e-06
0.00494784971870489 0.999731302429265 7.1674466736412e-11
3.53308920443312e-11 4.3021910443208e-13 0.502435626637247
7.60644104644702e-13 1.93989763226171e-11 0.00129256278164153
7.58798674760312e-15 5.89529835344388e-09 3.20799006804927e-12
9.20145769950056e-26 3.55559762229664e-32 0.540512784860811
7.95747813996899e-26 8.13482850882162e-28 0.0205863198926239
1.64321416170182e-41 5.97926204931528e-35 6.914580394249e-10
0.131063911803564 0.177412762194208 0.481445590447095
0.786660581017644 0.828323730184722 0.856088539066741
0.561744029891367 0.893308951271287 0.292648737499598
0.814822826052096 0.90293177063922 0.781460987824381
0.0569009930453639 0.0280948686436031 0.90638642650922
0.131011958940889 0.203012597938122 0.370834567815795
0.282185082718699 0.372259029961236 0.519221809102354
0.054057953285669 0.0685613410448466 0.498645675844925
0.174182685537741 0.309034031475318 0.313832734066263
0.822020016336001 0.978992402028914 0.664624170378007
0.131674063063353 0.973804907414929 0.000962956067821259
0.204779123374749 0.628029627938557 0.0599706786325386
0.00719929056999566 0.00449641249732851 0.747875657894885
0.015364523504885 0.0307964325269903 0.254898066776806
0.0285204642915879 0.113651498778729 0.0824300289032855
0.00219498253816951 0.00293786629062423 0.344956520504583
1.69522591785148e-07 4.01310928141222e-07 0.11216206869652
4.46157355629899e-06 6.06151027978709e-05 0.0191966293498507
0.509838240323079 0.347159393637532 0.664577682326204
0.000394002279660302 0.0767338969035587 1.27402959297315e-05
0.00292400565930871 0.31905440190503 9.90975818571031e-19
7.56528149753495e-17 2.57045510794207e-20 0.789951000576063
1.25547231985829e-24 8.88340641854781e-23 0.000863118490871598
2.0479165449525e-23 2.48080101222184e-14 1.25940985623617e-13
8.71132713956359e-53 7.35864241568014e-60 0.0915515472318978
1.16432036440459e-60 2.45261302795873e-61 0.000101663471857799
4.92628161473785e-64 1.01475824019198e-48 1.23810702320092e-20
0.704250891421715 0.387779129521198 0.213291321174254
0.111964637492791 0.186319511190712 0.32453100035935
0.703131041918602 0.202366508838818 0.560413758402987
0.172607390245365 0.336796156707744 0.332646766465676
0.771584834056962 0.049945371006009 0.0349861103911566
0.314434786360676 0.762501509587832 0.274736927479936
0.0129765362627884 0.0168042087006891 0.195290042573511
0.714304794172214 0.418129812828955 0.834115717652224
0.127263563545406 0.168578514416325 0.387067933981786
0.907764748142126 0.417648995411227 0.585530071144376
0.59525142271621 0.240845220444061 0.0759772631144565
1.50710085036124e-05 0.605956379979092 9.24517769742191e-08
0.00513981416841151 2.95268713828317e-05 0.922194688985929
6.92778210168535e-06 5.79063849475807e-05 0.0105868470832893
4.70634111826497e-07 0.714714201870673 2.98125053446687e-10
0.0652501777248144 0.000307578298516016 0.495619771869532
1.21790507846889e-06 2.29546056296219e-07 0.0423659287358793
6.79159910019772e-08 0.000359886140395371 3.39545978872414e-05
0.904845444988841 0.704170056063666 0.868885619440122
9.41560818861987e-15 0.086835813229114 1.13271037538812e-18
1.84073568151973e-57 0.0815214863768496 1.77853723739744e-87
6.9526185022413e-10 3.93795296063694e-17 0.26545179748183
4.12436998907398e-49 7.46450999416939e-23 3.7336633221691e-29
3.45100204020745e-65 3.44411678521652e-15 1.57813191989932e-57
9.16996043117181e-32 4.87793800536116e-50 0.00554320040189524
2.09548367680853e-69 9.90515107260026e-63 5.15651883918596e-20
1.64256746458601e-97 2.4633463013388e-42 3.49052764873498e-63
0.422619138988408 0.545179977108725 0.239047051858161
0.235482069115839 0.30108345641678 0.356091073018179
0.00934064477217803 0.0131967651260079 0.401125389966911
0.902800801350567 0.915803187460029 0.921324977651534
0.196869744394301 0.179991585714414 0.919876080614548
0.0480056017562581 0.10274835677365 0.0408211486191718
0.00323254726359705 0.00339646604585503 0.664068086222189
0.665823897277548 0.443776831131658 0.110287297210563
0.390442375761961 0.46644758740958 0.433924605051715
0.255203069285771 0.152083639683651 0.190338993876583
0.67651636096829 0.760946340100142 0.000327240365992926
0.912331756140704 0.706106979014728 0.00987720349027686
6.88012856288613e-05 6.90981862562556e-05 0.611893291201948
8.93957802606936e-06 1.0840751820366e-05 0.428921526565871
3.53752335804017e-06 2.28426922774013e-05 0.00673894470845673
5.76261974656106e-21 7.86605371888784e-22 0.872597660234786
3.44671760058992e-18 2.83799722356355e-17 0.0194498905189904
5.66304805577018e-19 5.97576236967383e-19 0.292200422832977
0.0840450661827419 0.0845907503852433 0.791298295019207
0.284832227781919 0.924046958228882 9.42346418260889e-07
0.00612499127469465 0.273461948553788 1.77279572236199e-17
7.26534955327854e-57 9.7611543143021e-59 0.503200041780102
2.91782248134028e-65 1.51400540923154e-62 4.05122980596792e-05
5.03802573071499e-64 2.23897590709255e-55 5.15635293589623e-17
1.27835603830144e-120 1.04334500820234e-125 0.445179890052413
3.53098579776191e-137 6.03399348790191e-137 0.000545397786802914
3.86957058451454e-136 1.62148900873058e-128 1.82022294673944e-11
0.657092470718891 0.671509287218052 0.870080369034443
0.948226928621616 0.918164391364558 0.950277174721316
0.206307269970064 0.259208065129046 0.513553243930922
0.000843648248552234 0.00489969586102247 0.0428222554314107
0.410380823016621 0.8220368771874 0.0191114612408832
0.80772454701795 0.855531760476158 0.350399138169289
0.0287858323988961 0.0391150372398785 0.370894036169252
0.649934183014432 0.696591012065539 0.797275485241698
0.730635716750535 0.624494201379125 0.841377825670022
0.179292164484598 0.562861679760592 0.0539375921713314
0.371423690876772 0.0572773573668613 0.0775923882383307
0.425549422240233 0.105803646396602 1.09513429493422e-07
0.0102371377000725 0.00018354157482542 0.0589253000749877
1.92711757897847e-07 9.63254297278104e-06 0.00170152482610586
3.22484621598085e-09 1.6881577296857e-05 2.17796583568253e-07
1.76120011101683e-14 1.7748853167522e-18 0.86163684178063
4.52033827252584e-16 2.93904163049638e-19 0.590684386370018
2.09210372503698e-21 1.94972194248936e-16 2.38409053882833e-07
0.593787132467919 0.149008145399855 0.0819596047000385
0.00107670995476849 0.259396239385638 1.68365493022981e-24
5.0961100558257e-17 0.256187547090564 3.39365007087207e-68
3.17342447360013e-49 2.88177484162253e-60 0.350125103708491
1.65110672864716e-64 9.60983441273663e-53 3.06485127288941e-17
1.66408358754537e-72 8.00847449389194e-41 1.39994738882676e-54
4.19546721163351e-109 3.49566843786043e-142 0.705073069450627
4.99643745649593e-137 2.55935930731029e-137 8.85653231797504e-13
5.40549611213136e-140 5.42495889664855e-115 8.61290631918818e-36
0.499820376389315 0.844616366576188 0.261747516489657
0.84888392922303 0.797783613856721 0.932989448105949
0.0119479508971291 0.0546982182258573 0.0652710566685249
0.0194928678112466 0.20870524368495 0.00550091544744007
0.0963031133679596 0.143848966907165 0.401963713874182
0.500263582561791 0.150193244759095 0.163514747742479
0.0728940536366646 0.0692990880172123 0.689838162376164
0.347491056946958 0.406958344519434 0.662866473811113
0.995051015584879 0.599994512753636 0.292132278502398
0.872241022343348 0.954652471706827 0.802599119113853
0.465678327514014 0.490309934708716 0.00249035013100827
0.0731731408206921 0.550318279292256 0.00370107163294309
0.000146729475448135 4.67414609837856e-06 0.529927580411322
0.0177293286542375 0.0255506037317106 0.387830237414647
2.7716336419992e-05 0.000253425492290947 0.0359259332621348
1.25116004939241e-10 7.27499451645883e-13 0.95272268059122
1.52626933669405e-14 6.39817829392442e-12 0.000357772817391538
1.06789172999723e-12 3.24362490693265e-10 0.000482196627201694
0.32079059220227 0.0608373207549803 0.139153389593909
0.00234191100980628 0.694538192774912 1.49752541864168e-09
8.09768388629177e-06 0.642526302356134 5.8345811217943e-27
1.54231393749214e-30 1.01183809670682e-36 0.566788919859717
3.48899350336605e-45 6.49806817996018e-33 2.08023953944569e-15
2.72749591305225e-72 4.94719754047986e-41 1.92617674895673e-41
1.08296138924144e-80 5.6938921758131e-106 0.260002827491683
2.47453059475098e-97 1.30740615404774e-96 6.16904843547674e-08
1.1899932445983e-125 1.50994446405184e-102 2.82522506183406e-28
0.176667159315815 0.500427025287303 0.220680225965425
0.138689712555949 0.236680727272594 0.338193756588163
0.500592197169071 0.170733255936815 0.0371274371946039
0.657708858962126 0.127633649827175 0.47998685559717
0.5346723474672 0.769379647365775 0.563660356006177
0.0635774832153506 0.278523326414779 0.123930257134889
0.58842925700388 0.0227932243915607 0.223640424556881
0.269047356420105 0.211926474360591 0.678576669568299
0.00225246960494969 0.359893186684222 0.000898420091592914
0.290237212743463 0.922021079689104 0.137030565278062
0.0139291554650179 0.933773693144598 0.00126633658668384
3.55144556317328e-10 0.656871316957899 3.09881295173145e-15
0.0270342619679948 0.000740664244126384 0.976426323809314
0.00182355819858753 0.302427855799435 0.00116440138121382
2.83755139127842e-16 0.0002087438534758 9.26141106934791e-15
0.00561054689360624 1.49807259874095e-05 0.960283038469704
5.27984507239262e-14 2.57827831794151e-11 1.69359894190271e-05
3.17899749846799e-14 1.6184898613547e-06 1.6451218440873e-09
0.891167784399312 0.208135661757786 0.373889292165604
3.34030449535991e-26 0.304324756561494 1.07472410049897e-40
1.26776731877706e-86 0.949527462402101 2.61258368839023e-154
7.62685492781564e-19 9.60658005360378e-33 0.11418610156614
7.88900757982052e-67 3.23558712678318e-35 1.50529894488745e-36
1.11364422125905e-130 2.36284115499489e-26 2.66178868719015e-126
1.3787740285171e-37 5.62026204211167e-96 0.592089100361627
3.83832890840755e-118 1.57441162324684e-91 1.79353961578826e-41
1.33439922358742e-182 5.70337179932074e-88 2.60531276718703e-104
0.667685091223606 0.7468141273903 0.546270235430903
0.760428187624973 0.55665803485072 0.161818474040635
0.61536742000829 0.6114730527384 0.970786650898031
0.574947475030089 0.602132477333184 0.785407478927529
0.0517771492946002 0.00777404983442709 0.0019961993635085
0.341217937654645 0.373055805988176 0.675982189529309
0.0200706954290709 0.0549320983858526 0.0145771981580773
0.00496488043290636 0.00687974814974472 0.387336301326318
0.0063996598951865 0.00643020353593769 0.730636225824168
0.524081067864612 0.606262952421708 0.442843655320592
0.172843261537874 0.112921804092503 0.341819408549725
0.161605854094844 0.0594402256833535 0.0337798147031733
8.15876057601975e-13 1.17524162708579e-13 0.7299735238051
1.19631563427217e-11 1.60150224389289e-11 0.306391096271725
1.33840900193976e-14 2.27031322105158e-13 0.00718760208114635
1.02701743265514e-36 1.17233688654897e-38 0.923055899254424
8.373584107435e-34 1.19762448288787e-33 0.0976392468854643
3.81116778346487e-31 2.09112035609723e-30 0.03870366842934
0.142617078170731 0.262007826838251 0.044951260948066
0.695950047558744 0.505348240787438 2.43538171730671e-07
0.00918407420566429 0.867938509698006 2.64322160206875e-36
2.15094504143774e-109 1.66762826526048e-113 0.428758121453252
8.30966832219852e-138 1.50546050281136e-134 1.54970842991531e-06
3.03962305563515e-142 2.95103902927002e-126 1.50545555215504e-26
1.10649348233409e-268 3.15028920407557e-284 0.83374886803157
4.2103701247373e-309 2.64913603257318e-310 9.38671934792077e-06
2.0917438858697e-281 2.5648340540417e-274 2.8954408669432e-13
0.608402620728789 0.663509170526485 0.764302065889569
0.719116425023559 0.237525370037474 0.116468725917827
0.949823385802246 0.590654534539316 0.18948772629502
0.971348026002681 0.439945684437617 0.0802847446105113
0.0454669640520582 0.0789701015317339 0.289882698414596
0.0458924247303285 0.134927698376554 0.110641360981046
0.0434020826599624 0.0486642183146051 0.499871241588625
0.00313220024564824 0.000513097157948584 0.78316095834674
0.00914642193414186 0.000926956874601008 0.451573841815995
0.93664372547408 0.649904938354294 0.275555469401404
0.151838652968712 0.917246743202228 0.000193951982506604
4.69898640940175e-07 0.0985505741327821 7.55874069135113e-17
3.73758782027734e-07 3.31970261707891e-09 0.761876887375177
2.34570028923325e-09 1.08941023427795e-07 0.00309009455683018
8.15523745140993e-11 1.50150389122114e-07 9.6015757360571e-06
2.91284079318678e-27 2.70067484948846e-34 0.88787136186677
1.75932938276505e-45 1.01399302319302e-47 0.000802416655027065
1.31842970844014e-38 4.55194141751816e-37 1.91531102585323e-05
0.881976135051701 0.662716551242346 0.204522891543092
1.4707338686806e-13 0.0484763021111936 2.69390004474247e-40
8.13451991765231e-26 0.855409862864269 8.81214754799566e-136
6.33221754693417e-103 1.95950631317439e-127 0.32671745835546
1.42280914222832e-146 3.22352263886718e-115 5.66667677081163e-41
1.88028711415443e-183 1.88546614297076e-113 1.16850622089134e-111
9.43786180933814e-253 9.43072504781771e-320 0.26680621971294
1.74036741193045e-255 2.52328905572957e-248 8.06387708335614e-29
6.47225996052033e-321 2.70120016406284e-272 4.20935011652908e-73
