TOT AFR EUR
0.800157880467707 0.975415184009864 0.626599949204769
0.849065521150984 0.859682650125084 0.441366492826649
0.0728757570315555 0.611201522685041 0.00446673051829135
0.916523610952606 0.782819177887556 0.749450083017444
0.777379019532547 0.968207118521621 0.522825600894502
0.134290538292424 0.0928037542290924 0.986676107370191
0.135856950107576 0.140226086378118 0.704359486151431
0.585498612219856 0.63091886032709 0.796426838136779
0.0188509284490927 0.0309743173907105 0.409031853670353
0.223102810837168 0.408755894473387 0.269407942429731
0.774720326641775 0.613935309368388 0.700514961604163
0.716885404370978 0.228794397980563 0.0983596498407936
0.787555870707451 0.800762789022756 0.187802768252053
0.238170762454518 0.145109896541096 0.764375092385484
0.00154345442077122 0.0140641796142824 0.0455381412356701
0.400260005990843 0.0622167125686848 0.0607979065566278
0.00664891277611335 0.00701318382268782 0.570974820191251
0.00941332059412347 0.0886285417660789 0.0138940397117462
0.688693470286543 0.555343149670708 0.774870074119541
0.164688184428725 0.726369444331368 0.0247621720515899
0.268837019845996 0.516994006868915 0.000142120171370341
0.00764315711632314 0.00175656203279957 0.7845847895566
4.08707014084673e-07 6.16203524766904e-06 0.0223772521288436
1.22161956250062e-05 0.00883401101800262 5.50475394344902e-06
5.02824138976171e-11 3.3314390132916e-13 0.77822223893929
4.36833460709179e-15 1.99481566572001e-16 0.194113710960508
1.0430624918113e-18 1.99029126685118e-15 2.45666328434862e-05
0.692263150838947 0.218229895807641 0.587822235639806
0.486718751865155 0.588000511126981 0.174729897530439
0.235644822135609 0.936489584108111 0.101014799724129
0.611622147066081 0.23917663083326 0.720852940356922
0.447593867402957 0.00830628196213338 0.181112733753481
0.723081143131857 0.854603886286943 0.756016799959204
0.0206582720381848 0.0383682451875373 0.216425754709886
0.666318754809784 0.927618795543035 0.504065570929783
0.497441620779642 0.753829884222766 0.244453911550033
0.581441990392559 0.334288205647519 0.934848846362079
0.868338289128069 0.824652147084396 0.977889368492961
0.0544827606496043 0.509395215048816 0.00147339889429954
0.293023515924809 0.798030597163625 0.110070954897302
0.949802721990142 0.616678917989322 0.621246545654469
0.000270628825953233 0.277366001977974 0.00010320655208929
0.486095652049139 0.0239644796176629 0.250178087198474
0.0061821098997693 0.0305509808187422 0.0739102001318975
3.90154426294332e-05 0.00124838360993409 0.00521742311244766
0.0462043885449728 0.00161723282534787 0.984890905379666
0.00236785469504008 0.108440232351311 0.00918056402425778
2.88775724827821e-15 0.282744083847201 2.47747349507955e-22
8.01092650146903e-05 1.70466980395191e-07 0.339777251014047
5.38162616540343e-07 0.0139091001944187 8.34557959877304e-06
1.6195888513315e-14 0.00214703879526946 3.39460689528554e-14
1.85511538184219e-05 5.45272286974595e-16 0.17806172950889
2.71559333184067e-17 1.77104384063829e-16 2.0910851098701e-05
5.36977414936796e-14 1.14559419587293e-06 1.09501955065367e-09
0.736735417134369 0.638876229430514 0.492675589640309
0.464342363969017 0.427646125686434 0.809922116245091
0.98705671356514 0.898414579757317 0.507426504649057
0.955982003322876 0.745612048891348 0.0792359462997116
0.146260717841578 0.101266958975656 0.442041722687908
0.586513033951029 0.841450067764959 0.0283648921283167
0.268680596468715 0.353156496492168 0.36560708418308
0.510037336884776 0.377942011395839 0.312402463078496
0.297189266977997 0.398954312182375 0.264959988934194
0.371679526114868 0.320284600125268 0.723978816310372
0.775083003231623 0.887598401757176 0.0525999302387212
0.227551765868952 0.296888811755453 0.392574574670518
0.000925876919536434 0.000590867652327489 0.824478108640284
0.0356555047715666 0.0437439297689535 0.399797321075359
2.97604188841401e-05 0.000171723297680276 0.014057820961191
4.70971991033144e-06 7.65846989699818e-07 0.240375837150522
0.000345126687514332 0.000417247666158627 0.467303099427891
9.03755292193211e-07 1.25983718726624e-06 0.34727243078603
0.880707984656433 0.997487761308181 0.338630490400647
0.798355705507016 0.636319250607755 0.14140089970222
0.481111644529675 0.153192489403989 0.000895133271241022
4.12993678017103e-13 5.29045537611656e-14 0.719418841324442
2.63445697779154e-16 1.06285003143165e-16 0.667141452221408
1.27560877801653e-12 2.44569660241077e-11 0.000156676439857128
7.18875967234941e-28 3.92953287628306e-30 0.38695383787394
1.79408902266153e-27 4.53487915443351e-27 0.0258722151881829
2.01122138534286e-29 2.00875647983174e-28 0.0070302181626234
0.565468997654714 0.5329209012926 0.0123894251061569
0.236780079513847 0.437906444732902 0.264977360806709
0.57143606720512 0.801188700129497 0.456746970695258
0.0825135621449144 0.142231244644582 0.291448654950916
0.270282911642457 0.133232862666593 0.53432240981923
0.59837374113668 0.764355627802019 0.539300172141873
0.115662750832039 0.209704219657203 0.241904194552087
0.347313732063196 0.561003892552034 0.345069484914899
0.470087880868452 0.413628390921953 0.98505749577347
0.68975771498185 0.728412471662751 0.793880367731577
0.511318160674868 0.897446441818845 0.0779178186055791
0.152287422155975 0.569386861002346 0.0189762223756739
0.960587644054018 0.440017824770892 0.0898748692154994
0.00569248228336284 0.00833413953617278 0.284537980086675
0.0229771144996127 0.125367134691405 0.0354374469100171
5.21182006517553e-06 3.9575401318799e-05 0.0118434237989142
0.0069893311066322 0.0186257469020031 0.0729959747031064
2.52167797988601e-05 2.13839480440047e-05 0.330448582621983
0.955454256421291 0.861177648697232 0.597526207112236
0.125999296726212 0.806126147819668 0.000107995583987608
0.000721819747216707 0.924954659538723 1.01689130943155e-18
1.17672093540961e-14 1.53842950238401e-17 0.524263043122137
4.72324064252683e-12 5.98472477019591e-08 5.80352495962955e-07
5.46752221737039e-21 3.20387927110779e-10 5.75116154213186e-19
1.08707459465739e-24 1.77114492381651e-31 0.71664254727128
2.40874753405526e-18 1.80859984060692e-22 0.584501763092433
6.56908944109143e-44 1.70097068013658e-37 5.59060775763185e-12
0.772219175470455 0.299563141687519 0.143960732787019
0.960578663217746 0.968584899157024 0.975320237659664
0.998736805303421 0.994207768077291 0.990821856058269
0.576342924848459 0.197785467266162 0.000140193681304799
0.782868166183868 0.799951517728871 0.272992716926938
0.907210864590002 0.953061803538552 0.882140511212617
0.780542239687723 0.684264219785164 0.852113606476062
0.262106239295826 0.313359403312624 0.61131309443934
0.779647683553314 0.678512565319056 0.149272475398221
0.43220900648576 0.852695159719173 0.0280836072403501
0.341737816047395 0.539983897096596 0.378042861982823
0.00829049195036721 0.0549071282479192 0.0332971225775404
0.00367441972103993 0.00368413885667541 0.509433172447717
0.0113371645309523 0.0109208752913283 0.562390654276047
0.0928737671613936 0.0960271432903242 0.666725038411522
0.000595998216738989 8.35894887130672e-06 0.21195481624836
0.000225746314408098 9.52500724705615e-05 0.643010196818919
5.84169859065169e-09 1.374026251831e-05 1.69741513250402e-05
0.00215029959719277 0.00423687405898343 0.240332249130897
0.257974751369322 0.554920406455263 0.000221471326456791
1.48819300454013e-06 0.356233578434855 4.41513255341932e-20
3.63289045433256e-10 1.0766172345458e-15 0.0503685459640935
3.52729905863784e-29 2.15587777921749e-24 1.47406490027845e-06
6.52080312703227e-35 8.65682948341143e-21 8.69712682131137e-19
5.60558281944955e-44 2.66121665118903e-58 0.327152924218164
9.81450524126589e-60 1.45811158717772e-52 5.91830130279785e-10
4.05848461316321e-71 2.99024928501522e-60 3.61045403888367e-15
0.639684267885129 0.916616383805438 0.475505152838709
0.0766751085039164 0.15855866479183 0.250408393495708
0.398132234987724 0.356020826194954 0.0553502527800172
0.943408252372482 0.876841985946145 0.819827942542532
0.496790278708274 0.734499860908091 0.541147985824101
0.103435039947878 0.0378283695746497 0.698489722040628
0.370954086020011 0.564260929828367 0.0993813257199598
0.000199332218658073 0.000933253570246383 0.0323148658798566
0.270312749452243 0.902209276378683 0.170075331288653
0.796240347667647 0.48674063970206 0.335798502708701
0.000947732090368177 0.061257808996837 0.00559524619098178
0.000442513363966994 0.549858401426489 3.47430713274958e-05
0.944423988751274 0.0357922525042443 0.0799699439049929
8.87589188041619e-06 0.000975428756707428 0.00193782385760514
9.89396966036339e-05 0.0871926932212569 0.000171413483196363
0.0126750145110019 4.63027947623646e-06 0.54202037944452
0.00709144325052478 0.0180513781175746 0.114778703756979
6.97240247204808e-15 0.000837930570957187 5.13984800076673e-14
0.681803131503715 0.961105561647588 0.616749623591845
3.60095939374597e-08 0.0721099692500868 1.95440945530329e-18
3.91983867383161e-42 0.537544912922067 1.87030879624805e-79
8.89942119092135e-05 2.45013142078393e-20 0.0127810359033921
4.43615797057118e-37 4.80756173861093e-13 1.84942588865131e-27
2.89657729250109e-92 1.80872120340001e-17 3.62218884093493e-89
6.02577962439534e-31 8.30230163181368e-66 0.389068152076723
8.61443928961605e-52 1.17543394917233e-50 1.61904378849998e-14
1.90859339180963e-103 1.97628686303592e-42 1.2497347579518e-66
0.362984827224497 0.579158915217492 0.0688977405472618
0.296622018975301 0.316102399009825 0.739232480886994
0.511234393004569 0.53407055992301 0.807679294561745
0.394498307760307 0.364351017168144 0.862697324361561
0.0180064463047924 0.00879232089954812 0.385103739901592
0.00509766502295044 0.00752294082544698 0.355486539462017
0.000798390500362387 0.000218903323731909 0.212911231389249
0.0561897712753534 0.0763033030757708 0.330769351390633
7.5132193309405e-06 5.42291156348045e-06 0.833502247084399
0.0369447246883769 0.034646605822198 0.895133073181039
0.981545412576275 0.730101023119596 0.0608129258065504
0.17266443988092 0.387004308911137 0.0217510052964635
1.57811361004343e-08 1.43074364440643e-08 0.510996027061635
0.000351104931231539 0.000324512707098558 0.72179889034421
3.52372957884847e-06 6.41472560320968e-06 0.231742822150367
1.066877004258e-13 6.02984166807133e-15 0.4328303230094
1.1310965226413e-17 1.54364056585224e-18 0.938695493313832
1.28585137905811e-07 4.0265862623228e-07 0.0805341242669561
0.0101107358413041 0.00960213548886451 0.81484789097975
0.280188116514261 0.797379735285105 7.2104292403792e-06
0.025483949883645 0.767527499766925 2.53849946027759e-18
1.7359651294264e-51 2.65325571509901e-54 0.846692928640989
3.31596265335817e-66 3.67801616813459e-64 0.000154776062728063
4.62519939146985e-64 1.55845075747231e-56 1.07548706088646e-13
5.97867061544591e-140 8.92391503571839e-149 0.557090497077758
2.32781160811028e-139 1.77022840016531e-139 0.000341373727264777
2.79512873552207e-127 6.96921848850115e-124 4.40843026694986e-07
0.346273847722521 0.334811559399562 0.825140193081338
0.033911930435374 0.0719966542597633 0.192711885998631
0.479921501343256 0.349665713927027 0.786019901588304
0.810630284285381 0.781368445197955 0.265878585530061
0.826209468224904 0.567566037068424 0.516958310875564
5.97793275975903e-05 0.00791449651309348 7.7359254114173e-05
0.626922725987635 0.724380276432387 0.680643752805945
0.000439412124349937 0.000678965177336463 0.209733950968231
0.180182330286498 0.206334767776185 0.583788965395001
0.00672315006208233 0.00519811775369066 0.544489199920958
0.0406955325024508 0.470576078511011 0.00072504505406652
0.284104981627811 0.502171318168523 8.53693700129537e-05
0.00652390568225094 0.000776785906096562 0.535720135210087
1.88703690793212e-09 3.56580698397064e-08 0.00889118895832837
2.69803353184048e-09 1.35147490321844e-06 6.17627568927929e-05
2.68815670738446e-12 3.60237968197901e-15 0.935862652737738
1.47654123474565e-21 7.37339443242108e-22 0.0147412899685437
5.04242061970688e-19 6.41004000457564e-14 5.27798211396634e-08
0.931006601814741 0.699073344004012 0.556888171060328
2.11309915624455e-06 0.6378973709443 5.09804220004922e-25
2.9663482935485e-17 0.40423422670104 1.56299515785254e-76
4.13372046539054e-60 6.64898594661251e-69 0.0349063176228493
1.79519005909405e-70 1.02375584672735e-52 1.14170736644028e-25
5.81154615043881e-100 7.90861076018195e-59 3.36185765790772e-65
3.26836220268273e-105 2.45999572295135e-140 0.266850158092999
1.97048468518994e-140 1.20883308406427e-140 3.47030912251451e-12
3.38141409841687e-158 1.58500407289489e-128 1.28089363657234e-43
0.691392634518659 0.817922572680526 0.167247637088218
0.117690412794805 0.164690296666629 0.459848910071586
0.704805864259702 0.593550414071849 0.0577283956627603
0.215626859522427 0.61660916988048 0.0734475840673424
0.0202332767822588 0.0404039265081499 0.269940984716428
0.672376947241261 0.748929805946177 0.751547597450979
0.296690881496261 0.228422024719116 0.957810635314865
0.0361910188698589 0.0160597157482083 0.88884996391748
0.0544541043693061 0.0192980212404582 0.72247124693464
0.821991067580917 0.715490753715289 0.828892267069306
0.330698570265736 0.670897567385261 0.181179751611981
0.038808646450754 0.572622601317903 0.00060708841475117
0.0135405041086067 0.000846311614315838 0.232567817598281
3.47863887053094e-05 1.53673718136031e-05 0.51841691939585
0.000262403229838765 0.0108939089804553 0.00219674751145693
2.21381095438309e-11 1.88383418677081e-13 0.752560471223439
1.71450768908504e-07 4.12227547752124e-07 0.111754521000725
3.17690662585905e-07 5.64092418886395e-08 0.539329793096166
0.478293346169502 0.697524018813088 0.41501107811405
0.00964746810493382 0.757778075359028 1.7861126116014e-11
5.02975550682358e-08 0.691602214738214 1.14852316010513e-31
3.17117877930953e-28 3.29076612248181e-38 0.232793586508995
2.44472462398115e-33 2.89360309914775e-25 2.49150300970148e-10
2.64620885536936e-77 9.74727817132571e-44 4.74989522099382e-43
1.91299930607593e-95 1.04702415021599e-111 0.0595446300325537
2.14791736891134e-111 8.66621599750242e-112 1.37757319061721e-08
1.51772112661921e-124 7.64109725288906e-103 5.05509449910387e-26
0.662962736108493 0.191683125026901 0.597454666039963
0.636132309265454 0.757623894696149 0.710552765685418
0.0174703414509702 0.154376897526058 0.0505211916551425
0.36150000359711 0.509575724118 0.0736356406407659
0.762676247718294 0.138257538536374 0.380741258700184
0.0937671018567953 0.0981148373275613 0.410470174427149
0.25268561210576 0.298297702016501 0.517386758526742
0.21651969921179 0.0261176274374575 0.786575032478144
0.00984695579947128 0.0455050197864863 0.08507731784126
0.314812801795473 0.985782933975647 0.175246791735941
0.00225201374635892 0.69461134180297 0.000205301465018134
3.99232711915024e-11 0.167295035373291 2.36239021299884e-14
0.342161646157807 0.162518243808469 0.948178933911296
0.000100145509608557 0.0756421903040141 0.000240575727290934
1.3436500242089e-11 0.000210729131635886 5.76886468437113e-09
3.14342657637774e-08 7.6636876388252e-11 0.0554275204424337
8.85649646511256e-13 1.45981955974512e-12 0.000404446906762357
2.80742749989367e-15 4.50343694624289e-10 1.74647202909537e-07
0.557375475540181 0.196742420742806 0.747065202277431
2.54695195278595e-16 0.00247088811187172 5.74719501484611e-42
6.54602897748019e-81 0.74237132924721 3.19913700263016e-145
1.18168387248712e-11 2.37952467875487e-30 0.4327892113045
1.88649307737473e-76 2.0662463922607e-37 3.0235078121886e-42
3.60849818706987e-133 1.35603690765597e-22 2.6204852348243e-132
4.24611447208086e-44 1.03566556656656e-111 0.640816060076257
7.12428907132433e-115 4.94811654793408e-111 1.20267692393537e-30
1.00232605265566e-173 3.9997639255655e-76 5.34944559627345e-110
0.327533444083158 0.323632986237395 0.933789964358795
0.138765450237248 0.0764670181048322 0.205867905858131
0.11713270625707 0.264617626423128 0.011118918123591
0.386170239699768 0.466849651333689 0.431537503724721
0.559642294177191 0.640831663004272 0.518504019885181
0.300364817924292 0.479529568716808 0.0898674711168921
0.41628247193072 0.217216499326223 0.0609617217409183
0.00676868861133635 0.0103927198861509 0.272375298415924
0.274588168491593 0.160714468499789 0.142780825447817
0.912976886668185 0.925377425372594 0.326839841009002
0.627706032673464 0.976737533978411 0.00479642022374896
0.278404561334289 0.838943990025618 5.26294416906277e-06
3.05978017434243e-10 1.2959682892223e-10 0.857648483830326
5.91999760419393e-10 2.40632928613064e-09 0.0533717720272194
1.71082201680191e-07 2.57177664223771e-06 0.000592007205486368
2.17353017136514e-26 1.29022578066318e-27 0.955067335731867
1.68255097759657e-39 3.6950792627977e-40 0.285051006933808
9.00801654448147e-36 2.09733718163177e-35 0.0589857944608497
0.990930572707748 0.982972656966657 0.867537346135637
0.00237933868497142 0.0736635463733161 8.50762935874105e-11
0.171618165300074 0.222492045271747 6.13892697535344e-34
9.65556090226967e-134 1.9667497907031e-140 0.955244325450625
1.40676376157407e-127 5.39467552965943e-124 1.03525732013525e-06
1.3412033247295e-127 2.7147464030012e-114 2.17881327293012e-24
7.915381538221e-287 1.75437746342612e-299 0.438117952931251
5.22390429317325e-318 2.61040769737773e-317 2.30779664749899e-07
2.40767274713463e-281 3.6853151480581e-269 1.28707289269099e-18
0.438427309227956 0.461822830201529 0.761477379594365
0.862684174784769 0.76312139426461 0.280784818732642
0.0385865853472972 0.132903660858986 0.0880516117780326
0.0471558019855377 0.117612202067443 0.152634283401741
0.37344117133402 0.936943951453623 0.0286359765761047
0.14453542508075 0.634368688909023 0.0143275817572772
0.341166774332017 0.0949537100087171 0.215555766271095
0.000153214021844044 0.00025668238883419 0.192729574049054
0.0148046063684599 0.0151851990555993 0.494319336922516
0.744138129615389 0.724709383730878 0.971158567024609
0.331015400767953 0.274191046011112 7.37052590410284e-06
0.00239648496999356 0.44832170440512 3.23913335242013e-08
3.03342845954889e-09 5.08482635693498e-12 0.725439361566039
2.87475858075057e-07 3.29105626361509e-05 0.000325691845261343
1.19229980203728e-15 4.33611009367677e-10 2.44654762279157e-09
5.9943410357344e-19 2.81874495742279e-22 0.438755245894782
8.53969999705025e-22 9.82661409735145e-24 0.0811575755040181
1.74790168921683e-38 2.85151490106158e-27 3.93867113939399e-16
0.877664753630837 0.954439796593646 0.809787395537848
2.08952539348546e-07 0.799907142517427 1.26987644179701e-32
7.54019394158716e-32 0.331396425582342 1.0434068949528e-146
4.4262583484194e-91 4.7750390020429e-116 0.921987552691882
8.97427427161252e-141 5.5776089526127e-124 3.84016655934346e-26
4.69642682481589e-180 5.87199873311543e-105 4.59972204396887e-129
5.69036352099494e-191 2.00423144701461e-262 0.0675647186551288
1.49600260326505e-261 2.73961177110054e-276 2.32694020158384e-15
0 1.98871581609493e-276 9.34400063955316e-89
