TOT AFR EUR
0.999349035492392 0.927510970402854 0.86286705479757
0.942738482029358 0.652338164237009 0.244235445928654
0.911505480012367 0.377682292273082 0.13545485270337
0.560931515499973 0.430810258721466 0.79832326085503
0.180127198805518 0.0447710609973296 0.367476354883719
0.521258055658273 0.490989489804921 0.934341517826674
0.053730396727759 0.18914467696393 0.0986088301898444
0.72033021936084 0.978518966127533 0.397536302197822
0.934581828401486 0.766609916933357 0.707992675314921
0.358028929805306 0.319644632885362 0.934965944041334
0.992877013999638 0.589652139605503 0.254702703434485
0.0038106012419651 0.00119737867805546 0.986085189241123
0.99622038486505 0.810256855319644 0.630534219971917
0.984852664280347 0.745597937295914 0.563534083341937
0.479655925109605 0.245290432746063 0.467469076893018
0.125681761557305 0.0607196087725286 0.712357890710443
0.0586674082803917 0.0609728176780516 0.59499710356808
0.0653051415439674 0.0841804854873463 0.449743786957119
0.720428212639122 0.490656310364441 0.566822350621588
0.160321634174414 0.657741244716889 0.0142301643771225
0.0220544288343902 0.526112306141875 6.93829063289833e-05
7.67285504967877e-07 1.30846384693608e-09 0.391986077690869
1.6655306318775e-05 0.000588280754061279 0.00353643527728801
0.000600245081645243 0.0176363036499833 0.00340124240120577
2.47154526113881e-09 1.09806394681184e-12 0.333782394463475
1.20207644997464e-16 1.15201085654002e-14 0.00169377629625687
4.54656345057832e-13 4.24085357165318e-09 1.39410727335942e-06
0.989742060759118 0.554475199561165 0.613027880259508
0.409008073266499 0.474880548949407 0.61765199146056
0.594273568010178 0.338264298153543 0.924306142362442
0.27754172999493 0.382135721484468 0.478100701707887
0.0966422301130148 0.73706880461807 0.0526893459031553
0.0356715329690011 0.142108926249649 0.126521853536159
0.997031155605406 0.227532667448803 0.306351060902889
0.45097119207 0.305715501206323 0.928406570029253
0.0725026056673245 0.273762598861957 0.13666088456644
0.174625835778302 0.630247649082745 0.0268821194643026
0.0872841567489171 0.852276923179444 0.0396204019475885
0.0971019983917436 0.819966127376422 0.03885363788317
0.21544150282309 0.551833541606938 0.254294920119334
0.369530765742554 0.67400377136762 0.402250669904907
0.0927714169995514 0.0668599439131909 0.541923177297208
0.62575576823355 0.0502432690638866 0.0127423881345054
0.306551293146293 0.218098795219748 0.752865879381929
0.00139704810082724 0.00163437467617356 0.119851283010919
0.917357765170722 0.289880516716531 0.434306979090233
0.000464459675764752 0.332349696729316 0.00019308460455868
3.12963811304016e-08 0.60617944320199 8.19357262291365e-15
0.018836936878631 8.22691876539441e-06 0.402337635070228
1.42761202900273e-08 0.000143830526602518 1.10323741733281e-05
8.83965153009507e-17 0.00674458488879172 1.534588731145e-18
3.22219776388278e-06 5.49247356058254e-16 0.5514535127795
1.60632318811323e-16 1.22576220999715e-13 2.46836167891029e-06
1.50342760350647e-15 5.14865908852669e-07 4.78249972509087e-11
0.748754782785162 0.629657256590569 0.562074026200706
0.090738710918717 0.0536485843344684 0.368095443034534
0.00785142043703369 0.00659124658750621 0.974924424322268
0.35649270882142 0.292769164154068 0.651781945908851
0.739010656115754 0.605082259101546 0.375504339976882
0.671982371313102 0.645172588553433 0.859662877257672
0.0732090581727353 0.102597497012159 0.289852332008554
0.428119443753281 0.340160326387791 0.51257468733116
0.0106308656579817 0.00493817105023071 0.414198256866155
0.366472967835073 0.227237380601557 0.210396437644367
0.930133755301236 0.699975199375991 0.116671303101893
0.0216368486789265 0.0339498358366723 0.131729883555259
0.324156225094275 0.358288331009967 0.661236865547065
0.00585997946285237 0.0150583870923776 0.118399498949799
0.973479581208545 0.923601153725249 0.765049363881411
1.82546009712397e-05 2.72779489861311e-05 0.298880564441847
0.000107900097242406 6.11031491895644e-05 0.878853523101322
0.00201053065814319 0.0120986915832076 0.00206674313694931
0.0817697394769575 0.0780663039015572 0.899702888795973
0.32623002797396 0.218151869500159 0.176482164640063
0.534724228793402 0.217616004773655 1.78267451670102e-08
5.85905224473062e-10 1.77984493394423e-09 0.159397054806774
3.15173101997217e-20 3.54547706675173e-20 0.266776953584309
3.6345686221113e-12 3.14089815656465e-11 0.00849175113283018
1.57896390961397e-26 7.45938011065533e-28 0.976088841270234
6.34636774847963e-48 1.21355857945876e-47 0.0100737839808005
1.09851406761026e-27 9.33090958564807e-28 0.217886161995135
0.613596039614388 0.488095566579667 0.812886648665685
0.654993892044788 0.402225710353732 0.464539487836244
0.898406163428935 0.531503048629027 0.113471024097544
0.979645447339919 0.950338185343117 0.862405465396936
0.745267430987392 0.53219179759477 0.0329751526643438
0.684717911844226 0.608945821709368 0.0390862428270137
0.655708525660561 0.740084853774646 0.709885876311862
0.308934085889496 0.0602127998901886 0.142966678064934
0.364022907701561 0.263354394876625 0.841396630222641
0.202224377890359 0.381531787075064 0.262182140550189
0.10622826030583 0.0745137825129237 0.905820698969391
0.109846259993869 0.296437403018776 0.109185144545319
0.15169175031817 0.209349191671135 0.38478813488332
0.0756657634295353 0.0865041655929659 0.4813973609722
0.0692433045159658 0.251398363915036 0.0457497895710965
0.0287440369306668 0.00809103789077881 0.794705738913735
6.17120607252151e-07 6.43256245659486e-06 0.0213008513327861
4.3754453795897e-05 0.000351530478414909 0.0240115679524774
0.00437854831469549 0.0334670792664574 0.0245133966696042
0.047524595695668 0.520096254736413 0.000724406658052257
0.000106929896871525 0.992708520574737 3.72237101275843e-21
2.03339194527159e-09 1.97607476437703e-12 0.671171665988003
1.29439512328443e-16 7.17564119020427e-14 6.04751481694971e-05
9.62088656005871e-16 1.41263040343281e-08 9.85634641966511e-13
1.04496883330352e-20 6.66097924446888e-28 0.569581490720186
3.79973020911961e-23 2.73416699739354e-27 0.408790644979968
2.35302108578844e-25 3.10006194374836e-21 5.39097937582017e-07
0.0941089831457559 0.285796548713955 0.111742321966743
0.00269748395767727 0.00934703775267086 0.11886470076156
0.91835601135165 0.58489778467567 0.187400839695087
0.668831809510254 0.594560229756974 0.916558017677068
0.826512796065838 0.545986986176023 0.443575439534466
0.665254209308667 0.555527246005469 0.825232293530936
0.248689957483353 0.367986406238552 0.426169340417504
0.294000717094433 0.386143439435185 0.536341278375401
0.0660511309595017 0.0328211647109928 0.888150585137014
0.113766964910414 0.274020004216928 0.16288076449614
0.122059716857668 0.692670584838664 0.00640983945145982
0.0217380968853089 0.370454689798256 0.00105687927568758
0.325619439881304 0.398625284430195 0.594837084374466
0.524976084204008 0.707222188194295 0.506860521797052
0.000294631835164279 0.00465984047222649 0.012178450696783
0.000277429547019593 2.20645722075643e-06 0.203821135274221
0.114461852254723 0.345227075603652 0.110297684435438
5.42245339727375e-06 2.3265401811717e-08 0.345432856855218
0.502838585415415 0.156015509079441 0.189537261304995
0.319857556758146 0.30508694966794 3.04880460651801e-05
1.39329909139618e-07 0.587743538275023 1.64622118013287e-28
2.50312873047464e-09 2.3891813388777e-14 0.0726540497252167
5.92326016825762e-23 1.46620912963654e-15 5.50255265110405e-10
4.20329349795442e-29 3.01340603429149e-16 1.42514860289062e-17
3.25485156955031e-48 5.76537038693065e-54 0.0527102393250901
2.06563221887724e-55 1.5796076146866e-54 8.20518235478712e-06
3.24528426064503e-68 3.46793366217578e-62 6.49674677264067e-10
0.376326754317206 0.302561673353523 0.775651202789903
0.141452988539809 0.391240552321309 0.217053106392459
0.0113806246992396 0.475262501797931 0.00556160676377395
0.0971205866370945 0.519544960546733 0.00475265023170082
0.320691973948893 0.0741125040964 0.866675610474771
0.456205670734555 0.111743938294766 0.712839420218766
0.305286945919217 0.478755123578252 0.447403504759641
0.108904612520751 0.218249512695742 0.271250931918235
0.0340604861587494 0.0985155306298774 0.158145550170543
0.538190408190512 0.567482143763598 0.735747778878072
0.0264805238021891 0.0720457486011546 0.156683289749033
4.09585858270568e-05 0.387065599066916 2.22520983887152e-06
0.000130913031155483 0.000538256226346193 0.0333281957123653
9.08608444161241e-05 0.0450645216143567 0.000400668574034714
1.35379752270423e-10 0.00403215931317131 1.21996319537113e-09
8.32298930337998e-05 6.99151055624718e-05 0.0745620975069921
1.29012815647769e-06 0.000488758215359311 0.000516892374214856
1.99675384249761e-11 6.73018306355915e-05 3.60550700672715e-08
0.00867374635541937 0.968484718277561 0.00036292276656326
9.97244213949079e-15 0.755453968856454 6.96588270349973e-24
2.38978655420346e-36 0.423667660167911 1.26887482487856e-70
1.04879617160667e-10 1.38194153226415e-21 0.505597246970801
4.47853111802824e-30 4.88758884017361e-15 1.44309659088018e-17
5.7446599356899e-70 2.38160143172262e-14 2.09993468559791e-66
9.86475463138659e-30 1.04302791595087e-65 0.430229879818978
1.24536539208643e-59 8.84473824455253e-54 3.50963684897592e-18
9.33731814928818e-103 9.13577101470848e-48 1.78304368847606e-61
0.0491897085777445 0.0815662911044999 0.197428819096818
0.315979203642165 0.465200725384705 0.118596715488326
0.997235345335197 0.804864200706694 0.256099269976868
0.140818726256283 0.146379303295353 0.774524411665896
0.867639413103585 0.741695861730608 0.412055911358248
0.681282715433111 0.565003219097861 0.479949095617131
0.0351412643887356 0.0167997724226717 0.226546669851789
0.205694768343851 0.0546882652040677 0.00130699740501937
0.539898729143153 0.458149505532979 0.538447890521135
0.415081538116006 0.523717686428358 0.306184477059264
0.849524230678535 0.564448881526772 0.0522125614651964
0.5130715830474 0.941832790046396 0.000281795667308964
2.49219306228455e-07 1.10560640796278e-07 0.938322968834901
2.97597366289033e-09 2.5421274629656e-08 0.0128059728306729
0.00956226836657154 0.0400050270175704 0.00322746815560034
1.0547333730075e-19 2.2692987686431e-21 0.532948453101446
2.8553066418727e-15 7.87341870118229e-16 0.835005276376845
5.91354685184313e-17 1.08388764731032e-15 0.00952959964829084
0.953918859203267 0.790062166802397 0.119768189087817
0.241434241248739 0.827698238696416 4.06612459280845e-07
0.129193297041844 0.582151972054628 2.60507247249592e-23
7.36484510725213e-54 3.51971404779534e-59 0.0851535404434098
2.76670826795693e-69 2.89104369945752e-70 0.0778174327482032
3.84662183590994e-76 1.56318282105563e-64 4.85879066413718e-22
6.11996889301582e-151 8.37860056795659e-158 0.601635955517973
1.5150013904578e-155 5.42925875755232e-153 3.34593575822782e-06
7.00089795070856e-145 1.14356929214438e-138 7.24083440260304e-12
0.869693803972726 0.664154771451485 0.194796625430795
0.613492684003166 0.750399956821583 0.583180598708496
0.734084611900193 0.983846125612938 0.441079032366802
0.814105073982098 0.342195834897397 0.142589890814651
0.0167831504451697 0.0100066625357545 0.759517451235189
0.143104298779225 0.316560134886422 0.170655807696421
0.935581166367627 0.876418254869956 0.581408290538835
3.09478531802444e-06 6.64442719280694e-06 0.104973179568206
0.134028861161792 0.173388921367533 0.469515142128872
0.753015431449052 0.830297370058316 0.237590373373435
0.499023277544645 0.00821741410691098 0.000154045596172091
8.05487009510959e-05 0.0265857290701158 3.37224313950795e-06
7.64468842150111e-06 1.13748082068092e-07 0.638108121241703
1.55773113551423e-05 6.69156054215236e-05 0.0525721934577229
9.60203105647242e-07 0.00134917133811486 1.38680473522925e-06
4.39748974294821e-10 6.51310144729273e-13 0.726447229910792
2.6655176440508e-24 1.67821711628915e-22 0.000151071968121094
1.66644124301253e-25 2.41691591409752e-17 6.37661305415008e-12
0.405343733953525 0.32552198698524 0.918604017092812
0.000159189314399409 0.333305038726483 3.50081501719532e-28
7.73141555827191e-13 0.484312440760029 1.94407157426199e-77
9.4439698825539e-51 1.18341758476144e-64 0.925366607686272
2.99004356079652e-63 6.52496938621802e-53 3.31630722679741e-16
7.9121269402075e-97 8.73630021907661e-56 1.14368504885539e-62
2.55449395450327e-109 1.4930481137501e-140 0.728143350928895
4.61335948312833e-138 2.60159322158292e-146 3.38565557730779e-09
4.56515268917595e-148 1.1854842687036e-123 7.33691636021596e-35
0.82327544965285 0.681947989242501 0.744961126720491
0.144473797373415 0.509720986394177 0.0522692449093273
0.574260332537999 0.348398478022626 0.523615815892141
0.0494029347563228 0.0271557496343411 0.989786271538626
0.174994925171343 0.137416760562419 0.932906986528954
0.774585446529124 0.656330903191162 0.797437451818086
0.433435448237339 0.921054039088863 0.112559087466301
0.0888087653248562 0.0276370931725395 0.572789801971438
0.154160503893979 0.394049503429029 0.117576172111547
0.704029806706358 0.673855840696126 0.991223169123218
0.940966625271726 0.354816835375744 0.103123880596247
0.465224072959151 0.609995563490384 0.00696241904603079
0.0895759870399438 0.0424611123972509 0.803421828231094
0.00448494299519868 0.0106946302658383 0.196797139137105
1.26490910933527e-07 0.000161175216969879 6.78672196262502e-06
6.43639014186728e-11 1.84078935535593e-12 0.565425317026953
2.23683690435589e-08 6.22949330257721e-09 0.335974280927095
4.00919460481619e-14 3.5433302344129e-11 0.000257083378004883
0.146066911980336 0.263310245843516 0.307251330936889
0.000415037459138857 0.337489184181136 6.71516563865335e-10
0.000204560959846912 0.0658022442147685 3.25478340317035e-35
8.47682324399643e-24 1.73661074761953e-29 0.902741887359133
7.58100858226967e-38 5.89028937859624e-31 1.3079584355691e-08
1.32436287544601e-60 1.29719920290422e-37 3.88955357789948e-31
2.4220608325e-81 1.13488297865346e-103 0.63091658464369
3.21222657057495e-113 1.70379314133743e-114 2.88519667127864e-07
2.79943058508491e-147 3.72522580834765e-118 1.29900157976721e-33
0.795443351802774 0.751895946672636 0.535999613522189
0.717389378804762 0.145531207179305 0.0835652634592623
0.000265997038236879 0.0364793841931348 0.0023229893707124
0.845954267000483 0.582392878074291 0.83119808118559
0.730535893754735 0.287679971585561 0.653120360293034
0.739364758573493 0.678577358307445 0.923717322804768
0.44021512491478 0.467599386632663 0.0947340162573138
0.287231070284022 0.0992880398193029 0.988750893459886
0.232646173779256 0.859691749296814 0.149793921034972
0.121959675918286 0.689941750091344 0.0858106528900808
0.179259291877017 0.167783250956703 0.00274140498945636
4.48063770578786e-11 0.435914132271005 7.05156292710095e-21
0.0738634146340705 1.2678985758109e-06 0.0796615051560251
1.30123990030432e-06 0.000240810206352578 0.000835879107430052
9.92656259868432e-16 0.000329829476254874 2.29403199326049e-14
0.00100089900221703 3.34461533500947e-08 0.712940043276629
0.00158635312971121 1.70300163111944e-05 0.570783775423166
2.24850041351048e-18 3.64262017093857e-07 2.8595232727795e-13
0.326899909653037 0.713071391054765 0.100670730354253
1.81490967865634e-29 0.583539653489183 1.90949440395987e-48
9.14552342195575e-75 0.0613412563188086 1.24971638477752e-153
8.75173412361315e-17 9.44985729439583e-35 0.528398497489151
1.88808317519367e-92 9.93817283076821e-41 8.21972275603805e-56
1.97177700270541e-134 8.16685075785124e-28 4.38636671838845e-123
3.05493898253537e-47 6.65957607944346e-118 0.705848004124278
3.84610284981803e-133 6.16184708843296e-114 2.26690341387468e-41
2.36323334073567e-176 1.90940222279947e-71 3.48653181802878e-116
0.408525662310378 0.270990959471177 0.231478465662067
0.649848346657929 0.614997230892112 0.84253214557952
0.937556834857671 0.837033804505084 0.53122662284718
0.803335858320286 0.539311473611046 0.0881134714869684
0.0454681484991083 0.0410448626655638 0.976958486590158
0.036224704561421 0.0356294120102298 0.804866156909207
0.0920348294539954 0.110161023557116 0.495341135916276
0.338375267451431 0.330856410046594 0.963232498946049
0.426967231745086 0.467086819786776 0.664396844306636
0.615818147809539 0.606184565466232 0.997900089799061
0.893081396202521 0.658423564253842 0.150452894524206
0.831731069449449 0.240699129953407 1.44466509290065e-06
4.12593400201324e-08 1.00018467673753e-08 0.572145539951803
3.13140592149722e-11 9.28099096512396e-11 0.110707661854903
1.210195738033e-15 2.73073701734716e-14 0.00368564199922191
3.63322774336975e-36 5.03137856531692e-37 0.421537697132218
2.67356745669391e-35 1.04183208880531e-35 0.254043868929228
1.43213005885299e-30 1.04382333917876e-28 0.000572609890460821
0.351329129713074 0.515232393691358 0.106115139673975
0.574986458957951 0.490977355005074 1.79785670136151e-09
0.00107772610526092 0.315805004414086 2.02695945941586e-35
1.17901646862196e-104 1.47447111811088e-108 0.405545244723535
4.18933573279061e-133 2.9386485169579e-127 6.89403290836854e-09
1.75379468266773e-132 5.74854082940287e-115 1.73344256623503e-32
5.59427908386709e-261 1.67792386596953e-283 0.0100884154143379
3.74760067946294e-261 5.97291733392961e-267 0.00622310504339743
1.50472388100311e-286 1.64719126244004e-279 4.7107176273051e-14
0.33489000886538 0.986004674654082 0.0216116573379637
0.575827426048551 0.618800246072279 0.772770611907361
0.578298745569967 0.659924209315174 0.027829445826322
0.754644486839685 0.913319948990839 0.615583075675643
0.0488255627241199 0.484796111848069 0.00167868934611237
0.24716298975891 0.506777460723577 0.178734322423381
0.0153034364899437 0.00696977766226375 0.919577006150914
0.000917766987746602 0.000151210410849729 0.955276388024709
0.0240023569667413 0.0542646166517918 0.190277246451006
0.283349945480609 0.104063950085649 0.392372376344243
0.0797645975522999 0.366955348993907 0.0234144075002577
0.0173818881767438 0.386915741887909 1.6757577726786e-13
2.73515047038172e-05 1.35040454833307e-06 0.857948730548906
4.37093728264094e-10 6.04428456000857e-08 0.000497109005831142
5.23427692502195e-13 5.18485833230792e-08 2.57109736424133e-08
3.15164730288553e-27 2.59381280872673e-31 0.177455694382661
2.88974739993158e-31 5.15653230459008e-32 0.00314550978697887
4.48197028909689e-31 3.51580014178538e-24 2.34816672626974e-10
0.854569289455576 0.806223872625326 0.937453838474446
3.81342174505692e-15 0.0889618009153236 8.74051729322855e-49
2.62242582237148e-33 0.333545031899935 7.17740631986827e-154
1.88645749318418e-100 1.70982002257401e-124 0.426866467655597
3.84821075390387e-143 3.63006768192619e-118 1.18287284280488e-34
3.32027462726212e-173 2.62252005593156e-99 1.02737560855893e-117
2.40053249608414e-246 5.95312585959036e-306 0.142611644257872
3.38146104536167e-288 6.29742139849709e-291 5.90733255470491e-24
1.97626258336499e-323 1.0039165617778e-277 1.07605458786843e-71
