TOT AFR EUR
0.88002593654583 0.649105976204299 0.5128613967922
0.0908447369203065 0.0319932609986853 0.662600919363976
0.385722190070168 0.583594717397541 0.354318659625628
0.9317684786353 0.963528401868475 0.917383451616079
0.823460904991453 0.52730299274942 0.0842575933500293
0.885157278222376 0.912975419094908 0.921857510866266
0.0430262832958054 0.400131745137702 0.0101530229414527
0.175769728152329 0.0712175871451507 0.558966485256635
0.465225362692199 0.777472610480165 0.0240115267926074
0.849946725252 0.427903400560057 0.228320729776035
0.815731270851038 0.469643626335991 0.341198278996189
0.595998183971227 0.320790030158406 0.402567712981844
0.464480673632464 0.789841039429534 0.273426567135663
0.167229663316998 0.267838487247304 0.400626621341865
0.000860693317663682 0.00367430092639739 0.0861801559506346
0.0238500812682557 0.0350489759194184 0.40178576168732
0.0815825209710551 0.0385837020363916 0.777196411068258
0.108772892707829 0.276871100214948 0.127708320883219
0.096143090503079 0.135838261199985 0.449414422613639
0.035016911265284 0.156802065287894 0.0677421906441856
0.287850778790816 0.370318305960982 3.23642694872568e-05
0.000597470722685512 0.000121043660763893 0.852660327339314
1.62503776475021e-06 0.00013157888228644 0.00433124359005776
2.68510234009977e-09 2.11565860846942e-05 1.90270544525025e-06
2.3615596206008e-05 6.72776181427927e-08 0.263264496206704
1.06407480821022e-13 9.74893236694882e-13 0.0123345169428392
2.74566212778336e-13 3.04678845144602e-11 0.000384505380264653
0.214993453153624 0.0353854692351488 0.904153966589153
0.666759073957172 0.0371457921013943 0.212192001367319
0.683296270991042 0.658191435686026 0.320494275017604
0.603816876757898 0.960999083981826 0.526226058246459
0.191787953916533 0.445902519142113 0.275007170349068
0.0670426610727463 0.0861314693078225 0.311017546047425
0.885418180226994 0.502591153594892 0.439247141027198
0.863362098006809 0.0860869626029861 0.220092976501028
0.92528074431394 0.582592885094953 0.580228426363523
0.094735128990943 0.0462605128604065 0.589070924668593
0.922290555094846 0.542030439189511 0.518090389486154
0.579638987824054 0.198152011989305 0.0562512600162277
0.568440431752033 0.616181470959297 0.723536661992548
0.818302837509951 0.77749923406834 0.953756248521074
4.30872634861177e-05 0.0492355284853145 9.24989692605255e-05
0.0723534881507568 0.0627261580037934 0.426017959776208
0.331531144876662 0.0176590039289664 0.399552865951631
0.508787774330019 0.882222164869973 0.433217141784475
0.00185456993001634 0.273185127951005 0.00154584201897157
5.05322667331648e-05 0.466363968599546 1.6229816327311e-06
2.78481108413289e-08 0.852649850037979 1.02529260878421e-13
0.0101801305311602 0.00392779323411495 0.323830122096492
4.77899133010052e-05 0.0125466315004237 0.00122361191372492
5.67726171085325e-12 0.00665856693841475 1.84243934097766e-11
8.81589954408848e-05 1.24650021114605e-09 0.964765645185152
7.82464959167405e-07 3.86227354651797e-09 0.044617229756455
1.95666583595769e-19 5.53915785430408e-10 4.38642406262686e-11
0.414543073467297 0.328176721807 0.466687092358777
0.94604562019297 0.48559437979896 0.0172052103297959
0.485564060174317 0.513272972043633 0.76461872091596
0.0569556062478651 0.0542218536188026 0.896152121323741
0.0411591723782926 0.0459468594193632 0.648260343065298
0.316621040633151 0.307833138097247 0.970512508065694
0.481209877742637 0.377888550785178 0.513215632197479
0.17442538568039 0.127047809973894 0.593608279438519
0.241837294903661 0.227050488564116 0.974188410014938
0.361971596779537 0.348250576113442 0.982992668254809
0.670934112070859 0.447080183426603 0.170076185601991
0.00202304135322629 0.00339746521893457 0.29869285842466
0.0099459977526035 0.0152684187560006 0.315462814203219
0.00068780173414998 0.0010740527747784 0.387178201756648
0.291212990270282 0.272928099059687 0.94605941613634
0.000196872536065412 0.000250567442074508 0.336804601932992
3.98205432264439e-07 5.67913703999152e-07 0.380544859497817
2.24358657294535e-07 9.14824891484367e-07 0.0595043882600546
0.64509674482202 0.656984024532282 0.894101589424296
0.905568551574125 0.604867270125895 0.0362694207830686
0.41569395493407 0.951804952457571 7.1487217499399e-06
4.10712508123656e-13 4.77185680397923e-13 0.310944594544965
7.54033907649008e-21 2.19006937728931e-21 0.6330239177323
8.91739948726862e-26 1.89294770823138e-23 8.60341948891307e-05
2.63595147908043e-29 1.11419132116732e-29 0.305459309611918
7.58457407102056e-28 3.13610429630358e-28 0.391302756802128
5.65795984983107e-27 1.56990234231872e-25 0.00974861049405865
0.360586076610988 0.117920740336754 0.359119173752439
0.18465947872789 0.35763261112101 0.235145007362525
0.706827166457741 0.818726538004014 0.214930897137089
0.737376483453787 0.71904200159625 0.971558472209803
0.652262495157319 0.689747355409843 0.819453899991653
0.8054917225696 0.878042860195332 0.359191968159872
0.364356844327473 0.304803704740766 0.992388058836587
0.13472699598314 0.026737333097104 0.351032127905606
0.0568859458937797 0.0196183235605432 0.732331578491198
0.808422811077908 0.242148304621042 0.00687594198665886
0.877201042858741 0.479832480278827 0.0604150927561067
0.59505693059279 0.0736757149244803 0.0224125426197329
0.748259633902401 0.295683366276751 0.149919283546502
0.0227245698697247 0.039725746846617 0.245884251371632
0.285673427617418 0.762390313458406 0.00357726761290519
0.000375378186841372 9.32261740074526e-05 0.767653343955142
0.000295874344936233 0.0026312666506289 0.0161623826680232
2.77549763029911e-06 1.51728425658554e-05 0.0342389646230452
0.181697855716462 0.27361354399929 0.410830024114437
0.445935709461562 0.554047693593518 0.00211613722776315
0.0206889343777186 0.578315382198683 2.97018114199631e-12
2.00428596956606e-11 5.28921299595749e-17 0.0860189914246228
4.63407015141385e-20 6.0454202596732e-15 2.71442005313562e-08
1.23058365990835e-19 3.972526197059e-11 9.85000008835939e-16
2.48241675876865e-33 1.00081060500495e-38 0.143445142361989
7.53086312941459e-30 4.94445146402702e-32 0.0148549995433282
3.72103094991335e-30 2.46439822787032e-24 7.85052404308605e-10
0.122032026691563 0.183290003250024 0.419126635865858
0.408083000125393 0.693940225970823 0.285342847857567
0.274270956141347 0.118121789663483 0.520100440629256
0.45756098612898 0.201095817944834 0.364506814693551
0.572530639790476 0.38071858101156 0.636808668171049
0.171035581466934 0.256074776825271 0.425884377021274
0.00238107891176796 0.00467070378566104 0.232565006975612
0.163211014964821 0.0849087665955624 0.765424089085685
0.491967782647288 0.996567186581478 0.112527544984326
0.4307677355798 0.293913575817345 0.728979230080715
0.481426248503558 0.528562724264913 0.75215802742618
0.00516982860920324 0.0497078673685397 0.0200081275195093
4.96261016723374e-06 3.65209621081747e-07 0.918407621674356
0.00109050944774347 0.000164457010747567 0.819244867046916
0.193756931212662 0.193546049506258 0.76546501630756
5.25190501235359e-05 5.52522212360636e-05 0.31407033855334
3.25762654990293e-05 2.35622373066861e-06 0.902521487866396
5.38837096452598e-06 1.57879622448964e-05 0.120238436427671
0.322875717425362 0.511118204558531 0.382544809557633
0.275218771448631 0.88445097640277 0.00428253121159424
1.14016936548245e-05 0.124697170408134 1.51379738208419e-11
6.6368258673931e-11 7.92515613403397e-14 0.741010965935019
1.16116397801973e-25 9.3965655250207e-19 2.55122637241413e-09
4.33046869657307e-32 1.472364789674e-17 1.10406003250852e-22
2.71459818067574e-49 1.5737132725666e-60 0.64838773320646
4.47485833255164e-53 1.59652326859821e-50 5.44943226358137e-06
1.08565373021481e-61 6.07856158738686e-52 3.92972083781831e-13
0.531894305021266 0.977693207541598 0.389946030365444
0.0685821450793612 0.0647011769498333 0.399773244299295
0.0632518364711192 0.799322562678659 0.0234947308544731
0.262828444090669 0.20024678178772 0.699547007567423
0.479185556452617 0.697752138786165 0.200401725024307
0.0923246771068028 0.182369776639711 0.274418826566689
0.273189167817484 0.0422308164961635 0.774089045705242
0.903810698254263 0.73882127010607 0.647908755620213
0.828176521261489 0.844044129848349 0.904486314336132
0.417075733238623 0.180518679992603 0.952636499744004
0.120347284575956 0.704123660560328 0.0805570490986308
2.31814985039233e-06 0.807464070577504 9.21736658365411e-10
0.00464553173143039 0.000149069433032034 0.593638515277107
0.000135349210481463 0.0015406870734497 0.0133698847948728
1.93741803859907e-05 0.0233290607203074 0.000169689331046229
0.00280959999342854 1.92302368816654e-06 0.948184045996305
2.01037334205883e-05 0.000183552826723352 0.0109849357630364
4.49567158697549e-14 1.35005308828848e-05 2.48460286123275e-10
0.976779224006119 0.563347457017172 0.646099263529198
4.06059393117716e-14 0.34158004301572 1.56808680765503e-20
1.51347588105045e-37 0.763367447868844 1.41190867205714e-69
2.07695233329603e-07 3.07528365823547e-15 0.973995544908598
1.41275338595825e-46 6.17417137642284e-25 2.01628983842719e-25
5.77279302689399e-80 1.36508890202567e-18 5.38762600935693e-73
4.79573315238006e-33 2.09801622978539e-63 0.108010778536803
3.61452779572384e-69 4.00033783123846e-51 3.4912696587083e-28
5.27867136097349e-117 4.81876071511585e-55 1.4769566880656e-67
0.209094227113959 0.318018713749134 0.122258900414279
0.735365200352605 0.855277634509519 0.441614644845726
0.60598358979811 0.793573890707569 0.165753387040621
0.258755182581988 0.368317122070344 0.179840296126593
0.94694195683401 0.869266169733291 0.293922514457801
0.651347710898979 0.592519847480864 0.734108027322044
0.673688497409095 0.659251005450526 0.964299427028258
0.00658324694317571 0.0127694224950349 0.132853822900699
0.960581099220283 0.983516888952957 0.745030094981442
0.297665200843853 0.227778116008623 0.494869169907194
0.422130957021603 0.501440228999684 0.435086511930144
0.630474456950955 0.638821389822832 0.904322257043983
1.78373925494554e-07 2.31409911349705e-08 0.229739592451646
0.000789158804918211 0.000828324389961493 0.648845715345059
0.000430831601222858 0.000915152448996786 0.153878513314215
1.70561771207088e-16 1.21799339502688e-17 0.606496345499804
3.5207032320517e-17 4.27335869528042e-17 0.229593294261343
7.01138006665665e-12 2.05841722521488e-11 0.0648813483453368
0.896959779675497 0.762684868250674 0.433690187460383
0.39755507640728 0.978387211147014 8.50741098159774e-05
0.216500219954889 0.83552251387067 1.9092981708999e-11
8.82896728193317e-63 7.66179202133729e-65 0.484826669716503
1.63846622866396e-64 1.92360803283518e-60 4.55245488166308e-07
7.32563532593874e-66 6.05856206021101e-59 3.55972053020255e-13
2.92483278304937e-131 2.44269942254868e-137 0.809333600544842
1.71344238063208e-132 9.62459932490945e-135 0.0266330897363634
5.26258228777122e-140 3.24593987487107e-132 6.80880563609976e-10
0.947438593212507 0.791347733881913 0.694462276175578
0.474648990024004 0.308389832598486 0.678303295528606
0.723475719574824 0.296122585883453 0.157367372459712
0.945770303675642 0.592068965145478 0.340058426892719
0.0119382057229928 0.0387109630136721 0.0998608636375918
0.0569103599380913 0.163070978673188 0.106172915470847
0.0800135809372026 0.09947491097946 0.471427608390584
0.0113659264708438 0.00860994441866227 0.62950918549232
0.00883249745985999 0.0315418273612417 0.0802034922049418
0.211065687862088 0.157018285962647 0.989649855496231
0.00956069055276655 0.153343475179392 0.00164379448637005
0.575698523938182 0.313401074087804 0.000338294749299082
3.08948620356868e-06 5.13143521342597e-08 0.737518834359357
7.06329296424344e-07 0.000168093469635601 9.92830298767564e-05
2.52367390395299e-08 1.69958697594905e-06 0.00101410495087132
2.44424923392338e-13 2.60634709491692e-17 0.756453151081198
2.7073055722042e-17 2.24677897962988e-19 0.206413192305661
4.70155487023671e-19 2.87023231909948e-13 3.16216390478564e-09
0.804533248095872 0.819689317017257 0.294926417157876
0.0129979534369852 0.703180969209004 7.12657393159087e-13
3.62724950146211e-11 0.301406686973543 7.86693395877419e-80
6.50700663262415e-57 4.80349576588898e-77 0.303442385403313
2.42143603138803e-64 8.41395891040464e-55 6.79033911795827e-15
9.91779558963563e-98 4.63376148829653e-56 3.70801523333118e-67
5.17671305893189e-112 6.73730799011701e-147 0.686267798714516
3.63327661397247e-155 1.0734042040166e-160 7.63416529643023e-12
3.54066220672646e-160 2.13694962545263e-141 2.06474501908059e-32
0.120526696214295 0.154304673396008 0.535567307440173
0.924116989690801 0.259462943864341 0.01380226129958
0.0511569289600217 0.0876297616744757 0.327963837946161
0.927901809923614 0.236602081588001 0.0316079830657924
0.771814393794199 0.768921979819081 0.951669313532309
0.899912476048673 0.310621169989191 0.0697260596666539
0.00762250185614029 0.00257825219394378 0.955320380782665
0.93659358440722 0.525646424018589 0.154601426443423
0.0375907033708847 0.0229990216700944 0.917581923630893
0.813327406435783 0.489493431377258 0.398483560489154
0.171396948962013 0.0543685934242077 0.414766834000698
0.953734219380672 0.171977323734854 0.00773342179382782
0.00197468946107183 0.000818517475939013 0.79763970748156
0.0719780772644253 0.085857396005634 0.541363870533424
1.62489950499759e-07 4.3621461442936e-06 0.0104672570964458
7.779022316058e-06 3.69536804665669e-07 0.907052210293622
0.000110099926029459 2.39413369602665e-05 0.833790535457955
9.36327520653083e-10 8.95015348256958e-08 0.00202364320915724
0.474718822965477 0.567395479206174 0.63339829015616
0.00193163827800633 0.986316449406524 4.59415526184068e-12
1.26973304212412e-13 0.107720170074266 3.21832673157796e-38
3.38205831419191e-36 1.61818154985679e-39 0.0648759823907405
6.12314320104721e-48 3.75685629703974e-39 1.67420480888559e-10
4.19716489962614e-62 1.36055417853076e-37 4.27817922875198e-33
1.77631251011835e-98 3.16152460640792e-119 0.2444126652943
1.72498386123759e-109 7.07708640195348e-109 1.5401286816844e-08
2.52570517462003e-133 9.45186857821057e-113 1.58247091886314e-25
0.997092037180239 0.513213798572483 0.575557412981437
0.456854982909905 0.304559227144939 0.910324272162051
0.396628420987848 0.298214400062298 0.0424869226384471
0.313568136529336 0.127447714258828 0.969565778858348
0.742258782227615 0.53642247743707 0.930913661463944
0.00484670566843485 0.294437215527972 0.00407050827942093
0.133489050517506 0.0112435908601061 0.877843484638178
0.437628437065926 0.389528978150363 0.767911190626213
0.0127170312717205 0.404490107079781 0.00956978565894864
0.0398384242723118 0.898573931736926 0.0043498823623394
0.210300859238339 0.12395527902687 0.0029471726531758
1.41253425937727e-08 0.85113027654477 8.09541112013919e-15
0.94075547265727 0.0336410010574728 0.0842013802459605
3.34042386706251e-06 0.00843863471921047 7.39585976319865e-05
8.87980528207803e-10 0.00217150566977767 2.7040230183641e-08
6.52308181768517e-05 4.04787771823162e-09 0.77564306479999
6.32290115076376e-09 2.20883126301562e-10 0.0211339884276008
4.93273708601017e-21 1.05964549581346e-13 5.07449007353729e-10
0.230297684387606 0.335015266084046 0.440727824140972
2.00105542194313e-29 0.848884633961895 6.20663036193482e-52
4.25471226847941e-85 0.795521767880061 1.47574742895542e-149
3.1922254416354e-09 2.19523019064743e-28 0.15205688617664
9.83850167752288e-71 1.11040462090188e-31 6.78676987506956e-44
8.28999472507357e-133 1.00151957237927e-16 1.95341903380359e-147
1.66751945246018e-55 4.24434754802819e-140 0.785049632382933
1.82460286215431e-143 1.75486636611457e-115 1.22484533624913e-49
1.38408903620419e-199 4.84297078142626e-79 1.78860568158987e-130
0.618352242200112 0.893580976932816 0.0719936080206338
0.0907482457277155 0.098655323461889 0.670423542602556
0.420373641952565 0.636347352963024 0.0959619509317367
0.00146954648007372 0.00216543711534761 0.314194447436336
0.000531597289672078 0.00020481160178613 0.457665513813135
0.665583082209702 0.67616693945423 0.905925066540854
8.15834586706717e-08 3.69078164308566e-08 0.947028691199977
0.0500386230439714 0.0891243580224167 0.12492199195668
0.00038428500027244 0.00175965077337178 0.0130614188069381
0.694234228675463 0.883635597362379 0.190273541682517
0.93847848792855 0.754377617494373 0.0490252521375489
0.538999481420959 0.249837539603714 0.00279800112819253
3.37272038265127e-07 2.78813075464985e-07 0.635282496606489
9.43258031841023e-11 2.07823742696133e-11 0.773925345391967
2.28728435212645e-13 1.40175406230964e-12 0.0317819749290774
3.3067682962438e-31 1.39678154595342e-33 0.439586186904584
5.89252473682417e-31 1.20094458340763e-31 0.441994807621531
1.39951876324625e-38 3.5322623251816e-37 0.00233339253865802
0.776497328226301 0.796830987158164 0.859784342804409
0.442723798567865 0.545262743663726 2.29688220075625e-11
0.0597447637667338 0.55219002537914 2.34896693641164e-36
3.55638421522797e-122 9.68899153977377e-130 0.666521589161581
1.81987748548908e-150 2.59087161999508e-144 2.75134660677984e-10
1.17989978419661e-144 4.92901623767175e-131 1.37035680806289e-23
2.08790494302356e-243 1.81529912628738e-255 0.703220711475207
5.89916588237261e-287 2.80333766960174e-292 0.00187837802557783
3.57968936730663e-283 1.61317604142002e-269 1.06682284314771e-22
0.175518621444397 0.200430312064363 0.588666535996178
0.900232320814539 0.450443886788411 0.0759444761073063
0.623837531758478 0.770088688713442 0.0796724776275314
0.802779990238389 0.871891795344191 0.794933606463219
0.659666459917823 0.565863295589664 0.882352457017399
0.000122917951258308 0.00312416747736069 0.00243286185056014
0.0246653448750985 0.0397030979576723 0.31844263489796
0.000105128709880372 0.000888037017264032 0.0246129093432695
0.00092360941699952 0.00454486322639075 0.0514908485794952
0.619326659946934 0.99494567618189 0.237419167383367
0.00791404962897409 0.133129143222461 0.0017099410936218
0.000354140992784906 0.728691796461872 3.98088229422813e-15
6.22725096943534e-07 9.60902318375293e-09 0.875732097893072
8.08125979085251e-12 3.73164831864493e-09 7.47958527435341e-05
2.2649733233467e-14 1.85027820017728e-08 5.74366373833547e-10
3.7015575490514e-32 3.28833670840117e-36 0.0884002661640434
2.79597506879012e-28 6.30925385371429e-29 0.00412884051129331
1.52902237487349e-37 2.26621923279827e-31 1.88545940134923e-09
0.76448317210558 0.454207445201399 0.409716635237286
4.59680472874233e-12 0.597600656924181 6.17365165032887e-53
5.09414839655672e-21 0.285034592734836 4.34120907615244e-133
2.40753985797013e-93 1.74312625862357e-125 0.275606505777752
8.06993700427218e-134 1.58429516107392e-107 3.09968896564894e-38
5.62100462727806e-187 1.50577469734213e-113 7.51401930524469e-107
2.86896431589295e-220 7.31133759276041e-287 0.642674359698909
7.52814983045002e-289 1.78415863857461e-301 1.17629410448381e-20
1.27239352364147e-293 3.54000152081384e-239 3.43488469703832e-76
