TOT AFR EUR
0.0366972418946291 0.273569703829049 0.016876298236261
0.561688052725046 0.597132790358651 0.797508612580568
0.761012598485372 0.832887359548601 0.811266219639399
0.293272389186149 0.0985936993026962 0.311074412591794
0.248193257774896 0.111667119396758 0.5692681653279
0.272055684398277 0.22751636175354 0.957778369797961
0.377203996214706 0.483453275966404 0.545381092141632
0.10744396963388 0.0110536584905768 0.0673761797229595
0.29316576897693 0.356912296930299 0.563730840013952
0.729033784415325 0.702047980274082 0.998784659852196
0.899063584616658 0.856751307597952 0.945054277571699
0.668794699720254 0.556223386554075 0.836320761103476
0.0556611171131256 0.0156734525674736 0.555737801493323
0.902490924448363 0.996561113356494 0.776246093579483
0.931539705370617 0.982994901992071 0.808241727324999
0.139603853087626 0.0410736056281874 0.42048200751744
0.0167761828023642 0.0656224342920466 0.107257769916614
1.24056116786783e-05 1.40318296874395e-06 0.935735780346916
0.893246284323458 0.937006409339395 0.892997342779043
0.108320005494297 0.299426268999066 0.102143092419126
0.0506486211944636 0.336116458917434 0.0172122809414025
0.000153996565154791 2.14446646108685e-05 0.950480166911642
8.16193453680607e-05 0.00423348482368045 0.00103598526310898
2.55306871091775e-06 0.00210451863814398 3.31739173548398e-06
3.73025454542756e-06 2.21818716828809e-08 0.440860268667205
8.22905056820709e-11 9.23652043109697e-11 0.072514111012164
3.53276762560034e-09 1.41444327615469e-07 0.00268804706134738
0.815045894746782 0.652552967989922 0.955141984950633
0.274060557131877 0.449131155856065 0.0440243230549418
0.990860528870245 0.648003191747363 0.708118696972939
0.5382326811285 0.704130771445588 0.615200052184342
0.106875007875699 0.417958453957031 0.135901586277373
0.462042607497113 0.536905175265177 0.659157619880024
0.81127714183155 0.61794175861945 0.90160518592974
0.606036309740218 0.537859535993654 0.855986497125293
0.88225707366434 0.710364651570301 0.609410666460835
0.528994079947591 0.697580119520522 0.605557960128726
0.00104129343128602 0.236772299484468 0.000703263279247379
0.879493090647147 0.049904056664449 0.166605470341459
0.160513228888878 0.0587598072758513 0.829885752706001
0.0790221715038264 0.086688423966902 0.382070646407343
0.00399576596213013 0.390250944107564 0.00158669641576506
0.00438048353817135 0.00856148184694687 0.102442805988453
0.00539152530978665 0.0111531730466375 0.124056602684158
0.00399376576310955 0.0249045950586379 0.0579083490527754
0.162077110372932 0.12298515686573 0.620449228254666
0.00215319026620036 0.28648648126437 0.00166131866694826
2.122468209679e-08 0.319318559673939 9.0697215170876e-18
0.0403930818210908 9.52723819475007e-06 0.209317636517116
3.1625886865042e-09 4.64296641567148e-06 4.4955500281171e-05
1.35273883372558e-14 6.04244117651104e-06 4.12906456234416e-11
0.00194964264368926 1.47353910831057e-09 0.298666278577925
2.08831626821989e-13 1.60922582023987e-10 1.45252433435728e-05
2.1868645129226e-22 3.17805803574511e-12 1.86737486863325e-13
0.879808285407853 0.927211714194787 0.64143863759608
0.659060941466614 0.73636327669358 0.550741709202931
0.707511586286029 0.92065395366667 0.199578523508565
0.0824130342141181 0.0860392159636769 0.760349886589586
0.674697511198781 0.821115032557515 0.235334241215048
0.87218729546721 0.781965964482141 0.657191382195676
0.0893400541843609 0.0702467331772503 0.73635690738114
0.0193907251747946 0.0195879013724117 0.775617423695142
0.590263131511164 0.884833723068186 0.0291565658909914
0.531213556550311 0.541715838075339 0.812645380934053
0.590126074225867 0.369609612389336 0.12782000743081
0.993880226376324 0.655132446473494 0.0130430843058863
0.00373745195427066 0.00185450017840901 0.368186725903055
0.0332491201965629 0.0225487745295951 0.64498229069945
0.000789885612255025 0.00256219844431559 0.0344205005528343
0.00200223046346373 0.00343386118671285 0.230068666620717
7.26895602886317e-06 1.47932374036425e-05 0.104104605634373
3.8464091661193e-05 5.12714311035287e-05 0.387158394451465
0.763051973000332 0.747960329431054 0.940659962700079
0.067781298945146 0.01767242415889 0.0141266256863499
0.242158166623891 0.815954230588194 4.5163501118496e-06
9.51651280654457e-13 1.4908301473923e-13 0.660854440710401
3.02397480486509e-14 7.35703887378115e-15 0.909442379025257
4.87935937214782e-17 2.66250193732356e-14 3.2689583050859e-05
2.15050786924565e-30 1.04214830502728e-31 0.732945565630864
7.09735468237541e-32 1.00386415150815e-32 0.560705643883272
4.29466397612053e-28 1.3799654462741e-27 0.0264007761770666
0.890433086537672 0.422694510874258 0.228726077750141
0.206479503881001 0.409474881722107 0.2416681790873
0.825418014154767 0.586842290231355 0.511819549006829
0.357757842710104 0.665442389901503 0.148469035212571
0.681254929226956 0.871860094783278 0.496903013201023
0.874326051518985 0.471893750611146 0.0504778322883385
0.067505852664116 0.0777430909680363 0.504903533109073
0.850859619061182 0.732497207764004 0.814418519045358
0.0544612702858948 0.0609541266139371 0.549289698718063
0.53421315129943 0.525102171841035 0.884737014752878
0.0754912710885113 0.193320517038914 0.132324506870062
0.0786028264222951 0.173327363733431 0.171395481160934
0.0627386242340326 0.0901853102739558 0.457592841980448
0.115709776522148 0.0658444125161286 0.889654839110051
0.00116535227802024 0.0085921392352004 0.0252409701681348
0.00188503416788854 0.000302320389986282 0.864656666572535
0.00301112084023405 0.0025538788569864 0.434292313181858
3.91951157335935e-06 0.00173122389683113 2.16177715204253e-05
0.586973413852414 0.600141360980281 0.857162411602683
0.0185409247961582 0.98151691690092 8.39835720239785e-08
0.000336910450373458 0.804936937052256 1.11769710558624e-15
8.13902734899614e-15 1.03658277308851e-15 0.118188733963689
2.57056353851747e-15 1.01542481146264e-13 0.000164154111711935
1.16876105949703e-21 4.27816130519477e-12 1.6215617875383e-17
2.80031726341345e-20 8.11958908108164e-28 0.468476803152671
8.51046630800306e-31 4.07188529385296e-33 0.00716286219495874
1.43451004094039e-36 1.99518265736005e-31 2.1896721387242e-08
0.357779342752449 0.446977400526571 0.573034717393492
0.399845468815278 0.134050333476873 0.250594779656726
0.670968974820275 0.864394228259851 0.538864526667216
0.646144561333864 0.21573268107206 0.124496563726806
0.0830629922048085 0.0954326659935394 0.582750223767086
0.025295205195783 0.079160310462917 0.121897885840821
0.929590648684829 0.690500446739014 0.56519875698701
0.53177098659011 0.518831971876948 0.910163227022463
0.285887797454 0.319379660352591 0.694336165654927
0.115134210529001 0.139847208947084 0.552922702506656
0.397318920788101 0.268295779006267 0.774862181167732
0.0735751989917325 0.983463021465433 3.13251840234526e-05
0.0119713346685018 0.0116190623508454 0.56754814984616
0.00180006012864076 0.00776532351054128 0.0835590636433005
0.00220995319024055 0.0133236599740054 0.0572505822525699
4.10040184565616e-05 7.62328439574648e-06 0.817407273182286
1.36440232126479e-05 2.14064433491121e-06 0.73081345510281
2.20733727006982e-08 5.27296368709053e-05 2.68843275211734e-06
0.554297415931832 0.37351958834566 0.00118994199344016
0.010627209520029 0.32439812742945 0.000116945982768923
3.98869104221083e-06 0.173564934876266 1.89778697637938e-14
6.75859123232024e-11 5.82967744067867e-13 0.895915505611289
2.45689141456397e-18 6.00270255914074e-14 4.46693975563097e-06
2.6736140767987e-28 2.08403320956584e-16 7.92063438070506e-16
6.36059848371841e-46 2.34454600021091e-63 0.165061938504993
9.73806339791845e-47 2.06495425198397e-42 8.61714809438974e-07
3.49661335132682e-72 1.5267110434333e-57 4.01657655147212e-18
0.879942274594135 0.620382461107222 0.540645759851397
0.515768676164779 0.115530120717237 0.63567479346629
0.387294791946975 0.449726273950471 0.0732114845447273
0.760804784310936 0.330707538845211 0.660529942382461
0.859641551021777 0.672315331673564 0.547585667851278
0.678832042530203 0.386481380828383 0.832584879348313
0.125364356632482 0.264522503636575 0.269297118042788
0.0686162665516197 0.150057692407784 0.235296179309173
0.957146489798637 0.821072890953688 0.789053730196971
0.420047779759511 0.775399892790754 0.401917572556422
0.124496383824535 0.254751890965895 0.272286904303468
7.99908419779292e-08 0.236061122897795 9.77816238428096e-10
0.273781223714021 0.00758513223799281 0.409804374011242
0.00674256342717545 0.00516483735734576 0.211335565681285
2.70421344072292e-05 0.0339067590522913 0.000196595172759261
0.000948178694766565 4.32703523076712e-06 0.580159287113621
3.0179109274356e-08 2.31873326974588e-08 0.00852964527794524
1.49896436872789e-06 0.00380404136066192 6.60394411988456e-05
0.747227370076927 0.735305247440873 0.475863251779183
1.63918506459366e-19 0.869150864742862 7.54952378366839e-34
1.61718750316059e-46 0.0899555025443647 6.65274819351839e-72
2.35096159538653e-05 1.44400520419249e-14 0.325530182829343
2.75010801210439e-29 2.49128073928854e-16 1.49060647799172e-15
2.47136328632898e-73 1.70961638669096e-11 3.16256931815084e-76
3.01800034443998e-22 1.30935595396806e-56 0.501224651408645
1.93418878579965e-52 8.19465752979023e-41 4.57593011121861e-19
8.09191722995746e-92 1.12623894998173e-41 3.63900075391276e-56
0.539783538900113 0.495184634551656 0.753347859202937
0.0384158804475815 0.0321301316409021 0.9277792720973
0.052197460344869 0.0352572653427965 0.576659193224345
0.496840388084782 0.535461752540006 0.69258181070908
0.0161605007591891 0.0445526063681628 0.0392067936908505
0.195278140420232 0.28599307317055 0.177579649194492
0.14397044700645 0.143236498459624 0.861189390987486
0.305967873289096 0.379971593245497 0.39235992462791
0.376738605041545 0.570252822258842 0.068566969414781
0.0627322764223412 0.0911639614437494 0.305067393965197
0.825109990230476 0.83546187949296 0.0237084348367931
0.524683561892784 0.939066676406484 0.000462705430415659
1.86021373026411e-09 3.34079189340281e-10 0.4916290453661
7.96112885197922e-08 7.44375866689343e-08 0.541949529601328
5.08544903710461e-06 1.04974930108222e-05 0.1828401771357
1.5792928987819e-14 5.2243835750391e-14 0.0837356623466048
2.67574065822987e-26 2.01409563070384e-24 0.000663510540530211
9.276650243148e-16 3.55021138260657e-16 0.652416871494421
0.420086075993498 0.573150737746612 0.164813426440526
0.150409941853284 0.656674310245632 3.96416360204282e-06
0.0208357319852583 0.542765783666998 7.97925934837908e-18
1.21485882644614e-54 9.2359423936231e-58 0.846293916045789
3.50627202676221e-79 2.63275334865706e-76 6.738557593455e-05
2.32534749291805e-81 6.60670042583895e-74 3.62738274608714e-14
3.41087504488729e-126 8.96989814084999e-129 0.0637532801044263
1.12430904215929e-146 4.10412763547593e-150 0.0639817892898675
7.71488306778198e-159 9.9675540782968e-154 4.27368476919899e-09
0.24194730468187 0.0761902770854379 0.336073768435002
0.781372721904068 0.678824514837048 0.130667972277707
0.656145090676251 0.916623792656131 0.401984161853335
0.407310352764565 0.182898091756908 0.399787329280259
0.785614844248558 0.71924667822763 0.917953719397427
0.107203058685937 0.135464387743676 0.471666298792627
0.0459349106909725 0.0807013665888643 0.256808527611844
0.169076611127167 0.129158010301359 0.924164046239666
0.00575304255143279 0.015624978739901 0.152192346636284
0.679489788045158 0.290306418813624 0.230369842660469
0.00884293564263748 0.0918720203090116 0.00699283169044291
0.0235394504408758 0.817890952171231 1.50606239223044e-06
0.00011031805301436 3.608034899078e-06 0.642287589998729
7.17382193984657e-13 7.43695496416031e-10 3.18823808646079e-05
8.67760079963537e-09 1.98383067672885e-06 0.000219792339684829
2.52616516774381e-10 2.51862622410526e-14 0.381273154576847
4.78178803531494e-22 2.05270308050276e-23 0.0362662799906676
1.00792180192721e-22 5.32309165585169e-18 6.52949894415217e-08
0.601175592668093 0.662299107477287 0.742058386477252
0.00504580087497695 0.0444424177419678 6.37856951888691e-26
2.52323692610488e-15 0.855448317175739 2.24332644681367e-89
9.12972439297301e-46 1.75783100460554e-60 0.644601067966275
5.36073388326033e-71 5.59690469946886e-57 7.63496662471468e-21
5.75198113317111e-94 2.15903428958274e-58 3.03189980747096e-56
1.43639659976011e-101 3.24223454754675e-131 0.996501181606734
1.08810146135955e-108 1.22377099243184e-115 1.15730082382045e-07
2.37678214087577e-166 1.24750450214291e-138 4.79848195876017e-41
0.0788168983342148 0.0544109991052943 0.92646206028495
0.81637800471681 0.833852298112283 0.915281700553534
0.847743721021582 0.875246746508062 0.457088189988701
0.52579310021806 0.653385839141615 0.589848614880799
0.521418672765687 0.778987538097004 0.384065388908194
0.348975433768984 0.838915526762338 0.0823329841572741
0.546025243575657 0.38093215759271 0.699930120946623
0.464440486467573 0.807836834117747 0.232301055734943
0.0547389724604547 0.0143656459032556 0.546757603173066
0.467757684105735 0.832362245518922 0.221263291566063
0.0564265184832653 0.28788208403727 0.0288737464352343
0.236916122532743 0.888605523349813 0.0174144756175687
0.326304270476857 0.169510503552517 0.577009720179543
0.000135763107249262 0.000192599742348245 0.262110005118697
0.000153083795974611 0.00237134516050736 0.0192991484705754
0.00111520522210406 6.11648072397966e-07 0.00768071022766589
6.1174620180918e-08 3.27815293792098e-07 0.0534429453962472
2.95027413451543e-09 8.43670297644178e-06 1.49549849374707e-05
0.951363199650732 0.776064543920882 0.661219400431972
0.00752889772204774 0.472852522073478 1.84940862438858e-13
1.55811881588147e-06 0.46450088126443 1.9738277966893e-35
3.9204912994725e-25 7.41435321938654e-31 0.978485199030372
2.35319226320041e-25 1.66240586356474e-19 2.16893059643775e-07
1.60365622054231e-57 6.01985414216316e-32 2.08193303497579e-36
7.1936138940239e-108 2.08656738510652e-139 0.564908840385024
2.07186747818905e-118 4.20959864050509e-115 5.83244917885953e-11
2.81251616774627e-135 7.10999631651105e-106 4.29510656286898e-35
0.918031935231065 0.357265552793867 0.512387067795297
0.0656915681068024 0.0780819224049395 0.340967227422329
0.355114259752405 0.643426721932923 0.396163847460027
0.00654180997414983 0.175028444162517 0.0130241735475825
0.539260511380253 0.156401313963112 0.694153348821396
0.310949950120264 0.868424850577397 0.137664265262124
0.958761986449996 0.31394875749234 0.437785200498113
0.470573939793276 0.165813025678695 0.821280549468462
0.258103079594833 0.0858955409813736 0.971291805302373
0.908336408426111 0.623605612692987 0.79452648686087
0.0929670810370532 0.381188452979942 0.00276493888847727
6.68380904860481e-09 0.851848863919629 3.49609671682916e-14
0.00260079439099296 5.30223182938102e-05 0.576268218277805
0.00991505287849586 0.0550790483204622 0.0773459874469362
5.14852606959854e-11 0.0356525625315314 3.06629964424885e-12
2.22941575431041e-10 2.88784128165469e-16 0.162252255306441
2.86380534183303e-11 1.91382815194157e-09 0.000146244816491258
1.01034504633509e-16 3.83959086879193e-08 3.01781207358145e-10
0.94273749175173 0.740652462396701 0.704400415154103
7.37105624537467e-19 0.584291855759196 5.08846304352578e-35
2.86418138884525e-83 0.41196087417772 1.80555420622881e-142
2.7709541409312e-21 7.37435630039182e-35 0.0333072482089403
9.83663038990152e-83 1.17344735392619e-34 3.47892860652247e-53
3.85926328734805e-122 3.89505501030433e-24 4.29237885860411e-115
7.39642493841297e-48 1.34817249456511e-105 0.336723077413484
2.17049322409727e-146 4.97777940972596e-110 2.60011207386715e-55
6.34652753314566e-185 1.70404344387042e-93 2.02976499576609e-99
0.193909971790091 0.335697404597077 0.0661083593222646
0.23967673092724 0.124005006036889 0.080066137031424
0.22413876468575 0.189010342371303 0.754077017945665
0.607222269359583 0.517679961960606 0.540523566935939
0.0264752154857116 0.0272424743824719 0.734777789349641
0.151042819466898 0.239598857997661 0.11972698628904
0.000148612942167404 4.32376488907242e-05 0.311418933792736
0.00067674316855873 0.00144137308352565 0.146830810480957
0.730411531946233 0.771252495435363 0.770258149946072
0.145381716265802 0.208770369871442 0.252862717382383
0.460000569082047 0.48619154083082 0.752630506302543
0.425263805105003 0.97334197173984 0.000202976947932991
1.32445640707141e-07 1.23355106728975e-07 0.544690979068591
1.90410106531999e-12 9.13614960123951e-12 0.0513241091797837
7.73859621311963e-06 2.48706547718434e-05 0.0557167560535586
2.49003867498968e-32 6.53248037386302e-34 0.964131365300888
3.12431944007291e-28 3.06619389004343e-28 0.193332830058984
1.12462803427345e-33 2.09720663620337e-33 0.0631583765566949
0.332385931522297 0.354403051202809 0.720158417643833
0.126461696252121 0.679131077571459 1.11911024748453e-09
0.413352174999507 0.213112435497046 5.68052543769313e-26
6.96060722074335e-137 5.61923526888558e-142 0.353450555083972
2.57294804954382e-127 4.43496201736699e-121 2.41344382451833e-08
1.67660751890221e-133 3.70694211138818e-118 6.93073111235414e-30
2.52872711431425e-244 1.77994915129316e-263 0.0592319929518028
0 0 2.86604538003039e-08
6.01414515189943e-293 2.33907206904309e-279 1.75847827150525e-21
0.316260981189817 0.554477637667855 0.249343633567424
0.389612706263364 0.539006132073942 0.449159356390188
0.370403260970457 0.171478923520227 0.467070698487143
0.00195120783341468 0.0049611358016431 0.133517721132281
0.906598573594784 0.466916692282065 0.215107311154603
0.00357083278420213 0.0071759745828144 0.19871043263262
0.0892586492970787 0.0733997537880911 0.785588347967283
0.00312381574918592 0.0169744313601293 0.044868568989021
0.00503634928324729 0.0257841135009687 0.0494108793590686
0.0292990249221892 0.127434748938861 0.0521043853153485
0.281708122178429 0.268935847901173 6.25356430804385e-07
6.01955859368196e-05 0.456862464838365 6.61333179229239e-15
1.96369189191594e-11 1.96541509826963e-14 0.975166222326358
4.67166949211013e-11 2.46960444625426e-10 0.0159390073475167
5.3371520161293e-20 3.4712468295166e-12 6.25976516848937e-13
1.40441565402305e-34 2.2959040419701e-40 0.179569516999293
4.36165604581861e-39 1.5846221650567e-39 0.000484294037145735
1.56506894687045e-42 4.93560597042108e-36 4.24266031206926e-10
0.335175561982439 0.421164476356671 0.541364084596922
8.7717028341815e-14 0.0357637332762073 5.08612974334467e-40
8.42446203900663e-22 0.711850773519168 1.36834909695357e-123
6.93392815636292e-82 2.00279898280422e-110 0.308136507756558
1.00509968734621e-137 3.20411721157521e-119 2.69464446150851e-28
2.42412657049316e-194 3.48460768352115e-116 2.23513619133097e-124
4.7920352568744e-221 5.88605295114847e-293 0.594546732944764
1.63969197497936e-250 4.89115913009652e-266 1.50220884025981e-14
2.63606763624564e-296 4.4326468652824e-239 5.34575547273032e-79
