TOT AFR EUR
0.413615098596172 0.307048070052803 0.814793352321309
0.138325848876769 0.262413628217342 0.307526169924266
0.356267123770911 0.568932578633419 0.346653526846451
0.0302941094359099 0.0151316686544647 0.970802430345931
0.7073324413007 0.966334714221537 0.315709591312774
0.769675646064967 0.717274209701597 0.16701051149818
0.235932814596953 0.268041992879367 0.658904406784484
0.0385402284294131 0.0171174461381212 0.902245515667072
0.81271039904772 0.990836171527149 0.578411955356632
0.444491606295947 0.746896007302422 0.284778640602159
0.505817294226512 0.340319055008862 0.677196037501159
0.205547260609165 0.990217274910292 0.00384223215785946
0.164260565432762 0.0549709636905608 0.509354018838045
0.367089638505917 0.345241201963684 0.898161714546196
0.508936212702395 0.785708266753286 0.38646820301092
0.020912317636127 0.0186810166197516 0.646461768944916
0.0765941739207542 0.152331371613553 0.262833030351776
0.138489985397893 0.126308091856006 0.771068645377551
0.896548346423312 0.923690449236531 0.615104121883037
0.436922638778701 0.971410216910931 0.0522195435717978
0.703407829069009 0.335839440813359 0.00157286954598514
0.0436131343778943 0.030434166009525 0.861624439353066
9.49562986692382e-06 0.000356878881805517 0.00242568603765106
5.63034318939687e-05 0.0057780549517968 0.000198092650990896
1.81819775808035e-09 1.79857035177615e-12 0.656340275058878
1.42714338568487e-08 1.09878033815207e-09 0.501465995256074
5.22786094327019e-12 1.77562096221183e-10 0.0022191480575278
0.519813826152848 0.801847987216044 0.280389168556867
0.808268880638175 0.237037763905925 0.506106682935211
0.506428519104349 0.823794509674379 0.288867382518516
0.150002506466682 0.574016997817029 0.0161432864664623
0.0242571294730227 0.728199988754539 0.00680091984085382
0.143274956173592 0.584687228434106 0.134708629406597
0.874601110935311 0.403246988998941 0.350951555145637
0.75958799089637 0.252076744529555 0.548102979791238
0.181689664729436 0.424977994973451 0.260473058580775
0.207592682077508 0.931980496312109 0.0972465053582923
0.322453402425229 0.591120802634724 0.385643594162519
0.15853757231028 0.93767178689449 0.0523926636179589
0.526385920317054 0.321042980022747 0.980641412108378
0.224041333360777 0.111716026776563 0.759017263950798
0.0216896774607822 0.712658875599818 0.00553867253701952
0.323984936373456 0.0254864371048241 0.524422764450828
0.188795487191551 0.154940300225808 0.554932491650523
1.15845414091019e-10 2.66620283601427e-09 0.000329531034248825
0.574342565865535 0.300861189154908 0.8744803420697
0.0553175088778899 0.447392025899753 0.0014196703402576
1.33275961861422e-18 0.163367616744059 3.50374348867477e-25
2.09113836357766e-07 7.46557154203975e-09 0.0527163125960891
6.56040768928607e-07 0.00766150375366311 1.82269752511413e-05
1.97481243266338e-13 4.49540723960394e-06 5.00138677839666e-09
3.3588773281174e-06 5.38004450714441e-14 0.655258068007118
2.00332023520121e-13 3.49884686317738e-13 0.000207982904087465
5.63505477281887e-22 4.5881357180575e-11 1.05900464332895e-13
0.0976640073918865 0.0661920214920054 0.333553498461164
0.77509363944139 0.601350952508226 0.299760134531063
0.759678508724745 0.651435272543038 0.473856097707679
0.965142675177383 0.974056239494602 0.956630342922151
0.283081070273906 0.320405661565661 0.590104146305038
0.898111938604705 0.876950733903158 0.929906228435387
0.522433238190661 0.553988426744968 0.691533060802517
0.218133898018676 0.188891173883729 0.795196835792469
0.165315404113092 0.203921980118763 0.465196425909385
0.408033949896616 0.608990447094079 0.125711297013599
0.109217844253052 0.241989917702222 0.03963325191247
0.529877943742525 0.665193216126164 0.355268303385751
0.00780044648687649 0.00609795754427918 0.903893672041154
0.00611125944523979 0.00474421155075691 0.947151263455609
0.00498328069821361 0.00234638183436303 0.520464604616901
0.00316947836318774 0.00252185555228221 0.986517894361973
0.000884940143470635 0.000793773854157543 0.82502801305454
1.34872989509573e-05 3.46435291828526e-05 0.191483249313843
0.287533261114846 0.485865049255713 0.0883614646788523
0.599787924061787 0.803604470522541 0.16960451623754
0.0605749720159207 0.248893532273703 0.00124899216883192
6.71271422276084e-19 8.64236683503382e-20 0.937327781423231
4.05064665700827e-09 2.36169723957637e-08 0.0093635505668847
8.70667566402893e-13 2.49513956318993e-11 0.00101370836769152
2.06037944966941e-36 1.50474330199778e-38 0.668224671181229
8.18474884702569e-32 1.78405799929463e-32 0.396340850335074
3.30033410976028e-34 2.50431701258661e-31 1.08973781034692e-05
0.475508174617424 0.160273342954149 0.246825388644876
0.875575124594315 0.634262573744951 0.591085376758713
0.0131097499826998 0.00848356273728855 0.728209003683766
0.929614589916893 0.126469094965735 0.00665082818469369
0.151320877452007 0.16103099067952 0.622057577742136
0.411152284759974 0.472372516955807 0.650263967614678
0.513372194507943 0.766625310575901 0.300602636071132
0.94613305754765 0.240668901489497 0.0306033653660874
0.782433746880813 0.915168106067882 0.384027079881484
0.772570854804236 0.952226257868798 0.418938931531989
0.0684984629582346 0.128146323024468 0.199999212831092
0.0408788789242088 0.424959956920007 0.00294013537289702
0.0165143276648125 0.0169740178071577 0.482884213751771
0.0167968815621174 0.014125575408268 0.606637802193768
0.00594137517661209 0.00988726516063304 0.226663526069006
0.00600159307926393 0.000590589748515188 0.565910042098071
0.000173202099853732 0.000137404246953645 0.381735979223632
7.45710508722051e-06 3.50809161359995e-05 0.040589086382062
0.239317857606106 0.755424061934612 0.0303029718131549
0.0192361643734375 0.634999536004209 2.40182729101125e-06
0.0757329027209076 0.317112346750973 7.54417095786334e-14
5.52610059292884e-11 1.71322877448706e-15 0.415650884841271
4.38589209046737e-15 6.59449367749146e-14 0.00401078101651836
1.77113650036966e-21 1.41378788369235e-12 2.95633958461464e-17
7.3012414646668e-26 7.72797298628039e-29 0.183421187736568
5.42728076589891e-28 2.61495562011927e-27 0.000964392704266958
8.72258460905508e-26 4.2040034822226e-21 4.90091589849153e-08
0.229315790884177 0.0773298955588862 0.401784704558247
0.0350978074805499 0.0365950451837281 0.595687569388851
0.617198018858807 0.34398260879508 0.450805621724187
0.677714412813879 0.244755256292745 0.161491343878246
0.664100477016468 0.888970308097698 0.198591878958683
0.595290187666397 0.551760716941616 0.993020774874828
0.9892862953562 0.491045660878552 0.13412274178874
0.434968466727938 0.503200178820817 0.681810510724919
0.348700043987376 0.461070416097386 0.540748169671288
0.498714371098878 0.129699624335574 0.12826837311179
0.0527998913829893 0.00396497020793077 0.135403592861677
0.0745076443310914 0.823428434440418 4.36992007648244e-06
0.0207133727813309 0.000747454457860719 0.109928078772729
0.00628982103092559 0.0053990328823977 0.540693062318512
5.11800239898093e-06 0.0037940026149673 2.51828788968815e-05
8.40999073042617e-07 1.81502216642675e-06 0.146593874824464
6.12198795534983e-07 1.6716123133057e-06 0.130843588089558
0.00878706567710881 0.021188037301041 0.21050896512424
0.812062587806343 0.907286850571906 0.766556129533636
1.29250148906937e-05 0.0435183675763993 7.85689643277132e-09
0.0109999662977301 0.852762457387806 2.88050287656125e-10
6.42625920289976e-12 4.08259421250769e-13 0.367676136860969
2.90882851285817e-20 6.12384470747222e-18 0.000319844698540602
4.56731468214261e-22 6.61900269366286e-13 1.32859738883366e-14
2.134100816674e-42 2.24266942087316e-53 0.881008255261023
3.76945060749863e-52 3.16312777345706e-50 1.64156503878022e-05
2.18166101699442e-60 8.54551343162971e-53 4.09842167724516e-11
0.889952981007003 0.680869920356614 0.865867178680387
0.105093295023039 0.37463613040708 0.167845131990585
0.124610158211797 0.430526309169846 0.165751315986787
0.594433937320688 0.927517222694617 0.520823718287345
0.036561428478698 0.282781486225719 0.0602936834701804
0.41536806092787 0.273448035181466 0.873119880729886
0.324904188829211 0.433951084236406 0.523545209258172
0.137082572809965 0.320793104516967 0.265968693370417
0.165718692749111 0.146165698609062 0.550604793974802
0.441574814545989 0.936189690111895 0.276872307188099
0.093888126902218 0.400389852905013 0.00399099396458066
0.000170841691425921 0.466962099650873 1.12588632181532e-05
0.241849348244421 0.0498792930819024 0.909732589654044
0.0153336855090525 0.00654993940734593 0.384825800473545
7.96490110026862e-08 0.00673988184338003 1.31343917769726e-06
6.70494408772502e-05 1.19373110639253e-06 0.25998701970251
1.36251512162521e-05 1.06692912001789e-05 0.0340531337090776
1.4540066613639e-10 0.000128595779959174 9.17023744171158e-08
0.798813305293083 0.423413680973958 0.726775512335117
2.31185344726444e-15 0.638933146075161 3.32042713984549e-24
6.02178430466444e-29 0.267748067235064 1.81081590477116e-55
4.94895590212408e-08 2.588123809672e-17 0.871839178744281
2.84864624849761e-34 8.4028753275023e-22 2.05617843185498e-16
7.41569803545654e-76 2.57133404558213e-11 1.42829638326439e-78
6.6495544289709e-22 9.05074057537443e-49 0.556066150461767
6.36723383905334e-49 5.94901129041127e-36 5.59340044480371e-20
2.40688564712504e-100 2.3668945977931e-52 1.22371662761704e-54
0.697055082889213 0.859346788043716 0.214762965951404
0.281730656287271 0.33424233187985 0.500033453836071
0.557279899596765 0.443463033733628 0.42830971829334
0.0765578822919538 0.0440280379825261 0.297843985320948
0.924413649413445 0.833592698291668 0.579898318264286
0.547986184342164 0.440434034623949 0.456576951852562
0.039293167043629 0.0373027897209358 0.881224521033067
0.274176546652946 0.139373059575038 0.0980131473283757
0.0106061149067819 0.00193002456316722 0.0216492156652782
0.91470735222592 0.884741588554709 0.17459569568206
0.444877259939308 0.435057810196607 0.986454222636639
0.642378048616916 0.957133771177533 0.00637753993501751
5.50875120189774e-06 2.73801469099668e-06 0.888267130859652
7.47160549507534e-12 4.07047471316738e-11 0.0378223954315679
5.39503044800734e-10 3.9476994080958e-09 0.0274732561336014
3.83630388936684e-15 1.93727565879745e-15 0.577971764052251
6.46223416271529e-16 3.34610425315102e-16 0.5664632753621
6.38003065873242e-20 1.01014591888182e-17 0.000133918258564411
0.788714347556312 0.953338804888324 0.154084340602764
0.144800523195846 0.499745170145294 7.75964267213951e-05
0.393192571304714 0.476319958520675 4.33611834730057e-17
8.60551104156253e-59 2.42342570705991e-63 0.282490862089731
9.19044011267286e-72 6.33951260727966e-72 0.0253048103114876
8.98282916137207e-69 5.64399119591673e-60 2.9390673847965e-19
3.40583644506511e-151 2.50484895585083e-159 0.943498809663874
4.81399162122766e-161 9.89517454851278e-157 2.67754804004669e-08
9.49495846688281e-149 1.54410787541503e-142 3.76415309903701e-10
0.816805321063992 0.713020921451837 0.183128669840836
0.0551848987869608 0.18592290049396 0.0700927316069035
0.120719769752764 0.105628495003243 0.768783660245387
0.00647795991444109 0.0234598665653889 0.0799484085052457
0.013724214750858 0.0976619545929697 0.0208452796639534
0.522271433166854 0.769695911186443 0.351554114626765
0.00176219851074952 0.000386814741939994 0.963170893185472
0.006170459085501 0.000708425136803761 0.591502199649668
0.0399107816981253 0.000967189588282149 0.0542841038656859
0.486295182231247 0.411852140721346 0.946150089728049
0.217554856474461 0.575694710614451 0.0821598366194713
0.0804193794898674 0.784839253881946 2.16441620658276e-06
2.67924621031608e-08 1.60947229242591e-11 0.398463847982543
5.60972638366909e-10 6.32289919312572e-07 3.33692597702611e-05
2.89013939268673e-07 0.00199336313387937 3.83965425077815e-09
1.79047303870413e-12 5.31199087680877e-16 0.88469200103225
5.05245829760445e-16 3.24717326348091e-14 0.000688517243773144
5.6343533145097e-23 1.19520435929478e-17 3.21623606529337e-08
0.609962712059742 0.968063468461513 0.241130258129242
0.000193019397106877 0.659240511193909 2.91413085305885e-23
1.65413398059991e-12 0.94493866998702 1.16837166910176e-67
3.93444857073852e-44 1.72150625342831e-59 0.486263243849207
2.12086366181717e-71 6.86435982505294e-55 1.55482672470184e-22
1.43037614314341e-80 6.55809417953775e-47 6.42109977556608e-50
4.59504635210043e-102 4.95182386254707e-123 0.116250256518537
4.2543042291002e-125 2.78287959114787e-120 4.45384513856119e-16
8.05422960278644e-165 6.93312533685414e-136 7.33447314073869e-47
0.893819280399816 0.642110378340476 0.198667433677205
0.66549157363632 0.985326600412369 0.341159355048254
0.308755538740797 0.777711779319958 0.0763100763841643
0.354082070312053 0.831012017286778 0.102795564195878
0.22058362085687 0.654078836046782 0.0597841597897625
0.123286913894562 0.314259655253248 0.152917252023777
0.495193515517589 0.258843760519997 0.473018446481747
0.0746575934718107 0.175224817343877 0.189767726101272
0.0839797221686495 0.0756167179355536 0.74486822707357
0.6403686767212 0.508806024517779 0.785669194611208
0.6282541433399 0.655980025491734 0.0455435447962527
0.328899428222367 0.638858558290912 0.00203530721455272
1.76496212040188e-06 1.19297773068085e-06 0.307686323281264
0.00529047974298539 0.00444855623711417 0.573395681117038
0.279410836684041 0.550207546827803 0.211490482040494
6.69902970196792e-13 2.62674452965189e-13 0.135503082427861
4.73374706235297e-06 6.48543336311771e-06 0.210999166144189
5.85741742830956e-09 2.5819931886671e-06 0.00027255727283144
0.909712714960766 0.8476267392072 0.895826535058538
0.00479645725095436 0.655478136514303 5.07341297293497e-13
2.06466572154769e-11 0.300168107602336 1.82585090060528e-39
1.70907909842183e-26 1.30473988450978e-35 0.363947255013349
1.20720633137304e-44 2.31148087833338e-33 1.85521004833402e-13
1.76790839408684e-70 9.43516076599822e-47 7.62320912516037e-31
1.80722881568514e-95 2.74628965793584e-111 0.055029725519073
2.70941106407957e-104 9.58752825573108e-106 6.25498596885096e-07
8.08567275688127e-154 4.84513986161653e-125 6.54076087925846e-32
0.0112166953127655 0.404223079818357 0.00758139162772449
0.565735782750088 0.531006133405897 0.825364402290666
0.210401634829228 0.905732096378589 0.116840440052109
0.914356299600437 0.766384211621557 0.91224747035271
0.937154461499821 0.950351311974642 0.959006011769524
0.106524492947839 0.529159350419449 0.107802494299248
0.383462446576352 0.998512925913276 0.242142934962421
0.0131613091642936 0.00693679990482482 0.322993985422208
0.00397004183233431 0.0973506546196223 0.015935737941331
0.74077957687669 0.669061137254737 0.945737873048824
0.00021063553682311 0.281172464067701 7.19307052483485e-05
5.01151812724588e-09 0.748248682720844 4.00706495521863e-16
0.0669490692968768 0.000152811970739658 0.454705058782765
0.000207266570444083 0.0293606404022969 0.00194609569256489
1.40039162016277e-16 0.000547859258522907 1.48362685959359e-15
3.36313379135394e-08 5.94294618100304e-11 0.0828560778445907
2.87432581979934e-16 9.37879630101239e-14 3.5042741296012e-06
3.49653280073128e-12 4.22254903644978e-07 7.73300764082941e-07
0.734594744472209 0.881816359024816 0.743896339543644
2.60814873506206e-20 0.198084829901618 1.74162452836641e-40
1.76168424532741e-83 0.441819197551598 1.33438839664889e-141
1.03039028857072e-15 2.86697161998521e-33 0.785028331734471
2.19941940755479e-75 9.30114922516142e-31 2.28899593713931e-49
4.61038939564563e-134 7.95695171600608e-21 2.85582226110616e-141
2.23216472831872e-35 1.26059216918392e-94 0.318446463518547
1.43823366627239e-128 6.46978320312376e-110 3.15839565192798e-42
3.48154041617361e-195 1.94528722211823e-94 3.06003671681451e-112
0.550718032600827 0.592994853970156 0.685793633899959
0.53849043256017 0.50377500637204 0.865380767893169
0.107013824336454 0.108750121342664 0.811436115468547
0.075124751219693 0.0292844852567096 0.0883574268309729
0.023860124497951 0.0556624898194036 0.041675203385267
0.0129909237090816 0.0607486642484778 0.000622939762962042
0.000168783598726269 0.000318356920312784 0.210277063394674
0.000531855514777494 0.000726589603879466 0.388350470429522
0.142441325040565 0.179556210639427 0.427648500752002
0.937027875962149 0.848336777175992 0.16713086753017
0.858454393778034 0.859404606470316 0.0509931198966089
0.49976730688754 0.555076046804081 0.625540433165032
1.85372630244937e-15 4.02780695157011e-18 0.01103630410598
4.19830303799164e-14 6.64291109564535e-13 0.0104916260221807
1.26537082348643e-09 4.62657931026224e-08 0.000128538019148927
3.03380389911096e-26 2.64373872231858e-29 0.0588568221297251
4.30528637939424e-38 1.49450731879538e-37 0.0411867740387985
8.35821016054001e-37 1.66724457074416e-35 0.00601066658717861
0.0731678980014568 0.0951915097898567 0.388717553866746
0.0229702363324169 0.162619397258016 2.42663536613274e-06
0.00633536367248147 0.588285359166049 9.32449108030709e-36
4.93289760871879e-132 1.84268771558454e-136 0.335434382522482
5.01639466537111e-133 6.8537350063427e-132 0.000154239197275081
2.76588898690263e-137 1.04378578338003e-121 2.22899531372188e-29
1.30673723740295e-291 1.22506807076272e-308 0.78084186522457
2.04008382771902e-300 1.06729670056133e-299 2.17048852476657e-07
7.20249602734046e-302 1.72182448545399e-294 4.39332926079016e-15
0.579176538920791 0.547721311346262 0.952298999864974
0.148775011298236 0.539320066648325 0.029892504277411
0.332110205573341 0.802948322775903 0.0830065008967006
0.747858600562675 0.516516513867934 0.550027792419074
0.0178908461373929 0.041238589580447 0.193902336389914
0.0283361400150769 0.185992512319022 0.014897215322899
0.0229288735598819 0.0247152143650264 0.494191430678616
2.23429995846181e-05 5.4146990517912e-05 0.106291732694809
0.0019805341407115 0.0164133997608346 0.02329939979311
0.255981635053414 0.457807928507661 0.255719376998471
0.072030060044078 0.679105313369599 0.000769588340696507
0.000266911807646067 0.538110496970038 2.74099813644507e-14
9.06585199960458e-09 2.39864189015334e-11 0.69882019057062
1.17634751252196e-23 5.48273511964961e-21 2.62892814434049e-05
5.12404301086324e-20 1.91804265340247e-15 1.81354036657378e-07
5.62437537014565e-20 1.56251247627069e-26 0.552082625167599
3.04041482034835e-37 5.15003073398029e-39 0.00621010704406133
8.55902783909061e-31 1.55037988396008e-22 3.94212351758249e-12
0.173572674259354 0.122722002221406 0.985031999458687
8.19894360395996e-08 0.33328753659818 1.33831502062862e-51
7.87797204604643e-27 0.86882303952503 3.76895959375994e-140
1.46175388513396e-109 5.86079459104343e-132 0.0971172279756537
3.08675934351564e-145 3.48005593620354e-115 1.97148513420768e-40
3.34098540467041e-156 3.08282845701899e-89 6.91366622505362e-112
5.07281446307271e-239 7.09355325736808e-309 0.805427758138893
3.92407536335209e-283 5.29690485529738e-300 4.61426582455867e-18
4.15084755352778e-310 3.03049869605254e-255 1.8681809829309e-81
