TOT AFR EUR
0.516126138369044 0.550756279702544 0.80520357600485
0.700768741481035 0.76908109762822 0.778245943432174
0.28742590977656 0.406952335890538 0.511705514392365
0.697790058705388 0.805837492503171 0.698946374215258
0.0187235722694158 0.0448798079573365 0.242449468339196
0.994057162487698 0.955927012849109 0.900506082866726
0.390362932186586 0.298429006734252 0.881134460297881
0.00550920409286154 0.0673270418467677 0.00541638564203144
0.378880972714547 0.385852692650359 0.826077140162971
0.937475507119903 0.905849830032305 0.953707434070042
0.505917474536495 0.631625505781149 0.597089107124076
0.365764337375916 0.0923381786315867 0.20887897192632
0.864074409718641 0.854138158700375 0.398953861554795
0.0367960832273511 0.109407647280634 0.124426419867281
0.0315173349163731 0.0615142656120365 0.265009922181856
7.73075068222555e-06 7.8875843180672e-07 0.951328907743336
0.00384847566765981 0.00479572172034304 0.417170881962149
0.00517036536126444 0.0160718368962755 0.16876087144249
0.0517405713511179 0.0943002713106226 0.272508956071579
0.0843325095940566 0.28773067291746 0.0799092825095742
0.0299827762969919 0.603677364497555 8.46516286500294e-05
0.000716773398787265 0.00044391803670423 0.606878566118311
3.37794288096944e-07 2.24270562066742e-05 0.00229222725073699
9.58118755716875e-13 1.44474076194617e-07 1.15422613313028e-08
4.89293733715331e-08 5.89929457145205e-10 0.85965451619772
2.89863845935496e-05 8.61370527775216e-05 0.135229828392494
3.57334140887848e-08 6.59276586868189e-07 0.00397635261004467
0.5950792152027 0.947844418333313 0.524549624733235
0.822126947079752 0.901031583225142 0.695854605777814
0.885201885901243 0.226833380191816 0.416592434127893
0.755689905074939 0.767143687016518 0.869841835864592
0.429893293999208 0.512669228216869 0.604365387811229
0.00445277980299824 0.0897661431360401 0.020930699203314
0.231948435404961 0.0963474807363324 0.867856582877407
0.447740718027453 0.0955032815166839 0.707652144401122
0.610957283208476 0.181704588324149 0.0655468910161695
0.586495884164787 0.622654465648959 0.76935849603348
0.256612599412397 0.957444090462945 0.132726840593235
0.214590302447751 0.831978649694599 0.146982170574092
0.330820450775551 0.260570122887778 0.713333485894845
0.0294480714867762 0.50116536080959 0.0207693678542104
0.0866766579820662 0.111134481267271 0.359924983510435
0.0123715386264807 0.0020968737491273 0.413235491678089
0.223767429799623 0.283854154412128 0.478548527984271
0.000463869806194529 0.0112749842310999 0.0131584967297782
0.773868744233746 0.932136863169701 0.764417398857859
3.28855151726e-05 0.824166324382968 4.17734855032233e-09
4.13184598119209e-13 0.217858955306108 2.59221138463748e-18
0.00157992559386784 8.8509533438237e-08 0.753797325651657
8.14246831803547e-07 0.00176857254659695 9.45324588886379e-05
1.08705506558172e-18 1.30115270064845e-07 6.29083154612478e-14
0.00202995644510771 1.09810994612696e-12 0.0641339696699768
2.5510278145777e-15 9.92898935517978e-13 3.46913726834952e-06
1.95163245207862e-17 3.30574538448963e-06 2.26174965110891e-13
0.967765315006581 0.807767626373564 0.311733503134574
0.681215788419578 0.925242597750997 0.165851202225325
0.698078315453173 0.871172712216465 0.299594401620494
0.668337824538699 0.667799312818038 0.955409971250269
0.433683921221418 0.265720032922363 0.180220858451079
0.607584781685699 0.633106496136844 0.814160722491075
0.396704813579196 0.304846815153942 0.549103939235149
0.813996297174116 0.694411572491811 0.521842241620467
0.896272988505223 0.976805758084202 0.398072955047717
0.291969567123787 0.296779331262352 0.835496869701817
0.0710479419495157 0.0474305243781203 0.458365546211546
0.323478831150848 0.332413595681298 0.783732704217286
0.0989351240568866 0.0414277357393856 0.168563237759226
0.00128851733481385 0.000607197775638707 0.58112210916687
0.00122864388706031 0.002199911238779 0.217522853345533
7.01433286647637e-05 6.99469062081883e-05 0.583553934923354
0.00433011842055231 0.00555045272755572 0.334900613313775
2.02212340691132e-05 1.44773866419075e-05 0.896778954066759
0.51388786929398 0.591836733681743 0.589889678611786
0.97469144016191 0.828288808568123 0.200787212193987
0.73142366656561 0.206323644271239 2.79460876988509e-05
6.48507543444551e-11 1.23672926341632e-11 0.817287320061741
1.90572489147508e-15 1.43885259813406e-14 0.0331488424829098
7.72652850195226e-09 6.00019116198871e-08 0.000603678053402435
1.68154295471733e-22 2.74677046234751e-23 0.654946144617849
2.90979809731832e-33 2.86211819510472e-33 0.10148012135368
1.38076976719089e-33 5.83144839060309e-34 0.189326133615866
0.908168045456917 0.84403269810837 0.891973649985697
0.675777563852747 0.521141378964279 0.726044086764055
0.357563255863499 0.111992472587657 0.256127637499892
0.880066553107967 0.914383945180964 0.57998435958339
0.604849104037045 0.902456982617174 0.340141178130427
0.0293866203194284 0.073042960513287 0.177960642497704
0.150324503510124 0.109456327192763 0.928871999922083
0.335029759685462 0.648006699201619 0.15675030812814
0.153563159939302 0.278539781380713 0.287312603451325
0.176172168765539 0.169365404222826 0.727944255580665
0.937167877802688 0.80437013496003 0.438429713689565
0.0801772251010408 0.20792457748754 0.133608850113482
0.0084596747314581 0.00471361562080108 0.747092133532568
0.288209898154178 0.269137087542294 0.854172571726108
0.0190527101577574 0.100617657946895 0.0235184370744801
0.000908362617174543 0.000785016761723145 0.429880170262102
0.0001427618277495 0.000641547275373581 0.0752745265846434
0.00345062520335039 0.00823219642583367 0.162916369976026
0.964456269738555 0.707219548484453 0.450247201218103
0.0199921546693205 0.53578668831037 4.81183453918705e-06
0.00230321594002372 0.778803878907851 2.79843906094597e-12
5.58294295081837e-09 1.54040660372013e-11 0.731209490903012
3.66922791154286e-15 1.77497982511397e-11 5.43768479789996e-06
1.96454717360344e-18 5.37587082558095e-12 1.56594743576329e-11
7.34095635818751e-33 6.94093903837486e-43 0.538173851148817
7.76710654750924e-14 2.49455974422632e-15 0.235775487435828
1.4854609713479e-34 9.95797566353326e-30 1.87511249051839e-08
0.563874396211248 0.673039724483966 0.648116897649786
0.258200960981724 0.502751332447953 0.226103899795019
0.844623229020504 0.833875012958639 0.984139076505988
0.055810166664797 0.0193841041542741 0.711867661444468
0.209808295606021 0.270585984195169 0.529963831975742
0.0273832089610473 0.127949951494132 0.0506230012341534
0.914119968234876 0.788762136589355 0.773382546570336
0.231747301679723 0.079819407576876 0.400431777064325
0.00029441829840062 0.000474450257068031 0.243665009337201
0.824108269849625 0.919754885113918 0.748311985376324
0.317467632527429 0.239587674405691 0.902309310245085
0.155778438018333 0.315154117989025 0.232686470365112
0.125266774730896 0.0590681638867935 0.73219446024817
0.0012856461612304 0.000177707037564159 0.718559847179064
0.00741247694255677 0.0623780630604132 0.0264598270332509
5.308992957025e-05 2.90655327918982e-05 0.443279655395799
2.50604965790497e-05 5.19807480091957e-06 0.712525689412195
5.42721644120109e-10 6.925397715424e-07 0.000106525245430251
0.172858140720868 0.452577147893784 0.109001416887212
0.0213020681700406 0.468967526432931 0.000166492440821829
0.0022247026822405 0.666265882755872 2.97675077616207e-15
3.83967302019171e-13 8.7760255298637e-16 0.820933552063813
7.6989063728289e-20 4.86841674569862e-17 0.000164868373353038
2.81692890553021e-32 3.38795722116258e-18 7.0033747637327e-22
9.2279051356758e-46 2.47783203074368e-60 0.490763397828023
5.62583117049064e-52 5.00212991920457e-47 3.14664180276939e-08
1.09726146104269e-71 9.74877336341633e-53 6.71716090388731e-23
0.82090137763546 0.716411865997979 0.53690945888538
0.113233990938452 0.0772403581187924 0.565501821099126
0.0602733914506266 0.560899062832899 0.0465340961671894
0.0901078730134445 0.411620000680963 0.12349229911857
0.89954478891352 0.86500185116755 0.749817265195404
0.0736001203689417 0.0823526179923332 0.384320356642443
0.392060916858664 0.153662968982214 0.943397599142197
0.0336100910481059 0.185426335909655 0.0907965339365735
0.761388226971261 0.267935092808087 0.588023389450411
0.381163920336105 0.323745466636273 0.753602821637632
0.0357631214976872 0.705532406362565 0.00185854593235473
0.000358894818980164 0.368880286612924 3.43751049181791e-08
0.42446461726344 0.102658155153418 0.743969367547631
0.0421300750280496 0.178762758976872 0.121134400474704
4.89669959671853e-09 0.0244674034234271 3.01303899466406e-09
0.0626134874687938 3.98579604761027e-05 0.289829843341485
0.00338286327685056 0.0553328940331411 0.0211553252482494
8.75143513047025e-10 2.17067098507206e-05 5.29762665722889e-06
0.32870194739817 0.434249155162218 0.523526760492791
1.66795592642147e-15 0.236513303706149 8.49895492711037e-22
1.63474625853695e-35 0.499165192550004 1.01001567488338e-65
1.44173007853516e-09 1.75547721157207e-19 0.714010686563671
3.07960991805078e-36 2.54435760658744e-18 9.9119731493271e-21
9.33479155857517e-83 1.05587747892286e-11 3.28787189377172e-90
5.22771073054461e-28 6.36604479673555e-60 0.683070678498498
7.94109825961818e-51 5.19430911703445e-49 2.16441465084257e-14
1.08309629851891e-92 2.88968074121403e-41 2.96368105761555e-58
0.497569131802278 0.751313830029136 0.0550722099371658
0.321308159925532 0.247388986483902 0.476963397294719
0.84674070840892 0.963303371963832 0.476806445471043
0.250542004161004 0.226318750576749 0.880726569514628
0.00717734844303262 0.00294023115314059 0.330599030349482
0.997444870549985 0.755474016026572 0.145307065042738
0.443006798676503 0.34974431186883 0.480556888326872
0.00507093347543605 0.00796519690548697 0.227565049397643
0.00123776099136592 0.00120925238443621 0.740383901035235
0.0932305016047327 0.108726742249305 0.589732821895281
0.902820912885084 0.713813086488087 0.220937123737449
0.964294055472732 0.804626628204443 0.115696877532792
3.16334332238516e-09 1.28395107228172e-09 0.989033336380165
1.72431022247766e-07 1.12662660990576e-06 0.00882047281496834
5.64180179437326e-07 4.55523710312136e-06 0.00299793844507978
1.11052599572451e-17 5.08496861319027e-19 0.533874102857874
8.03110753284861e-17 1.44580093451907e-16 0.175337353675215
5.89273333252049e-15 3.44336227777762e-14 0.0155307689651809
0.998399211853911 0.920420820807066 0.638705910282571
0.713491059097195 0.261438413546267 0.000803822765603609
0.466237279735836 0.34938819726886 4.08063491509418e-17
4.17769492536496e-54 1.49875036380883e-56 0.874818618162969
9.6484695016547e-78 3.19900262174202e-73 1.73315721133769e-07
1.93259903573469e-68 2.71593696447161e-60 1.31320445236131e-14
2.86060305197411e-135 1.07361038091675e-139 0.183721152124134
7.52470376017264e-141 7.13686738670384e-144 0.0316182660719309
1.31817006453665e-143 1.52998029863957e-138 4.0537005988707e-10
0.825019216302937 0.958311189963419 0.679036209038074
0.126210677115252 0.0763866031064748 0.926888637112044
0.257876042382278 0.828519133953707 0.0286764022538997
0.0774400675270479 0.129262698565799 0.31394869749128
0.167000292240866 0.556957893062491 0.047693323918127
0.401737247043748 0.856928804941673 0.0203138075541002
0.167970983794041 0.0486010892588634 0.373369311961179
0.493045210660219 0.391377753843327 0.843956673267361
0.00778436439553224 0.0188467261781725 0.174714333090169
0.548160269387241 0.44021185121187 0.85247964005309
0.173311011491669 0.0901866493803263 0.760491979028033
0.0255463294163414 0.904778471775623 5.9976779165628e-08
2.11441649536418e-05 1.56449763327727e-05 0.30977676156064
6.14171348745452e-06 3.01404058633117e-05 0.0441258706715222
2.29326880115139e-10 1.9805301954298e-05 3.37226515692989e-10
1.2442787036648e-15 1.39582057266669e-19 0.952993721700283
2.35238141277923e-19 5.01290310525606e-19 0.00598612345121911
4.81936151328617e-18 2.26624821262896e-17 0.00837976010249585
0.492575637737723 0.631940109032277 0.517724871022519
4.99720611224227e-07 0.25570473067717 1.51209214874327e-20
2.20462505852384e-12 0.732260049401242 2.94845121861711e-66
4.88677764383756e-43 7.1598213058091e-58 0.362791039653637
2.38246794872306e-67 1.94065293973752e-60 1.0588518589959e-12
8.02808001332201e-83 8.30201997554194e-47 1.69272564291292e-58
4.08050610587282e-113 1.00126161851125e-149 0.751940660903953
3.02460229186032e-124 1.22921402818904e-124 3.8917468338177e-12
8.79878392784696e-162 2.13851344943129e-134 5.03702188140198e-46
0.71698855361115 0.990583572111515 0.422990343747093
0.839729335113395 0.922747724199342 0.510508991697087
0.0562439770079831 0.201584324452039 0.0767847471959206
0.279291474324638 0.448385682673971 0.354458296205728
0.667359587831357 0.821372610192952 0.604673617234389
0.0739063478321667 0.026053989073084 0.648532197388559
0.944810590368685 0.510372754762273 0.25574244501736
0.561987232199963 0.895536975847183 0.303457713999951
0.0791977492182622 0.215855118308992 0.138484391425027
0.209722023467983 0.176499202179794 0.91025663600377
0.752597289006341 0.701982009528703 0.14784616516333
0.0879645443046309 0.959067876642865 0.00011244784832429
0.00359043049830716 0.00039833396148831 0.576393717055648
0.000352678000740502 0.000547183164126456 0.28530593667495
4.34731850643784e-10 1.43882527911252e-07 0.000340308363824249
3.43482485723578e-07 3.50175628307351e-09 0.705792845804809
1.86380022163693e-10 8.5816439203164e-11 0.176403904717121
9.81356484454342e-11 1.25601763933059e-08 0.00137736865061394
0.969261540033372 0.938575483691124 0.806144505969659
0.00958754692147415 0.263339899825947 1.52934559574235e-15
7.63806148410134e-12 0.246251604398456 6.1858516859293e-36
1.12098129567026e-36 7.2676786957431e-42 0.213109723553903
4.1484903699279e-43 8.60820861160276e-36 1.27994009503434e-09
4.63321707855687e-44 1.17446523834662e-23 4.24765801340681e-30
5.2896804632207e-93 6.59187304625971e-107 0.0459396633990728
9.62165324862713e-122 3.10014576617447e-121 1.10371797913584e-09
3.25944129020651e-127 2.44898326506876e-104 1.82355543379679e-26
0.430033829357859 0.520785965946053 0.620013051598398
0.922497695558664 0.775462509611595 0.709857758770925
0.618005841163023 0.81186636274687 0.640962831167481
0.496675563352464 0.161551743164547 0.76967494947041
0.0724496795127201 0.0411929464393166 0.512039522036034
0.280440873031223 0.583043937247715 0.0560568182014825
0.39215428598894 0.100040082556327 0.78648639807073
0.53137122617799 0.884696118245031 0.475147384808152
0.00262523037201643 0.995402328126732 6.60079487335411e-05
0.977336808509059 0.919728405285698 0.960275957391397
0.0100297855245828 0.924368537602081 0.000677007935852519
4.01292960457842e-06 0.321659546754762 1.46074577793384e-07
0.00133496057214136 0.000284382033595595 0.255664233530208
8.73979493338409e-09 0.000477805079735265 2.86394451767013e-06
3.10611684972096e-12 0.0395669673107441 1.37346236875618e-13
4.1792650972733e-08 2.70814025983336e-13 0.293416972915393
9.98025673304234e-15 6.37718560198502e-11 1.69241515336801e-06
2.50894939691816e-23 1.64665391589026e-09 6.24093915454683e-16
0.774842018361671 0.462448480123645 0.309476511976387
1.80785866871374e-23 0.815725489333209 1.26396687229739e-41
1.46501321635326e-79 0.553693343970953 1.70817160059194e-138
1.09429399766681e-12 1.01283168061354e-28 0.957611238992393
8.12277948529707e-72 3.3475143494082e-33 3.42848104869223e-43
3.27849499755106e-128 1.31846906874627e-21 5.63128299389148e-129
2.68324893017864e-33 3.19672385361397e-105 0.0266206969577917
1.79741940197034e-101 2.17033668891571e-85 3.08230690460182e-33
1.29352761314776e-199 6.97625431194164e-95 1.63841169915813e-118
0.940492586260954 0.989180722098523 0.754552120802922
0.0703623148136056 0.101487730534089 0.29834853909812
0.197848976884474 0.314468919851754 0.129396071131115
0.398907906164607 0.400111775822699 0.909140984631905
0.0104653750427521 0.00959240129608642 0.866754756246892
0.143999302709631 0.278889300747255 0.0334161812934346
0.0732972723558205 0.0512890043881374 0.610048053602408
0.0198550991618764 0.0196948705011568 0.769756403268419
0.292283141423817 0.464831822083676 0.0920375480958032
0.32825878992985 0.432086156387121 0.280218209801227
0.221789018761361 0.394316477986313 0.0471233011445377
0.873539524157386 0.546871164864169 0.0271287544786448
4.30989320612199e-07 4.98056671406685e-07 0.451552220061819
7.61575800060805e-16 8.80328522190848e-15 0.00964945643244154
2.95231517391269e-12 3.2823727581636e-10 3.87432508874277e-05
9.20090854966709e-31 2.84418539357759e-32 0.995739365119363
2.85526404236722e-31 4.86111330331759e-31 0.104238039860748
8.03641461893556e-45 4.49360912543195e-42 8.55972095595899e-05
0.115785207924407 0.085340661727257 0.540212071409844
0.415322916559884 0.571990356339217 2.76585508078135e-12
0.000389265217615725 0.410844679107788 4.3705401315164e-42
3.1738563133225e-123 2.47569685044538e-130 0.732024360610499
7.69640280946972e-126 2.14082485021683e-121 2.35499955848816e-07
2.11600602157781e-141 8.69173673548859e-126 1.13463379374702e-25
7.69531861020803e-278 2.80028932369663e-291 0.586864289250188
7.14735481627046e-316 1.21064566582644e-313 1.30062393437727e-08
1.94408087541402e-302 1.94838052061021e-288 1.08925351972831e-21
0.896383566434511 0.902478121935783 0.572272176520716
0.883903182551787 0.863374390155035 0.990044094388196
0.0380812423094574 0.254428909108672 0.00871800878776526
0.703472523125312 0.616787666836992 0.051228191770513
0.129566671855129 0.176241829511901 0.43566050980815
0.00376920697860498 0.0670360624092791 0.00275458647988857
0.0149621442615789 0.0120060090984886 0.611711158882684
1.35867019863041e-05 5.82174021277567e-05 0.0507528179860094
0.0929443007486515 0.0306336465744635 0.604376542415865
0.337950958463877 0.226554535496786 0.804938910262837
0.557635653928308 0.417353142502893 0.00171656902365985
0.000237949213752596 0.801187268383446 3.56127982039271e-16
4.44156406458967e-16 4.1846604547349e-17 0.0894944466199426
3.07837361612273e-13 4.02205957720713e-11 0.000403440308089824
3.59701735109153e-18 1.34116850238917e-10 8.99741788191812e-14
6.99511320031035e-31 8.21546855018793e-40 0.853617537114078
1.90004301108672e-37 1.21628941027097e-35 1.8184101270052e-05
8.88448199544727e-35 2.1106054553269e-27 1.10516614484261e-10
0.382777054766687 0.855877880712076 0.0855201871051617
2.83434810824758e-06 0.38029913958699 2.72613786432107e-40
2.23713332687711e-35 0.11233294236992 7.62798486745357e-148
4.85031682148335e-95 7.83368822220569e-128 0.328822078512305
1.24067191959302e-130 5.92338326094139e-108 1.41968640032273e-30
4.48155046892659e-197 1.16236400761112e-118 8.52745496722638e-122
2.45360584826394e-228 4.71372319519447e-298 0.851963213629272
5.39189613263781e-283 1.6027691228356e-277 3.56503194725467e-29
6.41484395470959e-312 1.6536808388779e-257 6.5439088578328e-81
