TOT AFR EUR
0.59650621662212 0.146533424419844 0.093326022244457
0.899199258212195 0.980409996802989 0.727566852908789
0.216930602339636 0.304505616316518 0.441925507562398
0.550981693802282 0.572410542881717 0.853930139450509
0.524146741471311 0.425939068167841 0.904255392390185
0.843991148699007 0.951903944063487 0.582392590483769
0.254287371083546 0.360584712654234 0.429351437233887
0.0584381738358291 0.145199218716 0.163316224013072
0.761179889444348 0.422544649072167 0.319870504473646
0.788343057874229 0.417943071402149 0.360327966725683
0.395563505199641 0.663458494038532 0.304113127638492
0.234266756129644 0.238891867228559 0.788166775065924
0.119069947247678 0.233139696606431 0.236360364450552
0.0355258789405538 0.0601285252578233 0.297479941920483
0.00772481379955387 0.00392206856733578 0.809482538020532
0.268292530993369 0.0569996334549603 0.162484740620625
0.0218877222636721 0.0331265027701001 0.39114393036681
0.21008972739762 0.296508047921533 0.445152237747002
0.703221961903443 0.3921324654846 0.407604834981627
0.316130420663571 0.688163733178973 0.138707119223553
0.0199986084917048 0.489463534446578 0.000122713356415393
0.000412884600947687 7.6587435055886e-05 0.998363702142604
7.04921335215051e-06 1.34703205595052e-05 0.179904435672363
1.65779761321865e-06 0.00029403519453888 0.000157061626666811
1.1410091866381e-12 1.35717298694852e-17 0.405357685596167
9.65969775393312e-10 1.19869464127085e-09 0.112544200870364
7.60256796609098e-10 7.98902386111384e-08 0.00190444688112796
0.0953471101115063 0.0201978216561951 0.807705548763063
0.809067996450964 0.761793746280033 0.934615204878459
0.359696106775328 0.478724605595211 0.550288139018572
0.574408846946971 0.235512316224349 0.753564810213777
0.353526417072023 0.502992311905756 0.0623603909034447
0.0200982952408567 0.185585755290551 0.0542560367508628
0.849010497411389 0.369742436452621 0.574591117250368
0.640432221366828 0.907884424830842 0.479167955105592
0.0400101001169944 0.976823253281166 0.00626450713630106
0.53553614620867 0.618170681499486 0.208429088123597
0.231219142322068 0.604677340470408 0.229670955354324
0.00359841916229367 0.551291699160622 0.000586557757382189
0.0229531719483022 0.0203026503586106 0.280241145954908
0.160151843609626 0.0728071512428272 0.695218975343201
0.0443272934656189 0.304818082921248 0.0803074059113464
0.905623007274501 0.119349627375334 0.263140803525782
0.000422142376600481 0.00539114487478081 0.0200538044739577
0.000730088299683489 0.00400801023042831 0.0466516058462456
0.196310141347497 0.448212240588734 0.298332329970085
0.245217836680264 0.890063326694289 0.140374037311377
4.66850463607967e-06 0.157207767439482 1.79048823640551e-13
0.0122835155317943 0.00118172345671061 0.498174509587446
2.09401549786292e-12 2.91009349873547e-06 4.22164695561044e-08
2.61597995009092e-15 3.44401584170841e-08 4.81635015197155e-09
0.00012537275371217 6.04056419396027e-09 0.8918963248114
1.57492225598134e-12 1.67672704461736e-11 0.000604433235952431
6.40596663362055e-19 2.67478802989804e-11 5.82428660622986e-10
0.169516134688115 0.191408858622623 0.622046763593517
0.640814803882122 0.4932653627187 0.388602866039159
0.971897600608418 0.89367341079348 0.276407348397463
0.591121265032757 0.708919696499258 0.48361888515314
0.845364669788468 0.910953457196967 0.567807278420775
0.446659645764574 0.391087585144484 0.681706121693774
0.363159332851864 0.326722810413555 0.745755726020261
0.612679348843072 0.43863223882927 0.160275018622737
0.0259139039607851 0.0736990388716542 0.0258793050815931
0.697042643403653 0.48921902067724 0.20963207104602
0.288418670985808 0.38980643950619 0.303850321841518
0.421029884659248 0.442265649391254 0.735588364364175
0.0695294769273484 0.0130963867187246 0.00157353940828865
0.0987803420972942 0.113922330229466 0.525706137393227
0.0677032829437412 0.0766037919744061 0.642415221375301
0.00244711510052066 0.000331564935656775 0.0692284179462988
0.00117660003177762 0.000682241661397472 0.736668588086694
0.000776429319218902 0.00090799600050978 0.566696156904644
0.881660442888934 0.53339521095205 0.0750833148199444
0.247884697913684 0.289067421083938 0.389123549364864
0.109783434438224 0.415218860252433 3.4756163929408e-05
3.79724223505248e-11 4.88609341663352e-13 0.0133348351411706
7.07419335163486e-13 2.8174544078643e-13 0.80638993862821
1.33041324293581e-12 8.01151642414261e-11 0.000126220291992764
7.45061815992792e-33 6.52734587815652e-34 0.63883999516001
6.62850800940455e-20 1.63601091984374e-20 0.627113848877635
4.72173964320682e-30 1.89256223332927e-28 0.00392933682253735
0.13650191586265 0.172668507794127 0.513857304996794
0.32985932631557 0.377995741594362 0.685379380627023
0.900286111667572 0.556078670300254 0.152176776306661
0.682473550834682 0.772257004439447 0.727846144006659
0.77732593153085 0.967489665484378 0.458352975801742
0.263565638916628 0.574188250865006 0.168611172957613
0.359669904495457 0.448877471614933 0.572303707522786
0.089489826602249 0.263493556622898 0.106240936795325
0.948336629560679 0.896426326051878 0.903174445116506
0.2000045009232 0.343692303807482 0.259882308858126
0.851769913477352 0.609625100287343 0.0956795453821573
0.120981008087583 0.429576929380736 0.0540678240609633
0.0190385608151693 0.0062742611796681 0.799538410126617
0.00484175641443439 0.015834903054913 0.108509093576456
0.000987838449259678 0.00402873360595798 0.0700449447506423
5.5159544502511e-08 8.41428296071417e-11 0.381217020787696
0.000953953884806296 4.0932408497398e-05 0.34077391055076
0.0284405199376554 0.085813525320653 0.107740234109145
0.222324848961927 0.448604084391809 0.21008072074846
0.0109474485324765 0.621805418970726 3.70318317088881e-09
0.0314582346050329 0.365210193742377 2.18374683908795e-11
1.59341897251586e-10 9.44201831790153e-16 0.159209107356034
1.84865711914319e-12 2.44069701768915e-11 0.00654710366682079
9.26475982830752e-21 1.15682111169574e-13 5.25666346927998e-12
2.68278708195139e-17 1.37794474995103e-19 0.316860607464333
1.47096572371037e-25 1.0772171368307e-28 0.0763701928120646
3.76735163091382e-31 1.67944863297928e-27 1.53800604936568e-07
0.158939653313952 0.462229995823572 0.0840478556678222
0.122764770300477 0.4952700788167 0.0364832880061249
0.667094322774783 0.380887690593959 0.457149284421603
0.105813793355392 0.187405634749175 0.308257425016314
0.592011859234896 0.884485815028281 0.127548601187241
0.0130236409333417 0.00739311553268973 0.812840152873327
0.529879032493562 0.402123786375617 0.794388693413472
0.260611710837543 0.214919229975761 0.95848579088885
0.143613612292892 0.450311337253657 0.0700628489992011
0.000199696283375203 0.00324600610456807 0.00816928164158565
0.0509576180634574 0.440723666439044 0.00351727751929679
0.155443826592362 0.57816469232956 2.24405761310383e-05
0.0612637667841541 0.0798722346666573 0.491353498699835
0.00260224313056804 0.00719703126354664 0.184853382367391
0.000661150831869453 0.00778059668436309 0.0168874913368673
0.00194349152966996 0.000228907553015177 0.627433457688743
6.08825830249879e-08 1.1581443060012e-07 0.108573007149017
5.21188376300803e-08 9.57159563198182e-06 0.000873951117229359
0.885157311556909 0.736752271506522 0.723842430253437
0.0335921373677553 0.718606213058054 3.78273345132506e-05
0.00143407416378792 0.383003947563235 2.79053444103541e-17
1.11895656851575e-13 1.81347762186916e-13 0.0566264960140102
5.59274538372091e-29 5.91186449350494e-24 5.86291723164888e-07
2.55941619605171e-22 2.37370662896207e-12 1.15154067860476e-14
8.67196437799166e-39 1.67769195267046e-51 0.416118417177713
4.93672794667567e-60 3.31850669412109e-57 6.66875479996074e-07
1.82746830813429e-61 1.43234816373657e-47 5.7539462569407e-16
0.245627951793265 0.128986926756283 0.815001423988141
0.619646868259792 0.681354528570223 0.305259530986552
0.279383536951711 0.22755397267659 0.685631198325855
0.862804640666201 0.606244590477203 0.500496852004919
0.0236579410351885 0.552402559978237 0.012158240091127
0.0142195102339958 0.0458652652381778 0.126717929390422
0.181134485974392 0.79103063650335 0.11645715321642
0.381659062732864 0.529130338543108 0.532884921559632
0.648253140480667 0.203466287114596 0.0940213476667302
0.154178041089027 0.15721149085479 0.492319345061681
0.0703052806771513 0.678304779550353 0.00613874460014825
0.000321314029220174 0.18531626070956 9.1044814652181e-10
0.843072675576188 0.0864242438716935 0.225295617077275
6.22265334818568e-07 0.000546487744920185 0.000271707647438245
1.3895979450546e-07 0.286957520333925 6.41216527047754e-10
0.000243388979946482 1.00746623311848e-08 0.967706047595639
4.29244513947312e-11 5.45486483408619e-13 0.00742402996334038
1.77841852225586e-06 0.00146413853206095 0.00025835149026375
0.810740097050836 0.48948219975931 0.355722856952775
8.71889239312953e-14 0.583367731951128 1.84176645100257e-21
2.18644800294108e-41 0.350841458040018 1.86888750108968e-66
3.28819331894273e-05 7.2450722138449e-15 0.275272846540253
1.34588141083051e-34 1.04459580840494e-11 9.46220396797857e-26
7.02444080724753e-73 3.27732739701041e-13 3.87947695958522e-73
7.61890776306829e-25 1.3076208661213e-68 0.225600291577108
1.09533914661022e-68 1.70787523922166e-56 4.4451065359939e-24
6.78034315336582e-88 1.96242361464655e-41 7.49667579470721e-51
0.222833963223237 0.163512189633101 0.501868746177962
0.973386254689309 0.95106389858936 0.623161517298579
0.898451505368143 0.815454928500163 0.578551974369144
0.0265859015788736 0.0204073422665341 0.835678945071718
0.487418514760933 0.668331915543237 0.127428961978273
0.35045556658291 0.484662571133742 0.19915766768803
0.00618403597454752 0.027280917804559 0.00486070350548388
0.0451891479361036 0.0330489591676238 0.742589845144895
0.0181767903854652 0.0160556940454132 0.959929069358178
0.0778532144939666 0.158670036299827 0.0184817304205208
0.761012035541603 0.776973596636739 0.879304075558352
0.0840745901552673 0.279987146112492 0.000140518283232768
1.19994108654312e-07 3.11584742740116e-07 0.105655438289073
2.62502826983214e-07 7.67976956927421e-08 0.669950954306702
7.89751112751688e-07 1.70096518402714e-05 6.92690597722148e-05
1.64847557569017e-18 6.4296480738254e-20 0.50715464410769
1.19478937293378e-15 7.24711177513328e-15 0.0275917211694577
1.42861340742806e-17 2.15234066076896e-17 0.215070138500509
0.305584944745817 0.394633609606736 0.34568361774694
0.54792765917546 0.124581502593587 4.13506211961642e-08
0.0515750223394739 0.784276325872054 2.35440110797352e-21
2.82054836297698e-78 8.00665527096721e-82 0.653694546231483
8.50882693308936e-75 6.55823072960171e-71 1.91972787356098e-06
9.10784448697778e-61 4.50466119052079e-54 1.24444820109878e-12
3.34907863633283e-125 3.16641006304311e-132 0.922808867636205
3.41420299113126e-149 2.37241863093529e-147 1.13108243525864e-05
6.17126404985457e-147 2.97488467549382e-136 1.65447050733727e-14
0.450748894456248 0.677952857265824 0.00883442903931974
0.897272725494733 0.595688383586152 0.423977482536954
0.666893116129238 0.529645876334538 0.0200856212350751
0.438861777481008 0.915994677425292 0.110813932312947
0.367188794001725 0.292717732954671 0.962555513769164
0.0046840093991447 0.0233169149457942 0.038103821518128
0.0471930402940901 0.00896914329282336 0.46024930081998
0.000127810717384933 6.69930921917048e-06 0.752678811236979
0.621252965551023 0.812014976441806 0.497735073071557
0.198454062034157 0.161308815125134 0.9048179111817
0.40499221641744 0.891275081786765 0.0202046815236567
0.487217563723205 0.105094030720282 3.81941213780373e-07
0.000171546244034829 0.000102850681661939 0.41670161331654
1.37653896360475e-05 6.44763773379658e-05 0.05792421850344
3.86974281054553e-11 5.60707309829167e-08 1.53154500878813e-05
7.1021396251978e-17 2.12920592768961e-20 0.687066978750422
2.37882678595748e-13 3.38828000010266e-13 0.0345743830962609
9.48908517326214e-16 7.42944993810053e-13 2.32563586536043e-05
0.388255976604008 0.477326204851508 0.567116805500854
0.00121896919421941 0.279413985874115 6.76496169794967e-24
1.34610854949489e-11 0.443231582763217 7.03194106509616e-76
3.24902465590103e-54 8.32602937196532e-69 0.713068887421499
2.52262536982817e-85 6.18484480483017e-66 9.32679294687907e-27
5.99887610576958e-101 2.42246321644832e-58 1.26367303276036e-65
5.78941406688907e-110 2.25392304217626e-137 0.305279743844107
8.19537918230906e-133 9.16249695256213e-141 7.73467950526507e-08
5.52918319400083e-174 1.86558015454448e-150 6.01364966435589e-35
0.79963227082735 0.846800183878965 0.338019899334805
0.694001687665548 0.212515728195559 0.103773498043617
0.103149182627517 0.182472552740708 0.312773051617888
0.00423093660644503 0.00234758551329573 0.731320819876562
0.992170648066886 0.705500979912029 0.456878755641419
0.391744049740903 0.226334334020985 0.621718068118859
0.112391153007258 0.166347879540557 0.422316420840734
0.0112817077441614 0.00535002142153739 0.906590107414965
0.143535558488884 0.129591461915994 0.795283519346446
0.971387433574072 0.957951816537323 0.849572394541962
0.22331529967744 0.453055841827434 0.215866275831047
0.624151384341245 0.663476293842399 0.0436226902698476
0.0613809051515898 0.0110411589178523 0.373369317178468
3.80367873974664e-05 9.55856512481916e-05 0.14663263222822
0.000145111857292453 0.0022413238295429 0.0179728350216889
1.58713123971181e-07 7.04617059934133e-10 0.601732970427633
4.25617240236458e-10 5.40695939460484e-10 0.108921325372198
9.05326989091682e-16 3.19417837973618e-13 0.000511213751726398
0.127974644416011 0.142781281945883 0.634022789314158
0.00149257353054442 0.596351771756556 1.1515419239572e-09
6.48564771883533e-13 0.0841638592014636 3.27987837267399e-36
1.87033644121199e-24 1.76183309556098e-30 0.893516710792569
1.44768473113071e-51 1.40479184292004e-46 6.19268801412297e-08
5.61184933287379e-45 7.86036603495861e-24 1.97522061824185e-31
2.86518512587855e-103 7.34119765262365e-128 0.588885310506337
1.02069712805831e-114 5.2135720918828e-105 9.1802134280938e-15
1.93945676452598e-149 2.36120048329454e-126 2.72064341043207e-28
0.715891023676882 0.321169053553607 0.708302119786508
0.611671615402214 0.536541522436901 0.228907111559618
0.0654381088175192 0.776471972116091 0.0273433665871261
0.054350593600947 0.00420113635454167 0.887987624738465
0.53754987414848 0.333557546566955 0.997367493137581
0.016136865439245 0.368561042709291 0.0149750474586723
0.677222266515956 0.708820299060777 0.817114560289789
0.074114541558656 0.162758915224599 0.239388973662442
0.342045132175356 0.904824166298994 0.168306632586933
0.884183048546927 0.261932740166283 0.439647091517782
0.00159977017601334 0.147853610581636 0.00309359959095387
9.4271753370183e-05 0.771675944776637 4.48120703295293e-08
0.0151987910370526 3.01312506053744e-05 0.713633719547581
7.73125320636307e-06 0.00816941444431343 0.000216027387519267
1.16509263234043e-12 0.000814518024411323 2.87076022657936e-11
7.2130318705133e-07 5.89592841991536e-13 0.578383621111464
3.69100732570978e-13 2.42343737209502e-12 0.000290007909618005
5.21992676056067e-18 2.62523024263675e-10 7.72625683059014e-10
0.368128477043895 0.183469767884866 0.0191884673052557
8.74837200302897e-27 0.943630118978579 5.71296982257866e-47
1.09365197389383e-71 0.211230455628604 1.39969103663084e-138
2.89410517044984e-10 3.04710077442318e-25 0.630368384886898
5.26917629252795e-65 1.95255443969934e-27 7.44705483383835e-42
1.11926645822288e-145 2.1209039361737e-28 1.96326819651408e-138
1.53703348360892e-46 6.24427009813451e-108 0.828457925000532
3.60434321507625e-125 2.66270624141152e-112 3.39862543379971e-37
1.28118230322682e-184 5.8846270794797e-81 5.74117662627309e-116
0.63510280869369 0.706710805240445 0.602707701509615
0.702565129463216 0.673536763241589 0.883944547654677
0.317068430232306 0.340328747317114 0.719464913414291
0.0356296913677502 0.0683353028877761 0.0902688715898807
0.0655938362567212 0.139205732344288 0.0415133846094291
0.61388100985006 0.523135890457459 0.523906133713328
0.000662743260675688 0.00169581416825984 0.0877597240948536
0.0922108684891338 0.0801880050122177 0.903627307742551
7.70966026561771e-06 1.01386783325802e-05 0.383756882093968
0.318966544685576 0.37118397480647 0.515460109470276
0.875164963176445 0.388688451370903 0.000461816533896652
0.0929209578456496 0.432930983918837 2.80941422879985e-06
1.41682836858888e-06 9.39681966624243e-07 0.812471041627056
1.9467566154443e-15 1.26854996394451e-14 0.0389641810769098
2.67368845935309e-11 5.56309446193558e-10 0.000946944064907468
1.08129616969545e-30 2.25618763423137e-30 0.0895630595735781
3.86244497255458e-34 2.33996541952217e-34 0.190069667287501
1.37124590101253e-31 3.08814626507909e-31 0.0768498750397092
0.636094199919285 0.79016534682989 0.288739523220829
0.00593824629600318 0.271618120920336 3.31038299916976e-17
0.00131479958874465 0.31099602461919 3.65120745674102e-33
1.085200100632e-116 1.23380370519236e-123 0.730783087308308
5.77939915574887e-142 1.56372657009722e-134 6.05476175427233e-11
1.6324035367763e-137 1.01669178896052e-119 9.96664379280582e-33
4.23722836527463e-267 2.58244742643099e-282 0.959308800046323
1.05826206342011e-296 1.16299030970931e-299 2.26863394668738e-05
1.55099070909862e-304 5.22654098104095e-294 7.1496755873048e-19
0.626179389990983 0.749819000559995 0.624708625741426
0.406369739614946 0.681368400537841 0.265936747202238
0.517315381174893 0.573553327590013 0.72473247100376
0.621065138549035 0.949865433720119 0.300740795223768
0.502244338572746 0.559729631799178 0.71427146443626
0.00146159317611705 0.0388518163391086 0.00117818719419402
0.00154480920868523 0.00136527999000542 0.444314667725107
0.00414207467278986 0.00222655280913668 0.696982905190603
0.000485252091068199 0.000122811202709843 0.805262371029246
0.295359153953169 0.260424731407428 0.897940006850022
0.0345231705639779 0.350652203030397 0.00185123710223027
1.25038889241615e-05 0.31869906309222 4.8454964075595e-17
1.31402967853982e-08 2.44750459888656e-12 0.225033067050984
8.63149750295067e-11 2.16507967878432e-07 9.84411623166656e-06
6.84303712335529e-11 1.03990042117314e-06 2.45131507833131e-07
2.85468118805612e-20 2.37372028079551e-31 0.0199260112295567
7.55509595502745e-30 5.25416151381035e-32 0.0202147425317386
2.1550073416207e-33 1.38330068030569e-27 3.85739936018018e-09
0.275182277045221 0.138100679419422 0.612046809097634
8.51284186975111e-11 0.740491757411885 1.01401858964876e-47
4.00129641449399e-22 0.127623647874491 5.67220093327759e-144
1.94700318007625e-102 8.07110892902433e-131 0.697905307443972
1.209629313353e-128 3.45448001649464e-105 1.50448313524698e-32
7.00500953795628e-158 3.99473977383472e-92 4.35070265084867e-113
9.63519665950696e-241 4.80132959055797e-315 0.743507053844312
1.32137609581898e-267 7.82777792252173e-272 6.1757301172559e-23
3.17179642634345e-309 5.57751973389828e-260 4.47728869877781e-81
