TOT AFR EUR
0.288337136084556 0.611908222102475 0.151949919247095
0.280293221699955 0.287795647288792 0.755703377248309
0.545726412485934 0.68743616324701 0.0320587876128924
0.836138928635351 0.792387927619624 0.953773355182755
0.823421336223136 0.915893447565898 0.777064005258765
0.955244561168844 0.956088229464949 0.986126903202733
0.396804311711325 0.844745122888979 0.11322769697229
0.589227372026906 0.807004315827736 0.454170017379154
0.671307903057711 0.417774868761742 0.501646217231609
0.902393830909215 0.970766217836851 0.834964936266491
0.104055763369483 0.206941539994239 0.234268240864647
0.835942283875048 0.874949305704195 0.438206890838925
0.0145154119427827 0.0378465109641371 0.18646518010343
0.952796226881995 0.612117755827707 0.233859629517648
0.255434467675505 0.472186709955853 0.243043446297728
0.0866047103622714 0.0136271177809262 0.252810700967501
0.00153015210323898 0.0166936482250951 0.0151575121135749
7.19017481197938e-06 6.58785820263782e-06 0.216472746038371
0.970651423678016 0.98178440911396 0.884778466912381
0.0230948444000561 0.280240408522791 0.00255360859178754
0.0990065125521716 0.874941316684023 6.17264720998036e-05
0.325693853051313 0.233778270814534 0.877413592828851
0.000456682423074746 0.00066671499566301 0.300232366406268
0.000113272041685249 0.00541836829989236 0.00338603814173527
4.38685773645893e-10 2.97772245062893e-12 0.918456488665241
1.3727004043828e-11 1.79511634527953e-10 0.0159285553757078
6.90022637406279e-11 5.79838656668924e-10 0.0113299444898426
0.766379657343482 0.930184077273645 0.753465833538203
0.108565183394034 0.473014145910141 0.125013958740185
0.71421457758345 0.264896748154178 0.625825064918521
0.829498515486487 0.175710366918749 0.15007443756681
0.0947892491108247 0.0119025552793173 0.978830025421666
0.449357678935835 0.852857458345845 0.24151208490928
0.948338547076319 0.486064343814469 0.466968946552267
0.0643915922530197 0.708207741680319 0.0291232623249308
0.478179290277325 0.0566695083570839 0.507717154869867
0.0173511947652289 0.0202339762653946 0.224594308887291
0.5948413231659 0.983980707108529 0.496766920670195
0.0189168589592092 0.514363003593171 0.0116857680452293
0.945354796576235 0.421424553833067 0.544194037554751
0.190678495825095 0.740112194338752 0.137446044755892
0.000451386406877384 0.0905392868296895 0.00101851338777859
0.884806485400175 0.164188281302215 0.318902830097451
0.0808368232996294 0.146090588841063 0.270065454186534
0.0131881067965791 0.00523024364549642 0.392970726725326
0.191271413277603 0.561865932935506 0.211670783722479
0.241421298534488 0.381043442887123 0.0155283003597963
3.56800223796661e-12 0.133257733527129 1.31647747351137e-15
0.109050181927913 0.00798545301922304 0.970395863151543
1.97388967404547e-06 0.000511378055608005 0.000419830116821031
1.9657761675499e-11 0.0134245345492751 4.81613173678838e-12
6.22584468563679e-06 2.33069216894698e-15 0.610680132965667
2.86259566538701e-14 2.46682640302184e-10 6.85850996371164e-07
2.32113911582183e-19 7.26136470701776e-08 2.29075828425903e-14
0.0992872446456448 0.0870779738919335 0.929663198799484
0.0783169805692701 0.11277895975471 0.199904676976324
0.843778039800416 0.97754663227179 0.308414093634151
0.0301177492934501 0.0407696760169103 0.352631025667795
0.0129217195080541 0.0054347835127387 0.362759381303967
0.0130575369155229 0.0182564882431533 0.192797327121239
0.0763968292345855 0.115030564618379 0.373177661954118
0.366342693937375 0.45286591002535 0.246563383303528
0.0227275861332197 0.0290629317218825 0.419309296426776
0.517733735027307 0.314522537506397 0.0710754914047497
0.116751164994957 0.122813159149966 0.78396059537459
0.413554523809738 0.518029183971254 0.364923620636709
0.145653944876047 0.245835715738838 0.0916187597515362
0.0440968776174303 0.0872874120240479 0.0653476335366615
0.0123289173853691 0.0144364328808135 0.493609784202535
0.00472259813660059 0.00752632015548618 0.346945619687262
5.57936302045377e-05 5.37184750606431e-05 0.606514627076177
0.00035204538471882 0.000233574636288871 0.968834237579218
0.74474445754742 0.865621478500452 0.445452777925285
0.711521494416405 0.315105520797147 0.00246435701043094
0.539726827221004 0.915808262109892 0.00126335882101708
1.03068884019653e-15 1.7553647581303e-15 0.13100801305868
1.21308448853175e-17 2.34351668279928e-18 0.905535106925142
1.78622402867199e-17 3.46690611623003e-16 0.00178223693945191
4.47482135651203e-29 9.70043882920633e-32 0.182396294723171
1.74156018816144e-25 2.88795814368083e-26 0.594490924657414
3.56675844789669e-32 7.44980257603601e-31 0.0152787302709232
0.408473950958428 0.65561452873294 0.295370015336807
0.958254192930761 0.652993956995488 0.310887271690083
0.039071442438248 0.0343533473370562 0.606765709391263
0.541423331542574 0.507450976181258 0.95805260662555
0.816018404327831 0.453313959595165 0.322608866394624
0.439258612472441 0.814591871953874 0.196504532471943
0.334557085808757 0.669322888446658 0.165545439475139
0.170197673099184 0.142170377876417 0.827704120701312
0.749165496962662 0.781163084959226 0.86810571845702
0.147722572452831 0.437364681330309 0.0764313083434793
0.0706727319594165 0.0895475991199818 0.451870784110743
0.871212999821796 0.187038446239462 0.0222377336687351
0.213620663603689 0.271452385486472 0.493394476095969
0.00890361183633538 0.0350837125829693 0.0294883259787507
0.0858542808698807 0.045797802105055 0.899823817205673
0.00165156393476532 1.9394422268385e-05 0.112107742532553
6.84722941630113e-08 3.51278050570542e-07 0.0251027033561984
6.57332705802843e-07 4.26042584391034e-06 0.0168307112984056
0.769632820895915 0.845068309873386 0.338765042026508
0.0945066852166611 0.835152864784521 0.000294880231896461
7.41030833569104e-06 0.473716748635615 1.41895628086968e-21
2.38874985679067e-08 7.71129158431111e-12 0.39688045304593
2.86544685101268e-18 1.647773721534e-17 0.00141853939580818
2.54646910713533e-20 5.12267360580984e-13 4.17589042468442e-11
1.7560441644177e-28 1.85498944193833e-35 0.668307208613541
8.89040977389535e-28 2.76419360554572e-26 7.99928739221824e-05
9.47673827537623e-29 3.11529375177828e-22 3.12661205514599e-10
0.713024629218832 0.554808696798429 0.723458778931869
0.769553049771008 0.190789229107153 0.0468628123696817
0.772226464709567 0.719568691318139 0.948891074017688
0.866870223928886 0.785408383823504 0.867272541636168
0.666763937764816 0.800472895936489 0.638415942074539
0.0714491888592881 0.202276428864296 0.131245585020794
0.132315880318557 0.0625613629416891 0.727887884806917
0.139877330882666 0.27825844253973 0.238990642406909
0.171490906130253 0.141566369911556 0.888079206620453
0.410226770606013 0.338941003512281 0.945841031584154
0.412268785726525 0.607045807811534 0.40595945329977
0.463454142058895 0.795729596692294 0.240967833951425
0.00394053581202364 0.0137699422672143 0.121141669448819
0.537471284063476 0.669196348911693 0.588932266502643
0.000602388842212835 0.00524767812324201 0.0450784256158716
0.000129222973096935 9.52352297708834e-05 0.438003640549657
0.00111958810035968 3.1382646348736e-06 0.054627445275488
7.5073550770322e-05 8.66576596317265e-05 0.321604544261421
0.211475625298728 0.0648650424281496 0.397835963995435
0.000493220473754322 0.248348332652133 1.72696278488029e-08
8.55531095902471e-06 0.76676996069116 1.3881262476238e-21
4.60370052129323e-20 1.39116872728623e-20 0.0637636063369425
5.07478102022045e-13 3.53632138821522e-12 0.0145770450921008
8.85877624264594e-33 2.96404903240023e-22 8.31408841283474e-14
1.96703769021979e-40 1.23518836278047e-46 0.165924976754386
8.05545300531656e-52 2.26311667544743e-52 0.000212285257726966
3.73219066888094e-65 7.30385188642758e-49 6.21576943014904e-21
0.0840262224125189 0.0992572796183313 0.37154660186204
0.945115729610515 0.751782396067101 0.715866412437939
0.707843076669473 0.139012343344887 0.449399541484638
0.877695454284396 0.621056007246451 0.826415380273518
0.1902984477887 0.474539860013225 0.257948376412402
0.987943783688481 0.468976008821175 0.502770933598671
0.200380917731877 0.00903939806056406 0.597687003364776
0.934880312169961 0.466269795808262 0.605281759420363
0.129194732436543 0.047082883051052 0.746611552046396
0.808572757587972 0.710632010618378 0.525177438171091
2.11023411057556e-07 0.0211832906897759 6.98634118144128e-07
1.37087664564127e-09 0.829756540502908 3.72684441142716e-15
0.313323591520488 0.0239806319308246 0.542301115002065
0.00199154877077516 0.00188061709159294 0.140149843128046
2.66616535179025e-08 0.00195568716139396 2.45388585003373e-06
9.6505968256648e-05 3.06948279766059e-07 0.395478645339874
1.74836421716276e-06 2.78812383964869e-09 0.175798448024849
2.71085456983733e-10 0.000284094750573978 1.4896452759098e-07
0.996354941254201 0.549805740300532 0.603489100534239
6.09171841622853e-17 0.316928576463689 3.20639994433894e-25
2.775399171586e-31 0.620871552701643 4.58420517552129e-58
9.14868170967239e-12 3.0700776488469e-21 0.356748939896001
7.33836410032569e-33 1.58747834654847e-12 8.62660541266937e-23
1.4768680614788e-63 5.27371024375113e-14 2.98737383876107e-58
8.40742741440777e-30 3.3003868831744e-76 0.532542710502235
3.35967822452381e-61 1.91632959406836e-53 1.16766049396568e-19
1.24980709012342e-92 4.68211753079087e-42 2.24409554040348e-55
0.695200001235963 0.560074036449104 0.394737447615596
0.0404315421218173 0.0673155770205556 0.180471392544675
0.147805972934453 0.182809901784416 0.412812504668319
0.557847117764377 0.469784314150024 0.543882163384091
0.0354113355959902 0.0573445351052218 0.241991703280501
0.0971020378574407 0.12528832649103 0.465906145267592
2.47025673465116e-05 6.28931681688746e-06 0.363159259089496
0.0326469201256287 0.0512891382832988 0.221182492733198
0.153519669073364 0.288935063617198 0.0422137599236432
0.674922626644123 0.721703384260407 0.695616015638795
0.0435856375977948 0.0845061902222656 0.0833217591684412
0.822161614677808 0.535237733562825 0.0285502986262017
0.00370095981027407 0.00361956190608086 0.731469382778434
2.37629869451079e-09 6.53638655977828e-09 0.082288373258397
1.52585822662048e-06 1.14218750268946e-05 0.00605777771619076
2.1700705731696e-19 6.19486159764258e-21 0.327357934538209
1.33915224514566e-17 7.70843485582016e-18 0.412172789765206
9.17793556982528e-17 6.42330810301209e-16 0.0249344937179456
0.656458401662842 0.659241082878272 0.938502221055503
0.187677766488482 0.713044415516309 7.28880603174639e-07
0.00327239156687842 0.185711922786978 1.0907408048773e-17
1.56396688511714e-69 7.95213965704384e-71 0.114660502088484
2.93800757945623e-56 4.65828680357105e-52 2.85389888584773e-07
2.81915632467608e-81 1.28082878516016e-73 1.76638726079461e-13
1.7282959920643e-153 1.10633128899116e-156 0.0353392165650351
1.14825864363402e-148 1.27068698854783e-149 0.00337267368022265
1.10684365194866e-151 1.4732142233853e-145 4.5810536822726e-10
0.860883235572747 0.941264371500698 0.583377992214964
0.760440338342781 0.871236248321803 0.703867288019536
0.503971200734338 0.899591919917698 0.188932154452976
0.229985998265949 0.314144162254662 0.467746101449449
0.909616071514139 0.861291565526506 0.919131104641993
0.10703854157521 0.412737627102247 0.0431847907674049
0.0221294890611225 0.00144366765635931 0.209138033904856
0.30842391633131 0.653699225154094 0.15428095683132
0.642033834344538 0.695156526617856 0.78075990198316
0.655156111015983 0.642455330363349 0.922841215878887
0.356398960123059 0.94254538502997 0.0416994250204466
0.182649388000787 0.631625115990287 3.22958883242637e-05
1.35772447435074e-07 4.33301073352973e-07 0.0524180143009021
0.000437449317949657 0.000896706363835335 0.140449373692148
3.22744079441723e-06 0.00523380422598872 5.12827862409637e-07
2.78370703345879e-14 5.19906506207359e-16 0.288732988049517
1.72826622556786e-17 1.95229809262824e-17 0.0163531237567092
1.94181629484494e-20 8.08586395986354e-15 3.34645470102633e-09
0.969214419364387 0.748715680349336 0.459850543165209
5.51267730939378e-06 0.733840975818006 9.2727429580949e-32
1.58379959939159e-13 0.251818405667958 1.34017635503148e-90
3.2736655852429e-53 7.83282307667841e-63 0.139528584713882
5.06281867121061e-86 3.43937701838521e-78 6.59888540544359e-15
2.12400006190823e-77 1.95963151387058e-47 1.12736831191664e-48
7.49101448574636e-101 3.56854181445358e-129 0.327824509939976
2.26636976986431e-134 1.29171147650077e-140 7.92379490912023e-10
3.50267745783424e-161 1.25467483836103e-137 1.9061811166471e-34
0.905458778883648 0.940817389219561 0.905692255773248
0.845253336950504 0.362577041254723 0.171153347245803
0.397135936303911 0.488952320535239 0.598371719804619
0.903536518796045 0.95398835481314 0.876242980721004
0.0842165434275111 0.163500177822284 0.260360304500198
0.00500951810986619 0.112462596710266 0.00159053888384745
0.869925079019736 0.603069629038287 0.49197952971603
0.0123232275169233 0.0185542442709065 0.356658085455075
0.550713340686266 0.697184372984457 0.575532440237887
0.603611990013605 0.701340775726033 0.690390221499678
0.0877726931996344 0.812474446738057 0.000783148210422744
0.133019165352679 0.802286462721845 0.00350616610333469
0.00108819141642871 0.00287637436515801 0.163213198254489
2.92777013066951e-05 0.000120380890455688 0.0922035007571039
9.96045758835393e-07 0.000104885447309101 0.00157208285803097
3.1747875337517e-06 5.7758913236384e-10 0.0576690722756775
7.00407740693173e-08 1.83269131829902e-07 0.0891662035847083
1.19050211933665e-06 6.90284180531363e-07 0.312755141274641
0.165860880034975 0.203771250407404 0.567913581478054
0.000929311853091389 0.359839814148742 1.12385351151409e-08
1.19489741873895e-07 0.217090984528891 1.05874600984931e-46
2.52696435179676e-30 3.20161823674033e-32 0.0476835776770663
2.11277367795802e-39 1.41868078857532e-29 9.32637707703952e-13
4.62024984380301e-62 1.12412122021372e-37 4.16661220001632e-32
5.68322600365034e-91 3.2234779880257e-112 0.67958503405926
3.12094927881866e-97 2.34898412482602e-101 7.43749372076322e-06
1.03837862882462e-128 1.00938747844978e-98 2.24040483793552e-33
0.494278461324849 0.767893771735337 0.510569894368008
0.237034444184739 0.186972723285901 0.648070394923814
0.0543735833577053 0.131070675971267 0.203179085142358
0.685377692569098 0.640668718039957 0.887359485542052
0.115818076916361 0.0302361168930939 0.808320982699381
0.475402823959118 0.395710648912398 0.0879529921247944
0.226634107734763 0.796349613172763 0.167168538928467
0.169986939082421 0.666454266625055 0.145935744174308
0.00234783236043417 0.09802057802013 0.00816750974494418
0.342918063083552 0.669811966225892 0.3653476249494
0.0274177792282859 0.600066993043249 0.000708505831619608
8.05503250002543e-06 0.688474969352762 2.11869859173157e-10
0.0057725117807688 3.98390212565763e-07 0.517137850656831
4.72276356181897e-05 0.0186816204578284 0.000682410745219401
1.6798807578878e-13 7.22730671744788e-05 1.21145214454175e-10
9.23307245039509e-06 7.35013277190924e-09 0.318981729178002
2.20751061068382e-11 6.279648374594e-08 1.96009081073946e-05
6.5727330758474e-24 1.14503313366054e-10 1.44086550140525e-15
0.0562867678058589 0.00420231952686765 0.918400138928611
1.42219107620047e-36 0.0958979657168556 4.33639636573618e-54
9.28243138772013e-72 0.856543005082508 9.08748740770026e-128
1.56054530499355e-16 6.9050817524717e-40 0.863057928033179
1.36075712590426e-81 3.04017347590618e-31 2.80143060827612e-55
7.82467260976547e-121 1.68623020094532e-23 6.73962748106514e-115
2.09335780055821e-46 1.25274377986418e-107 0.930567634737822
4.21911139340151e-116 1.67449719679656e-100 4.60526644891981e-37
1.67146700072538e-175 3.50091853154726e-82 4.37670324352608e-105
0.31976071533072 0.387307380858344 0.435370129348339
0.0108659532176351 0.00728371561476553 0.729119829214849
0.189970505189019 0.225780378805796 0.503878851172071
0.0213034064715187 0.0381166011172388 0.155023420516721
0.108966713347054 0.118233853646474 0.680574786836177
0.000411199940464588 0.00033477708561204 0.859962451654729
0.00550041875400708 0.00120858177858759 0.0553718804497884
0.0613689436952322 0.13112359590157 0.0432570686227621
0.0120019116124784 0.00881151170782664 0.832172993487302
0.978442573352096 0.961062709552738 0.69364949835429
0.611423615029496 0.974800104825008 0.00667867617209649
0.0641877392465829 0.188314771656729 0.00658162323594785
6.55447408235178e-08 4.48628092670155e-08 0.734092532395891
2.81352605853096e-11 3.49960273418739e-11 0.303096219722234
4.11220199198561e-11 2.39338064398338e-11 0.632794354676509
1.63614518748929e-38 2.43469889404031e-40 0.956217488231057
2.64004233243175e-46 7.62720470126216e-48 0.534618998765574
6.65334751009249e-34 1.87507030305557e-34 0.256090532571116
0.794203537648508 0.846236207024334 0.720519772909371
0.0370949374930448 0.401796659285242 2.78119027217771e-11
0.0407307179581203 0.494439385213794 1.54877392727361e-39
2.64470135330235e-126 1.66750398521316e-133 0.871792133723906
3.50756107633683e-128 2.65643212741993e-123 2.12975410506633e-08
1.83648045269198e-141 6.43089463977842e-127 6.96748816166298e-24
1.76354558938394e-248 6.85595302397009e-261 0.710459304299197
3.05480134519466e-290 1.52456677012032e-290 1.11493081808152e-06
1.40599027879551e-303 1.01516411895982e-292 5.44346826611948e-18
0.207690599411881 0.445864225855883 0.156641471392279
0.0351285082416845 0.00693543796364927 0.528311167872964
0.0897333164449897 0.33503394590156 0.039564088771744
0.0771829150467926 0.0124342826089861 0.278754915527047
0.0209361992852032 0.187229349507273 0.00705726678992761
0.0288286367848566 0.0995323231900954 0.0878353424899471
0.100006624477213 0.0346647667308329 0.592500756181366
0.00958974099976148 0.00138017143476787 0.577012376952543
8.19901150332304e-07 1.15071249684576e-06 0.130638287593563
0.144232026855201 0.27132110800089 0.239638153908587
0.506265146352586 0.612024019483169 0.0066074413866851
0.00828617462835181 0.713540302189279 2.14114064748921e-08
7.63745925268445e-07 8.14153999635291e-10 0.267158616996991
1.05368752679743e-12 8.2909680034988e-12 0.00991094169117045
1.14640025772903e-14 7.51448934363162e-08 1.30762634680822e-12
4.97262592536429e-28 3.40563515345506e-39 0.242264634471525
1.32528425372849e-29 5.80119559671369e-34 0.167187483257655
3.04580099897542e-34 2.61796181835548e-27 7.87835818338437e-10
0.776987685229318 0.380224243715672 0.251541480102332
0.000452288573091804 0.089467091325122 2.38426245752645e-34
1.79110430000618e-18 0.217267299325765 8.6785943252572e-118
2.44282976436253e-118 1.58163042006137e-155 0.53743029741094
1.2821297055011e-146 1.85781976339209e-116 3.62716216833895e-42
1.16257960740808e-170 8.13795364720009e-96 3.75982987118116e-119
4.79261721418004e-211 4.6493159999808e-277 0.77836028063212
1.36429206790806e-264 5.41488775554444e-265 4.73244491342341e-24
1.64138720415917e-298 6.05580846026342e-245 4.37884028952852e-78
