TOT AFR EUR
0.337483570154965 0.588773432468017 0.240921704447228
0.497031732000765 0.673612191065189 0.449331902667436
0.0344994158015183 0.115675126775264 0.106175897220455
0.437724234153107 0.594690981590082 0.46865379036662
0.367600253276078 0.443044758542049 0.6282583109108
0.122995959217709 0.280401187574867 0.191512005538837
0.56701432685834 0.779975776365408 0.455803416432126
0.0382279105270516 0.0329810216396413 0.672871498781728
0.872327219027359 0.677333719270866 0.612723216211731
0.430912672709098 0.1792023709121 0.402088672150455
0.44811848140053 0.624669843810819 0.471416986470732
0.0449121274767602 0.0798771419884932 0.340452084998619
0.184088975238586 0.0714870175056273 0.518516775406716
0.643788540421835 0.922756259902561 0.375722031368693
0.687459899789616 0.906182206356245 0.512967692840321
0.00191496501926663 0.000579292978329822 0.939539032215396
0.0226567403239818 0.00456079875340309 0.570073065728648
0.144368345373221 0.388056171982444 0.155296568757001
0.979097855115812 0.471807783454675 0.186289823269471
0.807008818996645 0.54505151341139 0.111671933812734
0.043420045561555 0.80728468633932 2.97824860795884e-05
5.04593900817025e-06 4.77668017648249e-07 0.925758904845808
1.11397904371566e-06 4.9627059976024e-05 0.00205279172396263
2.72689100886954e-05 0.023083377477036 2.04000350912904e-06
6.75670000382424e-07 2.55637610008458e-09 0.40709599623123
4.13659843898729e-10 7.75870023916589e-09 0.0137298637756512
3.77415191949644e-09 1.10670011340007e-08 0.047391782532164
0.609341132587236 0.965030196318116 0.528851703723964
0.507881872216289 0.353974970265525 0.09339576977824
0.567766151355543 0.552148159769822 0.20396435812596
0.879547575087651 0.27437632615169 0.466654052127835
0.836726171421828 0.155773970084871 0.294932072790619
0.706014428075459 0.606457624835037 0.938676584593463
0.978224704813017 0.852943762686371 0.842019771147027
0.0900286065084982 0.0975393916816698 0.392094498594493
0.172621240823389 0.202579505699235 0.470231503563935
0.218471441148067 0.729084871349172 0.173568096759266
0.792045675250449 0.24268584989035 0.490798672099853
0.520815935473747 0.123789448106387 0.625527389098634
0.259095754290495 0.082309265722363 0.961110195039364
2.04795863677973e-05 0.00587339252983708 0.000949310302390901
0.00216438923383324 0.0585504301406498 0.015848624432077
0.365838706392112 0.195442453012045 0.89875850248112
0.0180618314343708 0.0130178433637802 0.295641631128681
0.0229830858742809 0.0380777998032946 0.230392150739177
0.955623061157188 0.501857736771957 0.632356498252179
0.0025675346243399 0.513589305351278 7.26881761549007e-06
2.15663200286168e-12 0.439744941817342 1.19272268325665e-17
0.111890959849584 0.00578723463397298 0.851650635287963
1.00696159778639e-10 2.96348780169114e-06 8.33991454307298e-06
3.447471142087e-15 9.30811825285705e-06 6.3934924967513e-12
6.59168046153374e-07 7.70379572715337e-15 0.866906327197537
4.37295849741594e-14 1.01979357233752e-13 0.000309522628357573
6.603471484315e-21 5.25374972380135e-09 2.44832616649592e-14
0.416239387501678 0.527142324176441 0.311313110503215
0.663455340747724 0.88149681880451 0.239825954721628
0.0698503546228704 0.0554503705134231 0.773554245037085
0.555208922443152 0.587077378747979 0.765729660495954
0.359807554649671 0.41249559980826 0.577759331270395
0.690092144871118 0.536371649598541 0.295028625796811
0.0297603268581722 0.0213302698660666 0.741259323935648
0.291099942912746 0.238005311767543 0.636298083865592
0.870155484605458 0.927421287382193 0.707103951654041
0.480951561339029 0.604909441701635 0.21947339897698
0.271038012625795 0.321993126076567 0.474320304294402
0.786272425639552 0.865865900940164 0.532592647709574
0.00348896005903736 0.000962133579585424 0.206599638109011
0.0156431144340132 0.0194103183653134 0.461357258122073
0.0461314474943538 0.0896606414259972 0.0854849162187633
0.0365645683540103 0.0161056594650743 0.174272345356653
7.64704325375218e-05 3.48179504632596e-05 0.658755880590408
0.00221658875128013 0.00168294740538177 0.962408753335668
0.66137911284185 0.515514657432342 0.423417427019711
0.343815576137329 0.643420694044604 0.00387663682812341
0.208854305805974 0.691468291587287 0.000106622980518784
8.35790232499896e-14 1.58379502595397e-14 0.809493111710076
2.668870501089e-11 2.2187662532856e-11 0.505934203769289
4.80612702287963e-21 2.52846604785415e-19 1.06519523786692e-07
7.64862810644104e-26 2.56209902348758e-28 0.393839416406625
7.32752474135558e-28 5.58161099154553e-30 0.555277946462392
9.39874517663748e-22 5.03809054961422e-21 0.00214429073782493
0.610619146210231 0.599483840030806 0.926413585976202
0.955484763933065 0.846151403541318 0.617269274409481
0.922570288766565 0.599420447886829 0.324979870380299
0.784356365675721 0.640027647077352 0.713312655029823
0.347400738753387 0.767776519353347 0.104511779991266
0.339039343686271 0.635146823357045 0.21628070782786
0.174513297033165 0.411085721302521 0.173293754608666
0.0397190718260262 0.0479192261700421 0.471150185935095
0.0190780168245413 0.110727924281982 0.043855114952616
0.819362123647268 0.844374590303149 0.340390932576925
0.546259395745559 0.738559478038388 0.0376507778977596
0.847105556802976 0.337898219591382 0.154243786000262
0.156566578693705 0.0250637789839081 0.223419915547358
0.00850141391997159 0.110068408411358 0.00312580417141181
0.000240451072672899 0.00278986540291858 0.0190661145213168
4.25688210268815e-08 5.14601218861268e-11 0.46500203044278
1.28466401779425e-05 4.28030256300534e-05 0.0606880227030185
2.56706518273525e-08 2.27670309374269e-06 0.000634168031935122
0.169463617296647 0.176783230286899 0.701621126158418
0.00452587188813669 0.833612635625221 1.27594748634776e-09
1.19158253119145e-06 0.335608061958736 1.21965927850553e-21
1.4162097668432e-13 1.75871038097988e-17 0.937790203839199
2.99668874073202e-20 2.49095741011082e-17 0.000130244905444571
1.97827286689736e-13 5.3370267088524e-08 7.01006502619965e-11
4.02200055635084e-19 1.46386095745044e-26 0.529667792165257
1.84777090636487e-26 2.00144578262579e-30 0.122366902468428
1.77046792478838e-26 1.51244748897558e-21 4.23557968054075e-08
0.824277471500375 0.619963919952534 0.14105755537454
0.290770985917454 0.478906934785324 0.331756624176572
0.406533712809331 0.21062239365324 0.53020555354784
0.669141691792371 0.529116221892492 0.761936005766005
0.302386097625224 0.252190814212027 0.982605141134661
0.694575078843432 0.983920620594661 0.34934380227904
0.116609681163347 0.092130625511081 0.886546267750846
0.375755175169877 0.775735027566102 0.146314476361447
0.827300474038743 0.777034173793756 0.302480258063784
0.975861239910567 0.806187910729393 0.667544557097521
0.895187503078281 0.486562690870016 0.0850263320645099
0.123339544130351 0.675889246232485 0.00672872201472598
0.161234973900373 0.0244539406676835 0.174439603932519
0.00343054162037023 0.00569584468148809 0.27080265500853
0.00154748176158331 0.000893502821663156 0.651407943192356
2.89551032397956e-06 7.68301143877491e-09 0.268728134581269
0.00284271676318136 0.0136712938388206 0.0698305740752409
1.07808017567407e-08 1.61453677466665e-07 0.0159100783182629
0.000899919430128256 0.00325378438599419 0.114370000987651
0.021146744305919 0.448291390846896 0.000298898841999796
0.000290255622317451 0.932063151406276 1.72402052670114e-16
9.63182577993621e-13 8.61756790866557e-18 0.269569781865026
1.089020063768e-14 1.83351388851652e-11 8.52416030221748e-05
1.6766564938111e-30 1.46780021598096e-16 1.24896255880965e-21
6.16894597079016e-51 4.40158034895553e-59 0.270097058376319
2.18534224628973e-57 3.88060209942039e-57 5.95785673620514e-05
6.46609736057507e-70 2.26489721476796e-57 1.30829954900693e-15
0.346073442901543 0.0336606286224715 0.553293241993794
0.303332887887936 0.684303127313121 0.306463452121998
0.299096965889383 0.68694986292543 0.298203834097281
0.997289781360146 0.449837810512367 0.533728060726989
0.562436799766276 0.700392762301548 0.657775380866247
0.0084032459994404 0.154506725567773 0.0211673601003534
0.769152364024329 0.859493461646698 0.593648638327525
0.815363530523313 0.877879939039435 0.658933156565083
0.168822865185269 0.0547489270800726 0.847198478335388
0.822306399031524 0.725231415108531 0.997782174068143
0.0966509796236127 0.359337439965027 0.00307241671644863
1.07157218568452e-08 0.561119416488943 1.07874958784214e-12
0.116550586131231 0.0224787082708722 0.88383496016294
0.0445364220588566 0.115661130106182 0.182875114369918
0.00188947232243056 0.349514187371593 7.14002331152908e-07
7.25773874961288e-06 2.82507914834249e-07 0.0972468410985312
0.000937795621599158 0.000248235703500101 0.213370974880863
7.74757123912693e-09 0.00167875043697993 5.07108965484593e-07
0.721546906641963 0.55509916296204 0.968390271641681
1.12407394485446e-10 0.812394890911429 5.9668105014669e-19
3.50964656637413e-34 0.961995256814901 6.28386678039952e-61
4.66767880517367e-09 2.11875104531129e-17 0.53523799526591
6.430680484503e-40 1.74167021529679e-20 4.57031168399823e-23
2.31599556515754e-77 1.32004096211776e-17 1.14141986656017e-70
2.94827377128899e-22 5.10950486733557e-60 0.528024389088848
1.27394076517631e-55 3.92693519648632e-52 1.37033566267979e-16
3.19906308935914e-96 2.28165217172848e-38 1.23801379638918e-65
0.154347730493115 0.180283222084768 0.551980416011326
0.550001907588937 0.63283222617469 0.508217284247469
0.580091616026656 0.760526900243543 0.177336228347449
0.184067256111932 0.216507691472151 0.546743847391356
0.383101532743458 0.338326034117743 0.766175407929644
0.68998759797163 0.638589499496776 0.783860727389899
0.00205145899058003 0.00210995885540805 0.680112569222541
0.00259127929766939 0.00236644235460048 0.784769361375451
0.0486586070438049 0.0477657616104485 0.836459280639212
0.681700925931951 0.67177304842869 0.980747025752607
0.549943503737989 0.284122455948097 0.0362058645757538
0.71140490287397 0.63826267869501 1.80627083924342e-05
7.5836949082765e-06 7.32243136683374e-06 0.627753536918626
1.68497506850033e-08 1.38299652938382e-08 0.603434741402189
0.000207102449775721 0.00015679591799148 0.905383734351429
2.2320595516581e-14 3.95414224162379e-15 0.882197697667212
3.52736451855229e-22 1.87648240114006e-22 0.438455079755601
9.33974623958666e-11 4.02645923238555e-12 0.170682022810663
0.796453112089577 0.752280086812076 0.800547244066151
0.0312311777607267 0.296516329691981 4.71270023147555e-10
0.444907566170068 0.0191266424946588 2.12561700650081e-15
1.0427269861101e-63 3.35393490104986e-67 0.996829023137473
2.76579793319764e-77 4.42606959174311e-72 2.49430417866628e-08
2.18804579063643e-77 1.23612551793838e-68 1.13295285009598e-16
2.0519304012044e-139 5.57325535137437e-145 0.333167599937144
8.40140261325721e-146 2.08193518250278e-147 0.00541549091603875
4.90914649035449e-154 1.54054535574435e-147 4.48409166309509e-11
0.3194040847302 0.645469445997243 0.167901504235064
0.474528211117219 0.417332859508059 0.996750838011165
0.553285296318934 0.500668624375316 0.998326377002818
0.701453322041393 0.597641747403058 0.85419990320265
0.0119753654457056 0.113584573966239 0.0114158431266428
0.00344580770275853 0.011616263952143 0.0991780827122299
0.0021076317643444 0.00184313729679658 0.416374954199585
0.0574540512909003 0.0608622920716611 0.560021964023529
0.658899718927345 0.259676705880138 0.17280191326468
0.737494571387155 0.940010872402186 0.517391571485839
0.183804378473561 0.540002324331446 0.0646740704109325
0.0179970726022299 0.992126325085467 4.4379014871069e-09
2.24386573890993e-05 5.50414901955818e-07 0.704467626840004
3.13939891655827e-08 5.47164760312902e-07 0.0137757506799017
1.08844605059597e-05 0.00238035450138942 8.58913207266847e-05
5.69537488954845e-11 6.51550249719576e-14 0.949556791324101
3.41304726726405e-17 1.62818965763571e-16 0.00430936234127377
2.00834646923241e-17 2.71622988722985e-12 1.50169995418372e-08
0.341672506122186 0.527804543602532 0.36802493587558
8.69680224570876e-05 0.599783284247676 8.44694347034715e-25
9.02481625085426e-08 0.037704115499658 1.63404661584916e-66
3.35664509674118e-51 3.45400291894686e-64 0.637490293726354
2.57780172330242e-70 5.08279854552775e-61 1.72589108828214e-14
2.31000464227643e-91 1.71260305339515e-57 4.00637478397089e-57
2.65674577697144e-119 2.74602720328902e-157 0.558853104375059
1.95690888043262e-127 7.33752303144215e-130 1.27469583709822e-10
4.14918592966315e-148 8.14817075899782e-125 1.47212793844892e-35
0.752062183165076 0.318842263452841 0.197224110491979
0.359014520723507 0.735556824082078 0.175060852343061
0.872006602500082 0.609730260918981 0.50886249400279
0.954758742173084 0.845388815446999 0.608818682778316
0.0942099935150192 0.404170909491736 0.035936792656176
0.00808145962551637 0.0603381477927398 0.027660200399159
0.489701060605634 0.460747569521446 0.941986622988726
0.0300571618095289 0.0716424635613324 0.204719536694629
0.00045677538336537 0.00177010462912422 0.102065345109057
0.622271504520093 0.729632959752803 0.671627071584078
0.480331877137752 0.105984696456959 0.102567715759353
0.2203294783906 0.574821369289107 8.1144736870221e-05
3.20349138742447e-06 8.77765942780606e-06 0.122742509690694
3.13578028614516e-07 1.84113802138127e-06 0.0515213922029157
6.36951571313689e-06 0.000926532339441536 0.000452089123076665
0.000167383101442064 1.85340535972915e-05 0.925782868704267
1.1103534511495e-09 1.80839889440872e-09 0.106633439784949
2.8803834542468e-12 5.96774215779333e-10 0.00099148892623494
0.109247177131309 0.483159850982303 0.0294176691397425
0.00540586509390248 0.656464777638573 1.54130061027502e-12
8.41209620730937e-07 0.303673317606087 1.53761289098464e-39
1.29148983924771e-32 1.5858634762397e-37 0.247773688090356
3.91276780206414e-36 7.27643820941694e-31 5.18301436045539e-07
1.14234241438905e-57 6.54289811440565e-36 2.57191241462399e-28
4.88089503819027e-89 6.22691407896153e-108 0.310991808447278
1.68623685464381e-111 2.64773762968571e-108 5.45423668654222e-10
5.00297463236434e-125 1.96467914459043e-106 8.90406601337191e-23
0.142250229659012 0.50849698121908 0.162629432418127
0.781697049724941 0.891485531952659 0.627995049067102
0.493312035633009 0.707892883700439 0.214993166270984
0.616636253988239 0.0210662652060522 0.196660096481319
0.49155392008974 0.184568528655521 0.81043024604392
0.042712179419618 0.151503163263934 0.14027355238112
0.63382215388371 0.842125064266051 0.645062097126156
0.0286359987545948 0.00134232946213934 0.837176038213605
9.22865473544397e-05 0.143673091384851 8.50128950726933e-05
0.765973653931759 0.536641439809263 0.892305690302181
0.00821696704293688 0.587642157550399 0.00232896072114612
2.40562768345405e-05 0.178286281669519 1.510202803527e-11
0.336611387164886 0.0257363013711756 0.565910239680135
1.76414437708026e-05 0.0375057709983994 7.21188905024364e-05
4.28239534540798e-15 2.62825846768442e-05 6.75431123422526e-12
0.00109250520024192 5.64065607905144e-07 0.944443859152758
1.12880110031307e-08 1.31974647561044e-07 0.00173729701709204
1.1988612414121e-17 3.44504116486932e-10 1.74160973554157e-09
0.897028297323711 0.374658725499115 0.554686339600449
3.36991593109423e-36 0.242253357629265 2.35087058484557e-56
6.79919162372747e-78 0.974849213936899 1.67635270060329e-138
6.28964295110345e-12 1.74968090828962e-35 0.134454047909432
1.58752406129479e-67 1.08531579546442e-35 2.47594762504285e-35
1.08052169906265e-146 2.24332263275528e-28 4.79260881306463e-139
3.18521452879692e-43 4.6409547020518e-104 0.893561977628399
9.24086459516881e-133 3.18642785164544e-121 6.17739695815359e-38
4.28919431259385e-207 6.83866742954141e-91 2.24061537880633e-125
0.35429356342601 0.481690734465513 0.202277092772841
0.792699111791196 0.802646182472276 0.924549735770256
0.210139333667498 0.142482912963393 0.373954742223653
0.112228195840369 0.0704094573081125 0.331117765141972
0.183957592208557 0.110658414061544 0.222157712761953
0.662780625802767 0.833829292233015 0.241824606740688
0.00147017205956929 0.0004445871772016 0.174229703963991
0.0369963821780835 0.0429421005612771 0.584412365843371
0.000157426509377355 0.00032348954703724 0.174815563622122
0.266017629405433 0.327922987449092 0.429863620971607
0.536060342446673 0.693667002157798 0.249875007088339
0.105755475054618 0.310468798637119 0.00117257125160908
2.01395827516981e-13 6.19788179350752e-15 0.216160585503594
4.93331518987738e-12 1.84762834467448e-12 0.841342839706255
1.27712939093056e-12 1.54250874282396e-11 0.00378800681320645
1.81964445277224e-35 1.03597094322159e-36 0.651124733053567
1.18157834611002e-26 5.49096951568052e-27 0.340116963479606
2.24455957783522e-28 8.35591809875102e-28 0.0322871834504319
0.0441254434622262 0.0336111922589482 0.746632472368477
0.341404255821797 0.577441881055259 9.39087728794052e-12
0.0544363628232181 0.654478181039545 2.93752422194761e-33
1.30841137149204e-134 6.05772836733343e-140 0.44578837833362
2.89768758584745e-135 3.47438411031938e-133 3.84454520881946e-05
6.84796171436046e-144 2.10558339036395e-127 1.08980750186361e-28
5.09905117682971e-282 3.15999772723618e-294 0.358063294825532
6.12635822410054e-291 1.96970550415362e-298 0.0174109312399655
2.09465828726862e-312 2.31833926178459e-299 7.8921511960082e-22
0.468749327283216 0.25512758351718 0.503684947467951
0.38597636015419 0.19476476381767 0.521951587648974
0.0908765659980921 0.0815534533362715 0.719752632645031
0.00389636550320518 0.00224721662991792 0.653392816453416
0.0822553004456257 0.238997497658555 0.0921074570812915
0.168362867754104 0.524124908802371 0.0578650524786087
0.00124003211994216 4.5433465706316e-06 0.0475683949518689
0.0840698254497554 0.0888619314264134 0.593553935230677
0.000750494820586951 0.000770451606097342 0.337194413079829
0.289991348770325 0.325594570709731 0.650740729909748
0.0335096290301932 0.821478606334423 6.12442324495808e-06
0.000182455754336339 0.489272274137893 1.5560303411478e-13
4.5791573566762e-11 3.30927509840908e-15 0.448380330352752
9.63850941693687e-16 2.29775188116719e-11 5.8378303262764e-07
7.0393513671881e-12 1.03768156276884e-05 2.57930360822475e-12
2.15664090855517e-29 8.75658457499085e-42 0.148392052524837
8.37156070274062e-25 3.44252144782658e-22 3.12880747421499e-05
2.77044479294666e-32 4.43873140682215e-27 5.57899636010884e-08
0.665971695000361 0.815762049185237 0.589164909008812
6.71388679619495e-11 0.542400754049625 1.3087743222403e-45
1.84198922162563e-32 0.394671881692378 7.66470843603351e-151
7.46480449862208e-108 1.08182860606339e-143 0.399453843390143
1.51819193038548e-143 7.77603156314631e-114 2.0011793390879e-39
3.73348439164948e-193 3.16129755841451e-119 8.95558527411517e-113
3.20342286846373e-208 1.20217916254081e-269 0.996656085672452
3.73933798504304e-265 5.53167000078487e-278 7.14014411099846e-17
7.77107949293363e-318 4.67586474602458e-262 9.381918968022e-76
