TOT AFR EUR
0.225643290714943 0.507323348274052 0.124782889660229
0.02974710521447 0.0438142293028763 0.427660501116739
0.289368618065377 0.304084913891002 0.772009148471481
0.535313987639243 0.420941875656335 0.859732199095427
0.845746556383577 0.830543098412665 0.408467051041976
0.807782161204303 0.558015622478683 0.52716947283803
0.234309866682166 0.24761324611919 0.724054522928861
0.234165584392283 0.492049598112689 0.1915970497034
0.24480444507483 0.386247216623335 0.380916774356706
0.451631155073001 0.863543281749124 0.172927285682354
0.889568288999728 0.994823709834109 0.757344411835016
0.712103542542423 0.104003069260205 0.00951849463159588
0.877356874609793 0.747519308347568 0.774320291949775
0.00535015432361287 0.00915713777693417 0.276079267048689
0.220089472412427 0.320662473190229 0.446486997455556
0.000532293099439612 0.00105153053397792 0.294034399689298
0.209200017485497 0.284042084495612 0.47404981397223
0.08393334501818 0.0109133660144892 0.226063321516073
0.993792815862678 0.886238842696186 0.753048050588951
0.316671942353978 0.786510905655693 0.0733161750021842
0.618089809281226 0.1483496070335 1.12838144911478e-05
7.88084091480589e-06 3.56629761974974e-06 0.493304641557872
7.09693519746017e-06 0.00177410256420923 8.69303665025689e-05
0.00328590900702604 0.0190128123898305 0.038404264576866
6.19279106416447e-13 8.24033873200899e-18 0.36586015764344
3.73823844681626e-07 1.78361119510622e-07 0.260131337299121
2.81824345219355e-07 5.23041488968392e-07 0.125393057115851
0.192945726280656 0.339676522166393 0.359284555703192
0.524450834763521 0.900959170676927 0.341048767115862
0.55726305054488 0.331350525886751 0.981991548186187
0.113660549277798 0.236057164096935 0.296202925060055
0.564563886627355 0.84753100207747 0.358137288898639
0.95578621925382 0.251020844125976 0.293434282701106
0.34775621605224 0.0395413164724452 0.677498285489808
0.536592414684957 0.598612552087352 0.705381504593781
0.076598139845443 0.236646560340631 0.169256299262903
0.54426618369142 0.957079706699495 0.386499669641096
0.735251947499956 0.642870498820378 0.398718422763167
0.00267507729801685 0.126332568180924 0.00863760439732389
0.2149573946333 0.345678052931153 0.0166312597641603
0.00379465388067355 0.0341003233947804 0.0358345846507508
0.29169568418716 0.529128683901781 0.379213131808382
0.0235612494120826 0.00922444663875965 0.410204442633935
0.247667184048754 0.213347215523046 0.642690977814499
0.000135205500842657 0.0276889332742072 0.000973683122159403
0.238065906045778 0.77100513731485 0.0552175387150895
0.000679658005465394 0.735372469294501 1.96187423418413e-05
1.40211074189568e-07 0.606824708506609 4.27576489559689e-14
0.0104437369700964 4.34174797191044e-05 0.993100449168184
8.84872909922622e-09 8.4378723889932e-05 7.17838504551603e-06
2.13997140241235e-18 0.000866417388610158 5.95699616525587e-19
7.18009653716182e-05 6.35896367961945e-14 0.176612047505658
1.39845600510946e-15 2.24750660506675e-14 3.08430995736013e-05
4.1626977596851e-14 4.4553159924666e-11 8.21711904267152e-06
0.40921334980475 0.433222656646308 0.776990719560806
0.352190216969948 0.323218796366818 0.854493069219449
0.091867525477816 0.089508870312372 0.880378671212061
0.338033236697123 0.462497019286937 0.253038587994215
0.648591131682477 0.529943353509237 0.427771481077631
0.0507799477935347 0.0560611268878162 0.602603724214281
0.29891744693431 0.20184807885255 0.292033885648783
0.801308075285722 0.944027974367172 0.207741317776287
0.158800292137468 0.123193185740032 0.70878591117876
0.354967038170305 0.346541831757406 0.971154681929376
0.544779880503903 0.607908010762022 0.509867722250304
0.277760215140086 0.138397310609067 0.047428263197678
0.329247316238147 0.356830032125575 0.700856977742584
0.0859969548462258 0.132487466760287 0.21386814525031
0.0220546845965752 0.022543204989692 0.764208513834745
0.00580613175980032 0.00194505405714054 0.181453560110467
2.58677623840295e-06 2.52597677171971e-05 0.00205024620258161
1.72109249938386e-05 1.53526036791769e-05 0.644485034822759
0.900266597373558 0.82928455203637 0.676696148814939
0.83978950674017 0.670957678201649 0.00118372426292402
0.707395406679894 0.769898762376591 0.00175664335525202
1.49552715282143e-15 2.90971174394879e-17 0.280794504172214
1.89293159665601e-15 3.19947104400116e-15 0.144972785633065
1.47662948989239e-23 6.98327615591499e-21 0.000209182824789313
1.83557078385082e-30 2.02774997824872e-30 0.096083165642596
5.09513125097681e-23 1.9426143613594e-22 0.0674561401198435
3.29802323465236e-21 2.17243718797816e-20 0.0512477503926942
0.468588191773225 0.689772670959327 0.317630738438758
0.0273731211253525 0.0558777325073102 0.304687839592819
0.752067804922974 0.45319675836279 0.393943657135724
0.786072088860664 0.635063605282507 0.112192474604323
0.781820780005741 0.751728032769546 0.99842079634396
0.00333943083949152 0.00613053578994511 0.269387376728076
0.527318919661752 0.3544964170881 0.702487850085302
0.1720627050352 0.0687583528461391 0.588046073899271
0.0207118740531544 0.0317586865108808 0.287653507327267
0.979180983478575 0.866663514514922 0.676385868518766
0.198425012574054 0.0867859691871824 0.5090797818116
0.731603567252535 0.13059020970701 0.000406402377117307
0.522684221669885 0.342650085449195 0.592718791036634
1.43085246554641e-06 2.9626800350912e-06 0.0850424955053254
0.0127845983933036 0.00794341272991189 0.722044092179582
1.08512921624283e-06 2.57451991637642e-07 0.409868988018461
4.45346377082732e-08 3.03540990399822e-07 0.0324897789212334
0.0206826976024734 0.224469755716428 0.00514339209952935
0.0682686627967708 0.14174427294288 0.212857359132003
0.429183454923779 0.664282624422071 0.00213492706841958
0.0100760281444102 0.594694946141688 3.13990271579252e-13
5.44556597640558e-15 7.16683534020199e-17 0.243203226735955
5.85591504066452e-18 4.0800259682297e-14 8.67864609639758e-06
1.01089051316142e-18 3.57334416769935e-10 1.53851612944583e-16
1.24880983846431e-14 2.82922566013561e-21 0.228166260243382
1.08238255886622e-23 1.13282269569028e-24 0.0117130825205682
2.1297205436551e-21 5.36766533217607e-16 1.70934460211268e-08
0.384162670764408 0.206408610996604 0.545555377197449
0.50568718756139 0.664268204577764 0.518674969036887
0.344662884493052 0.352792893639129 0.794719333047579
0.609336437849883 0.66379086403216 0.781865224849999
0.635862329043909 0.556983618918818 0.905207412012716
0.963102457341097 0.804042297130503 0.678624459725869
0.162617632144708 0.114263276409377 0.977077985890261
0.750078330916545 0.813671975947324 0.803191127521618
0.430166503694878 0.518894465689702 0.639370533983473
0.445406740253734 0.532822805036299 0.638549433504427
0.725354963070941 0.500627164093228 0.572706559487352
0.253010813688204 0.633167576637836 0.000299242721063387
0.288343515929313 0.0972755786875008 0.344573975947821
0.000155674037227111 7.39552171475605e-05 0.562475825901611
1.45749600176905e-05 0.00158490008813544 0.000676192784857569
2.8230764507901e-07 1.31696745960125e-08 0.903025539777351
0.000131101287293935 9.01662802568257e-05 0.473040705688699
7.61317994211557e-07 1.88184827419819e-05 0.0141419407265466
0.439873755270865 0.413510551697875 0.919096053915134
0.131975645146929 0.987100171914027 0.000324239317331893
6.55650259500704e-06 0.800200649843464 2.93876053751516e-22
3.28780928208449e-13 9.24789315117979e-16 0.715702154855772
1.6802690537424e-18 1.34474495244298e-14 2.72476876744097e-05
1.12422831406936e-25 1.1193638198123e-16 1.04871201779397e-14
3.08057479188273e-53 5.79424460956597e-65 0.697122664171755
2.36007705313392e-45 3.97288749430258e-42 8.98775339267817e-06
3.92008914826587e-71 2.99746341571922e-56 2.61730473778318e-16
0.524210425287466 0.973593168148999 0.383349064961915
0.0446113654106469 0.483060695866583 0.0393845498918119
0.822995447007596 0.802117967606658 0.935949967348679
0.896109430880726 0.715400912491563 0.887953506845016
0.168223725446592 0.417722288200467 0.256228309475372
0.61628560491686 0.188582532670754 0.645104096996411
0.0639189162756277 0.950132749389316 0.0145332318303319
0.958873444937346 0.0168542912792341 0.0390028758335355
0.0078217059022646 0.48458842483897 0.00314067307137186
0.256949822702646 0.318737118380529 0.503651544845487
0.290102555337689 0.702658532482345 0.0854966253948264
9.60697884903188e-05 0.692475781680893 1.48792442255987e-06
0.198596993598268 0.00846893414925438 0.572870987571176
2.59112260094231e-05 0.0678120137954637 5.56368314514585e-05
5.5237844727257e-07 0.0275851776711056 2.78620916411639e-06
0.150406827430362 0.00774536850424422 0.708983846606722
1.16908586707644e-09 2.07873994473623e-06 4.985716907685e-05
2.70147099000807e-08 0.038124367602546 1.51157452659099e-08
0.531631590237709 0.480279203682273 0.798924102466194
5.457895071907e-16 0.559402102125459 2.21750906167592e-25
7.30255433889032e-46 0.391052445783449 2.53929269473183e-89
5.50457683909412e-06 6.62418592246329e-20 0.0775547550537707
1.3375732925116e-26 2.3000355379498e-11 1.81562351167337e-17
7.74437311959434e-80 1.5850752708478e-18 1.96157279405276e-71
7.25388318642336e-21 2.0174794155615e-43 0.39330078896702
4.44653629223764e-45 1.61310785635498e-41 1.11055625293675e-13
1.90424557112319e-107 1.08662923595785e-47 3.05921773381824e-68
0.621795545836213 0.445506067621694 0.223410567308231
0.0198813851680471 0.0306891112453158 0.30546306623952
0.623333457341099 0.727498923035046 0.442853146803151
0.175153356920563 0.228456490948567 0.298414014817031
0.359518725920443 0.349430882551558 0.986777365442368
0.0450780122177112 0.0427694802522171 0.892163603561175
0.924897412755537 0.962670069200714 0.810788026955914
0.00431942649804631 0.00861005186326454 0.146289624000182
0.48065628994206 0.512058452698056 0.759157954526943
0.949056062350615 0.962373794388085 0.602979080704684
0.22609682113338 0.394358754964165 0.073050030130645
0.280999791799677 0.148622449273751 0.0727541100415031
0.00245197202829932 0.000732851187164687 0.153461281968344
2.12910453413593e-07 1.11320804000247e-07 0.962280142906575
4.67498424176565e-08 2.45933239460767e-07 0.0260210302768073
6.39545594923303e-18 2.98004075581967e-19 0.557634991483939
5.0387692106005e-16 8.21896448163183e-17 0.9553471826979
3.06499180549006e-16 5.51622087343358e-16 0.127702400285958
0.823148554126364 0.939101887465263 0.463696596639537
0.0977957971730212 0.623865536854668 8.75018899008502e-08
0.661873392042694 0.191244843543769 3.86264701110012e-19
8.47051638726377e-67 1.01011032553849e-66 0.0203085341746564
1.05978169244249e-63 8.78988722491388e-60 1.35670409764972e-06
1.85958579753388e-71 4.08954669111509e-65 1.23426933817508e-12
7.47035410765503e-125 5.9736481696808e-132 0.914240806730217
1.85634377857112e-144 9.08226790880364e-144 7.43307479373291e-05
4.50004659991819e-140 2.66622546504637e-135 1.40948050693656e-08
0.393642160033717 0.965545015435848 0.0317595809138042
0.392304478131312 0.831536130528826 0.0964719497355776
0.471072217376296 0.659855835863876 0.429720509523846
0.84533492498705 0.455849267515711 0.276171884100258
0.283125750475965 0.869823185083468 0.0273461117642277
0.241907284280018 0.535980619742376 0.138046066388314
0.025710191045044 0.0194183881868008 0.672175889926296
0.225266327614447 0.224686510776713 0.732261237554362
0.00218450184197626 0.0092415096479776 0.0679419250195964
0.369606514852022 0.890572739688274 0.0164880705982447
0.00105461309803546 0.276068226155372 6.4026588042833e-08
0.0198827452129373 0.912611176929301 1.46710051509149e-07
5.14988705245485e-05 1.04135076426772e-06 0.541146399221584
4.58315026579779e-08 5.44753397893697e-07 0.0146143444798094
5.81573151293314e-12 2.45010329674352e-09 0.000107423404717195
1.89239760442576e-16 1.93000603567843e-21 0.814650501746167
6.91289378691232e-16 5.97037768520518e-15 0.00464174192055091
3.04050914747378e-24 8.22069949636598e-19 1.73970634091815e-08
0.0637843191997315 0.192074002355893 0.0987028057750774
0.000239100615981161 0.82778903264443 7.15589985531934e-18
9.31995050008546e-14 0.703339795465156 1.30886289913528e-76
9.55445328062094e-56 3.69011728871807e-76 0.161096172365472
6.50959111936792e-72 9.40555340587123e-62 2.90044692851131e-15
2.01938268127446e-101 3.83977758982538e-60 2.75108094267029e-65
2.66107841319927e-96 2.37880531146161e-129 0.266503787760884
3.58501384862768e-147 3.81776050216489e-157 2.72909702031749e-08
4.77017584870639e-160 1.77449240182677e-136 4.76455452785316e-36
0.556966371260815 0.952132392712837 0.221692463710285
0.417341890092205 0.634432987237828 0.389425088844955
0.794136548966975 0.807835151636894 0.922324235515901
0.977367878167628 0.880148178556168 0.716596079746903
0.034176993676555 0.124117136037376 0.0883927835846677
0.00993025512774734 0.0861156280672474 0.0163940578284986
0.0699810750769402 0.0295893881601291 0.789331205189823
0.013132897002856 0.00598241312669159 0.942823473151429
0.0198088395939701 0.036057568790966 0.296500772035394
0.405490088531612 0.272014416657425 0.745614019620296
0.0332742050193356 0.282870203626051 0.00821218758566955
0.0130610893445384 0.569420159293663 8.71690375769433e-06
6.20393385337964e-05 0.000552535192865412 0.033504254397573
1.10296210074007e-07 1.96712326053568e-06 0.0154793456727127
0.00033286539660093 0.00462584016816521 0.0156984938591838
1.67100900282001e-09 2.48269766241315e-09 0.120404066970911
8.7462005941511e-05 3.36615787904422e-06 0.626574580708613
1.84334147494235e-05 0.0005391201623153 0.00581364977231665
0.014146935895881 0.0194443256287774 0.389793939610146
6.13472264630799e-05 0.190133405587578 3.03305497741604e-10
3.13218905178479e-09 0.553704694534166 6.43900403087612e-35
5.95710198632764e-25 9.75839161588404e-36 0.079774189241225
2.70564948032477e-43 2.21881147477593e-32 6.17987940210793e-13
4.40672347816912e-64 8.49005144455544e-39 5.09331360342086e-33
5.70217242324456e-77 2.32199508707663e-97 0.989676821470663
9.83401966349298e-99 9.00807665997661e-100 5.59112887940031e-07
7.25914828755323e-128 1.30440169758124e-105 2.92672851658875e-26
0.268886824127783 0.776554503342979 0.215321685412173
0.499498415866183 0.668192815164661 0.595785087243608
0.478387151889997 0.878008829133426 0.280456465955974
0.393306376589376 0.350339225551309 0.746122594373759
0.234291413773024 0.139915182703995 0.73889523218202
0.00015679274114551 0.0150919895762911 0.0034647655968279
0.262197749566947 0.0236115747943949 0.661254048656381
0.196567442120876 0.0944948178497767 0.754304407969409
0.554397137356176 0.521035154509742 0.816449653162729
0.021915554427691 0.0289039271070627 0.247072878927946
0.00124439565131761 0.612030940193314 2.01720745679356e-06
4.71398191218551e-10 0.108810319787363 4.51197579010572e-12
0.0116116169837751 0.00138999355209535 0.524954027830961
2.89406394939502e-08 0.00815250084388106 3.0341929484053e-07
1.25908507150382e-08 0.104811106700511 5.04681248417105e-10
0.000465064001861125 2.12880747576366e-08 0.887602070378588
8.03219557767762e-14 6.27360649118308e-12 4.7001873023462e-05
1.54565665761296e-17 6.86703607897381e-08 1.89623825220302e-11
0.0130627588376479 0.0322773651046947 0.152633465043674
1.2099111048554e-37 0.158196125139246 3.60837443834081e-57
1.96584554998182e-77 0.963636882021781 7.99193310610493e-138
9.86887329384524e-13 4.0140705186916e-32 0.57652143689201
7.53639769624532e-71 1.17417490419674e-31 1.00742301398132e-43
1.21254322985025e-128 6.47357106959066e-18 1.88063890814793e-134
4.62008677111017e-44 6.26977274982132e-103 0.639959059292737
6.95087343040982e-131 2.92213571821303e-118 6.28923172358049e-37
1.32832251039328e-198 2.61197965216728e-89 9.37599160985177e-121
0.27943702917453 0.435183517513364 0.11735717885548
0.284679296793161 0.2551947858466 0.829906781760294
0.891899336355082 0.905707697867203 0.922220946128762
0.00224806218956916 0.000951540602886566 0.426936630782738
0.00285775237562766 0.00278904730749932 0.727415317351872
0.736952200207262 0.508410953116583 0.0852465158643871
0.0229578649432972 0.0230754635582399 0.762829845658274
0.755205569755126 0.570947803645091 0.201838960476366
0.0549553871462624 0.0244839765050211 0.154258248544005
0.0806611509282589 0.0887409966485797 0.65886941074235
0.189929117416947 0.399096266458152 0.00867500680156062
0.237853833308727 0.582585390216287 0.000835520234175595
3.16653595227078e-19 7.44977568391683e-20 0.763552734143993
5.78965217128953e-11 2.44832244811197e-11 0.867019330254555
5.35412292571513e-12 3.09644110889604e-11 0.0318397095720878
1.03365651803719e-27 6.31245915220388e-30 0.35452591574078
4.64799953289057e-35 1.60321307433298e-35 0.283226781035755
5.62540358066386e-28 7.83476718523851e-27 0.016900672331562
0.178318932345499 0.175248439464648 0.900115960829629
0.545118943831829 0.294870751220953 9.21719914812145e-18
0.0265324776276596 0.880621335811798 4.73509635059607e-29
7.0274767437698e-117 3.0468247222033e-124 0.543068269459743
8.56743240693166e-146 1.33705655685659e-139 2.92662099304344e-10
1.79633867193509e-142 1.31745560542632e-128 1.85525243854151e-23
2.50782126312369e-282 7.70955821925659e-294 0.422968401438245
1.70704265041665e-281 1.62649465200313e-279 1.58322701186888e-07
2.68073787162212e-290 2.29069025120993e-278 6.07365851592277e-18
0.250923286633844 0.723557319105248 0.0470724097990492
0.559105113865697 0.974125345351702 0.19212641193098
0.0854247537449964 0.55559595867405 0.00310381905734528
0.0613487824227452 0.261362985883141 0.0359858387746934
0.0890766789751844 0.22230531648738 0.134814907915307
0.128836105554186 0.310352365035065 0.137143394224603
0.0554976731742926 0.0106651241977638 0.428624575373395
0.068323304948562 0.567853722471126 0.0020144169659176
0.0198375203019159 0.0524758459409863 0.132780690339639
0.638747635658632 0.37206702803017 0.453203570249168
0.76492385439513 0.11729192328336 0.000102478682781646
0.0387772599362774 0.793425505755985 3.53017580116903e-08
5.78939276375719e-16 5.39026087209812e-16 0.0275089481590482
2.63440135965857e-15 7.05531905420078e-13 0.000160897013763954
3.29348890501392e-21 2.86851298538141e-13 6.74288747162643e-12
2.22041782597756e-29 1.83346292238283e-39 0.406472590784795
1.71433613586363e-31 1.07053084677411e-30 0.000342759553104289
3.44834547082533e-30 3.73932915879594e-29 0.000203736958763717
0.74723066909633 0.491250637724783 0.512687816265337
8.81076000915123e-07 0.228045678676 1.82267642524184e-47
4.48621059332349e-23 0.648396225130607 3.99339940326456e-132
6.78369184259972e-110 2.27437583646045e-134 0.22993424283119
1.72029954885748e-155 9.01458612478517e-129 2.40567656924256e-38
1.64237615473478e-196 8.98419221924421e-119 2.93158319319009e-119
2.42188986148784e-204 1.8767373744218e-282 0.149059563949409
2.56921818938033e-282 1.70819191340388e-293 2.64842615867565e-19
0 3.5210328717821e-267 5.14899925745753e-91
