TOT AFR EUR
0.126260420078663 0.0414496443845684 0.520459382820731
0.668414752495922 0.774237683767167 0.155717141320619
0.890146653583623 0.993932242055068 0.778700524815001
0.842410739027466 0.715803004565187 0.760090333041323
0.399808753617069 0.371628289278477 0.909186466541194
0.397146445886388 0.95798922963403 0.0437200677449487
0.545509832058714 0.807547060748506 0.410911850605477
0.47837051431535 0.622615717373413 0.58408173279829
0.453170181736951 0.600040362208703 0.547371766982545
0.847938581507728 0.873664993173859 0.914495418893756
0.437274759328989 0.417593740924063 0.90496081222623
0.512948896873524 0.591297066905964 0.71525579503169
0.13891366002169 0.042987960414306 0.521545231343417
0.685697572513529 0.529143910485351 0.706461461075852
0.0307332699159452 0.0868870698260508 0.141224184448009
0.00284681429903263 0.000100457462644688 0.3515908967444
0.0300202370830662 0.206906928368861 0.0134372565929728
0.146308256642071 0.632281319097961 0.0174218876120153
0.693268583619394 0.477481789260516 0.614272711740595
0.981818511675239 0.143372182711041 0.00187260300256034
0.292065007832278 0.813445002222234 0.00531377920160142
0.0283539866877962 0.00144384224458907 0.134876651028149
2.56041787173843e-06 4.44945923333199e-06 0.227698149236644
1.00299674987925e-06 8.69545066710306e-05 0.00213296424416455
1.57418627133332e-08 1.73480510581508e-10 0.979577720045792
1.59978316206988e-09 9.25011572000262e-08 0.00645763161432383
1.65520300434948e-13 5.47468093996471e-12 0.00213186065913846
0.605918869067136 0.272953713495748 0.803188982992407
0.918648247116486 0.76101656934568 0.90336005843006
0.980616237516575 0.786079213340847 0.84186109369078
0.948404256780466 0.63668258704582 0.614460245704377
0.274552081005496 0.467358293747469 0.399723120587689
0.629134965345913 0.536955641158817 0.907563762657121
0.00142825864864109 0.0849978511158007 0.00679622305131979
0.547355491718935 0.708048627142595 0.621886278602822
0.972788237043011 0.573430489889612 0.666455931932338
0.613246280468582 0.731739997435227 0.341683758209316
0.660625596269076 0.275085175862961 0.136333136109533
0.174001852206225 0.88296320324369 0.0649275399472606
0.666682414927703 0.570632982391201 0.936358946366509
0.0539043295041752 0.986278264729052 0.0131357168844778
0.022539768324709 0.00353569159431039 0.534314095154072
0.0897099655952055 0.0298961357676195 0.61648694010119
0.00614716821429019 0.0128382573937405 0.133379005275303
0.124961693983314 0.0826695495945556 0.597472214984468
0.0821053789297826 0.19094407066049 0.245155279541091
0.057495072382027 0.142258194561481 9.18599366162087e-05
3.3410160602468e-09 0.691331522644184 1.82979790255356e-15
0.416766352701172 0.00213148296255513 0.0983075170661486
2.61555189918586e-07 0.00573569494811897 1.64072564134169e-05
1.54296504677538e-19 4.64778672803562e-06 1.57081877072212e-16
2.13212489065278e-10 3.06626719533025e-21 0.949042147036221
6.37386386083714e-11 1.37477854080538e-09 0.000222978276426177
7.14191392405702e-19 3.20206674886268e-10 1.88869129939877e-11
0.302708421869714 0.426834029200249 0.161382926441491
0.182962813024565 0.172805182529519 0.987961817134684
0.458144037642716 0.505940846214527 0.55890807771378
0.149858680821161 0.100297744824036 0.400444492866102
0.0158753856432734 0.0376921682889015 0.0574529683354564
0.63118838517318 0.704390909487674 0.58332585508798
0.107945669129767 0.138557246887582 0.345688466893712
0.987585416871993 0.959950002670076 0.720592328949279
0.250292333687738 0.372616370238989 0.116366592743592
0.389724788292132 0.389087649356432 0.933483422019956
0.838333333328356 0.775369588897516 0.747926863425737
0.733065980724561 0.715087873983937 0.942150301560574
0.0895964735957614 0.0994220629741518 0.626054121393649
0.0880034818340919 0.169808019550227 0.083045356855627
7.78674165299122e-06 2.55624240278936e-06 0.524688982450963
1.10213249581657e-06 5.72344064703764e-07 0.978478392145893
2.25872133443039e-08 1.30348642009662e-07 0.0332735538767793
0.00575961783947277 0.00443178570083475 0.836041085021264
0.446617513129503 0.400026152267952 0.772120894329794
0.760966418461099 0.705539457668764 0.757211268729173
0.305651090424882 0.5745134884406 0.00065043914743646
1.66187442919903e-15 2.26966556890349e-15 0.185962166989938
7.33747432189648e-17 3.79567412461426e-16 0.0296325736183731
1.39068953516914e-10 2.47155991320102e-09 0.000446382297209767
2.55737826178127e-29 4.51657068919449e-31 0.53353655022506
1.58469844048055e-30 1.60781363797482e-31 0.616224137558961
2.76208542683983e-37 3.16163818521318e-35 0.00243850818618499
0.328163704899169 0.406177616024485 0.526410295141504
0.274837701332305 0.184501264104871 0.886153303975417
0.647549123490947 0.720992673096414 0.723628072716739
0.467416361256158 0.49310108650519 0.780480204980473
0.866116860949753 0.789900031188758 0.878749130187887
0.169793275870372 0.0388413776012823 0.296788085592647
0.548456332541674 0.323876181588516 0.530449547454561
0.0655945754454634 0.195216985035743 0.0866459074453928
0.109275239137341 0.015678815244235 0.223734148659187
0.023712181553316 0.0391386553421094 0.320829384067175
0.665148919322142 0.728165065378243 0.777732578233147
0.759945397552199 0.509653711934801 0.490843527089484
0.360145842584473 0.271574109302168 0.892682362004304
0.00868725601027341 0.00282851929735399 0.952305314043145
0.00139366488917865 0.0146180136360422 0.0131854697090411
0.10768926653156 0.0058270321146318 0.0520186645374637
0.00113812929125608 0.00825427143892719 0.0324666109570908
0.000123431308282155 0.00393105420318309 0.00149057080013066
0.351253590457758 0.494181840733653 0.46718865614856
0.0163934934880265 0.987520393580601 1.1838914970986e-07
0.000971308799129328 0.544504860309444 3.62127435498048e-13
4.64378033126306e-13 1.19802545694495e-18 0.228736745508873
4.81869772031139e-14 2.1255709377125e-12 0.00162133191144623
4.09224761267248e-15 7.37990641827203e-10 5.95944264431918e-09
8.7074380386004e-27 2.08502865788996e-36 0.514988809805161
9.63260851239569e-28 9.52337890182841e-28 0.00046761995337657
1.14099119294787e-34 2.19172178929877e-32 8.5072855022565e-05
0.788497104947046 0.921442612547521 0.683791207275942
0.931566117093782 0.991536602251507 0.864914770392845
0.896714591790718 0.429930103023357 0.208966703828141
0.757441753373632 0.974124558121755 0.439866882189307
0.0576112215875515 0.111188283869028 0.247252493513037
0.990349302682494 0.624569406680543 0.334974394865593
0.0578505695915452 0.0348019973849839 0.958343978550467
0.735688207545395 0.851916935279922 0.276668558015349
0.145212007045329 0.318534364427167 0.189899371373128
0.87994519327133 0.953707281330873 0.82263785228256
0.689249229539765 0.856882954119343 0.570719390010561
0.0289414395739988 0.278335018924696 0.00560119165861345
0.0248669047867657 0.0331523145410686 0.450852336505179
0.00171435913799007 0.00192096708491259 0.408781176758691
0.00346782199469957 0.0094624233317624 0.163744663085969
0.000783348536317861 1.06394495341159e-05 0.193163840472878
0.000115697705417184 0.000254460922014333 0.176170585532845
2.77369881462706e-08 2.05432833807774e-06 0.00373265608069614
0.92250836320535 0.90192488167717 0.976087649218353
0.102068908422688 0.680398213093777 0.00391888431989467
1.0732972106265e-05 0.967424938441453 4.04493851544924e-24
4.49675552628121e-14 6.53522848110423e-18 0.791760768543297
2.80735101706693e-25 1.19494395323048e-21 2.42443501931178e-05
1.51647011722432e-26 1.49827306674411e-15 4.58293801964486e-16
4.31842553204062e-39 2.6142246881534e-55 0.0651330998838955
1.52901938056649e-61 8.74373953741949e-64 0.000282642304482343
1.39487000688635e-60 1.14745256768253e-48 9.30372213189531e-15
0.983958389564662 0.814239960610654 0.864779996657309
0.938846358355838 0.322147924231862 0.452241131759039
0.152625413853573 0.483171538407979 0.193202178696953
0.0787813521232388 0.159788207822389 0.249292737055896
0.0611793519867384 0.179043883402678 0.173715063955901
0.584012974875471 0.456557532192172 0.923073977659282
0.23877700746599 0.0411777503588482 0.854000397673439
0.626622624910725 0.482436762968149 0.960941789052244
0.122568670672017 0.310606219125486 0.237372247271779
0.813029769732628 0.398566405739965 0.67480369390622
0.0666446569081865 0.0136285384424759 0.745987164860258
1.25875247635157e-07 0.455670377314948 4.59416134027057e-14
0.0313935000641483 0.043746947291907 0.254787699299926
0.00269850012709236 0.00943096635003466 0.0793299952511669
1.65232749694545e-08 0.102158817337007 6.32212788736578e-10
3.45445068159027e-07 4.17121085689851e-09 0.0748799784959784
2.09024848084891e-05 5.89528285739935e-05 0.022047103358942
1.20787461921142e-10 4.35401097176944e-05 2.23579394905535e-07
0.296213301832849 0.51898667778736 0.401209879750637
6.89757645851319e-14 0.230973100114876 2.51786438632477e-19
1.33925332501059e-38 0.593952127857689 1.03188426206663e-66
1.05041603290225e-06 3.84267447475031e-20 0.204351649706359
3.10174019441371e-34 1.40839071597441e-15 5.11437235993216e-21
7.89106078168865e-73 3.29326886334464e-17 5.45919596922996e-64
2.22328630898292e-21 1.05815349998421e-63 0.0926091385039085
2.12964315483629e-51 6.88213776798782e-41 1.92078297340936e-18
1.20366174359922e-105 1.40410385271562e-47 1.82358111887726e-63
0.901270845222447 0.920915254987853 0.290483965293441
0.865007614256057 0.910310151593698 0.760191176103993
0.651277923090646 0.628207094689665 0.901081025768211
0.473025668288108 0.332975904917423 0.25441232572768
0.412077105859473 0.239638217622578 0.116647236059521
0.709469967152913 0.708223271907542 0.966720133127216
0.0352944002289621 0.114148460901499 0.00558295456523296
0.00732433066094559 0.00952992134251845 0.445244520812954
0.00299380983000226 0.00222591211735658 0.937351290139729
0.281484466062219 0.299998866985356 0.72967635963637
0.726021399291989 0.33507177259851 0.00337221199491762
0.630500616797918 0.908052512275549 0.00275812981298431
8.41172985973574e-05 5.35057664677912e-05 0.948351783247822
1.64443938403116e-05 4.79162225184639e-06 0.401864728191828
1.05675411353381e-05 0.000299712723629026 9.66335329560601e-05
1.06017508141093e-14 8.18679133437607e-15 0.436630255645918
8.87677832499609e-17 1.13851634374793e-16 0.256911110508574
5.12757653918251e-19 4.25907082103176e-18 0.024748218860571
0.705784457258321 0.646239765671101 0.742047730002558
0.849312247971089 0.452869769574795 0.00486678330910018
0.000825953147880675 0.154780830010495 1.72711131018341e-24
9.59615195177431e-53 2.02357949057543e-55 0.984851514880329
1.66475590420169e-69 2.01144238488847e-69 0.0183153829751245
7.62839023491928e-77 1.39532865941109e-67 3.26413081085057e-19
3.30772146075045e-148 3.43411244696524e-152 0.124986715560977
5.72584340167657e-161 3.96189862206009e-162 0.00259018114392196
3.164189570885e-163 3.34646499609528e-158 4.67129648885423e-09
0.0384243811402265 0.0178981587566105 0.966541780045167
0.872140703317047 0.572362995493496 0.419041857267067
0.470926293510844 0.657556255708496 0.435584443261765
0.0696514431388474 0.350340245911564 0.0177135444440901
0.476483642581673 0.644882059881936 0.488935873362821
0.748640037341892 0.650322136704259 0.0933685930036108
0.685136432204309 0.837972000007711 0.154650332211504
0.020973219384285 0.00144953320327149 0.243770372781416
0.000582240847272235 3.76100628367358e-05 0.596125998900421
0.406988470942001 0.551409735275559 0.443486161581564
0.0919790058414321 0.376019729844851 0.0422437556544806
0.193452357861127 0.224895344814934 3.44497084749874e-08
2.29047355162977e-05 4.07672012559685e-06 0.649308571574613
8.24645481428917e-05 0.000222687275824799 0.0932484099805413
5.38537382815791e-07 0.000290478844927712 2.93063313478559e-05
1.12420181238845e-12 8.9172308002182e-17 0.535601478920739
1.61770981308236e-21 1.78440273918189e-20 0.000847897451984137
3.71441739320514e-17 9.92507054377615e-15 0.000111639402018722
0.0931435617934747 0.072973726148728 0.811727016481561
0.0787162083836793 0.0250674171096594 1.13532921573856e-17
7.75672099441923e-11 0.625063064328147 1.45201086862105e-63
1.75446714769857e-45 6.52953699734119e-60 0.632575779708267
3.34908013359937e-65 2.58617898747939e-51 7.19177624687885e-19
2.22584970446449e-81 5.62003551602844e-49 1.87629480763743e-53
4.77663849619182e-99 1.27294509617846e-129 0.786121135827908
1.70979235144684e-150 3.15314894445485e-150 1.01554518377756e-14
2.38361164769477e-143 2.6342648645748e-125 2.1045667512709e-27
0.040234792757882 0.066962853772267 0.329035452762131
0.0556260743831895 0.100265745902332 0.313619813413441
0.0659639157118649 0.0672317243258016 0.633249546584212
0.678607128391067 0.803802656834698 0.664279549788342
0.180592391405602 0.286782859960469 0.386756460822913
0.592846910076314 0.735039374177709 0.594415023265428
0.208443136635741 0.728298092797775 0.0299900194095997
0.105072113252137 0.194898547239226 0.277580901994541
0.188128335621759 0.0621081803460128 0.456003518717817
0.264170068813021 0.256000568483205 0.819428613366447
0.16401206698417 0.318893889927658 0.244853432991579
0.20258653641087 0.407494222274286 7.61211739069576e-06
0.0796453035374715 0.0112601472349028 0.248683443529645
0.000198428027362831 0.000181953106249619 0.388449195998181
0.0210526873319825 0.0945369780533913 0.0687757657464199
3.80545371191442e-08 6.32927950271881e-10 0.943799228729328
2.40203892712818e-14 4.61370601840073e-13 0.00727863325495595
1.04868574750542e-13 2.68953261378232e-10 5.62050897855734e-05
0.184094514110542 0.193225885753082 0.695694755806765
0.551186518599789 0.168897959172168 2.92545715791992e-05
9.77228800724439e-08 0.880081144505776 6.87898158761431e-37
1.90934763577477e-22 3.57509041238012e-31 0.177597800166477
1.49085405621994e-40 4.22078815328693e-32 8.12503987805e-11
6.46565683362912e-49 2.74289027463235e-24 3.39620767353178e-36
9.6683730625579e-90 2.49084413326483e-112 0.796909771259107
1.63463529956944e-103 1.25602701750668e-101 2.52981036900306e-08
4.66948996174534e-137 4.03155626244373e-114 6.39662133610066e-28
0.749389151766136 0.360427389190161 0.223160123877454
0.487391373332871 0.940147929680952 0.392182431098095
0.168529522078276 0.605540147242974 0.161170363314353
0.0448502746913093 0.304491633109156 0.0744966561178044
0.485485072522658 0.361906181455231 0.895269115118731
0.0868740029724652 0.418374742232839 0.11132092316108
0.0356417687027101 0.0214352604046117 0.402018764107744
0.00825262601403018 0.123904249761793 0.0289796923725859
0.339494609239562 0.550970708643956 0.439520336092865
0.396665959219621 0.657949309867125 0.452967275781331
0.00862498068561054 0.698905285029719 0.000108633110877232
4.62118761769525e-09 0.213544100388286 2.25467806195219e-11
0.861940668740446 0.0798429004606855 0.0870436239763492
1.82910210682273e-05 0.0325768045264701 8.75007804821803e-05
1.67874703262195e-14 0.000797695394076713 1.38670293772144e-13
3.34239846781027e-06 1.56569728351344e-09 0.254231352526498
2.23496943488431e-08 3.09467349284387e-08 0.0057394600561641
8.78319679658353e-19 3.46020479268195e-08 9.28983402659149e-13
0.567002552181302 0.420045093523197 0.927159015575801
5.24334944768641e-24 0.363767862441899 3.78342909378981e-37
1.01316104068772e-83 0.0408812320203727 1.06140178590493e-130
2.60095469935738e-20 5.39584856728802e-46 0.983858781171619
8.32024141216575e-63 6.00380705128653e-33 5.96953113660127e-34
1.94378992299675e-137 2.59794382233785e-26 1.09645216853546e-130
3.43514547376088e-39 3.18307663607572e-102 0.345389439581657
1.44820708462682e-131 6.69500815713369e-134 9.77458496415438e-32
1.25764747888228e-207 2.67361399039719e-85 1.09366225127236e-134
0.171641495030484 0.172748825183474 0.860180720797561
0.637250694536749 0.727105178763972 0.511671818137563
0.140353655554828 0.0682988728327513 0.111307061787797
0.0120087776633758 0.0220130956848384 0.163080645675009
0.597838567780935 0.433638515724204 0.226173785497355
0.00662010580511009 0.00286255976923129 0.260479743989442
4.15180081546327e-06 7.70578041731375e-07 0.280594199538951
7.86409865859417e-05 2.79656006087911e-05 0.491742171321978
0.00464392736497848 0.00113473945065536 0.0770144562443235
0.748230610892517 0.884092138585507 0.349860528817137
0.209902685716486 0.306570262767903 0.182194631038096
0.0650608433221193 0.0201990386610015 0.0320512383455572
6.48116321576822e-10 6.97647939887504e-10 0.376959819376733
2.58233794694752e-11 2.36578860101593e-11 0.435764137503146
1.17943171254578e-12 2.87980420863599e-12 0.125986312949252
1.88480186665758e-31 4.5655337093401e-33 0.940089084247189
1.41522219912056e-31 2.45028817235993e-33 0.793003278624219
9.65759447919924e-30 7.85961289388201e-29 0.0217165795172654
0.403523806488881 0.267810964378881 0.209396541688283
0.14631317734229 0.571193472754063 2.96859933223803e-06
0.000991149282270701 0.436401733666004 1.39806910480968e-37
1.53105601015096e-125 1.62760183865724e-126 0.010981290614184
4.29229594081318e-134 1.06939946471686e-128 1.52028503652556e-08
1.41117797061401e-129 1.66019128480709e-112 7.15895741116343e-32
3.42987770146369e-282 1.83755183884267e-299 0.584736921328623
1.00068282314949e-277 1.39770807207545e-276 5.37467276673305e-07
1.62411268323922e-270 4.41184164333902e-264 8.02656098349943e-12
0.515138483527156 0.494201514798195 0.906634248365693
0.999851634685108 0.591095940103022 0.249864169347353
0.611138864251372 0.999404080782748 0.242056266803573
0.114240622269474 0.0841157306156909 0.894226243651878
0.200673093042689 0.170493489052803 0.866226150803732
0.0329619910097149 0.126300088595022 0.0623038137172803
0.15322142152728 0.128937264234141 0.832712913637352
0.369904132640924 0.210252647292552 0.623440454729713
0.000109323907913901 0.000957603782782225 0.0205286027207805
0.349771745680859 0.203968453008667 0.659814803895687
0.124333973815059 0.868051286830314 5.89113794624865e-05
0.011708190506938 0.237793126728183 1.5189154733992e-17
1.68878751348971e-10 8.69788995198032e-14 0.656641506909362
4.45504522908432e-12 1.06234971855662e-09 0.000233799297246519
1.51688064542774e-20 7.08289516418908e-13 8.15976737343779e-12
3.6492535615464e-26 3.66897618362387e-29 0.0958015236802611
8.551214220377e-28 1.33140990775534e-31 0.147552638192329
1.64729113255578e-45 2.40247874543212e-38 1.57729433108697e-10
0.904758325532569 0.824941943079762 0.460572771565113
6.47894150273759e-13 0.791902813994336 9.11306225776281e-61
1.46808472528234e-27 0.832118585084179 6.81856360254048e-148
2.73567473900911e-90 1.09963937905177e-116 0.798647320152004
2.01268513503632e-141 1.66088400799509e-111 4.98915606328113e-40
3.75766211570458e-157 7.39791904342164e-94 5.36395759946951e-97
6.47612320983329e-254 3.88909998351075e-317 0.0707084555428683
1.73855135352577e-279 1.87575651942177e-296 1.09677209702052e-16
1.55603698017811e-300 1.51608480960757e-242 1.72120543156596e-81
