TOT AFR EUR
0.128926201199397 0.346734538404436 0.163616268794985
0.345360827246304 0.413248992909456 0.610983584444082
0.126294376739414 0.392498451201081 0.0681072258336066
0.872283227038521 0.812460278276236 0.911822773207566
0.041622505908887 0.0511910071125325 0.514694757942118
0.994393871609568 0.673460727674226 0.373313522536364
0.646694705325129 0.295468184739289 0.340031352336669
0.544045516237476 0.464455888119485 0.942096461339102
0.0951820015633671 0.0965919992492879 0.644544756174553
0.818973486623982 0.855884692345289 0.885305008962474
0.71774719014221 0.580600547801876 0.792950389157838
0.200335070131447 0.209415508999193 0.736093851833937
0.775299741233624 0.188553141280405 0.0419933958399644
0.0288767359499258 0.0442638362231401 0.353198246637294
0.0975575960270297 0.173835070815564 0.316609615619813
0.000999292349983237 0.00140695286815646 0.353561862976893
0.0154459244683416 0.0979106634924445 0.0387111309150533
0.110325564983113 0.471806930815145 0.0247444415485646
0.452518742094877 0.261361639457776 0.553038466832791
0.117470667058397 0.891049286252934 0.00149193849775523
0.33864247668215 0.889763140825483 0.0118619214977041
0.0315564710311796 0.075665532573653 0.232642824493698
1.14483472058109e-05 0.000541683681503052 0.00604060727233013
2.27647314601917e-06 0.00124548871992107 1.40638068421289e-05
3.95489381077287e-07 3.99300555952966e-09 0.86715303671071
5.00222713228968e-19 7.03170464792513e-19 0.0106437811723701
7.25621839567944e-13 4.20300421066544e-11 0.00250868983560772
0.886469922375881 0.951179455357788 0.894098796947502
0.932257343333091 0.605305930982073 0.539975401487159
0.636144995158074 0.235428487401126 0.723437363515787
0.934049320278249 0.0239821320422116 0.0398877462246191
0.674265455606897 0.699585769620711 0.374817333038958
0.310601465061394 0.662627480410986 0.330401546549903
0.718433152954262 0.69980920625874 0.885541191240364
0.363560466838939 0.00650800854409062 0.280875821637531
0.127758883376079 0.338150848186155 0.234923649531575
0.104834913551386 0.167483947123716 0.335265916253121
0.00740287750953352 0.217175049191387 0.0122083149742655
0.0466738649587614 0.939864151077186 0.00687765507043878
0.00294201782884776 0.0520570327362391 0.0188852885943821
0.927570439789567 0.488909786471313 0.637414253430441
0.00586132595588659 0.0524694907942914 0.044670285584917
0.833352236781223 0.747092527502094 0.560639032780278
0.0185225214702576 0.00182763634953215 0.658902376673253
0.103995879076191 0.0933926776276898 0.458519497496126
0.99240386095618 0.906227013205402 0.910039006085759
0.721463357171221 0.021982849213226 0.0151519407181056
9.30250106051439e-07 0.753532945562172 5.96373706987813e-12
0.000115174312391174 4.86622320256636e-07 0.31692114548023
4.64196598850635e-12 0.000443229446866875 5.74097052918857e-10
2.35119515708614e-17 1.37954102148163e-06 8.87433558302647e-14
2.5935353404319e-06 7.26114302554326e-18 0.2508043500776
9.09706060234795e-11 1.26337117925021e-11 0.00268098865398759
1.47113441836376e-22 2.78682160635366e-11 3.50391911731459e-14
0.924460294639368 0.938390763976247 0.274761914223002
0.734902713740341 0.417327915872538 0.0343063551375847
0.131081723799983 0.253685289794405 0.0242626879737982
0.170050908659878 0.185611114320284 0.733734600460926
0.0829924262810435 0.0612793134994465 0.595264441967248
0.792080414257643 0.93468123555501 0.306270798450837
0.641741890529786 0.533551628397524 0.359754455769239
0.734256324199236 0.891450835345325 0.309619946948871
0.440654290515487 0.497735156138741 0.509257052784366
0.192943567232902 0.20580441388785 0.712295282659795
0.630780982398327 0.685033939753998 0.614626644852301
0.892104792211315 0.928303501433315 0.349817178385629
3.07392208090944e-05 4.93284800683593e-05 0.362311038477208
0.532964721470332 0.561993309879464 0.80397370023962
0.00277161109294845 0.00531433514350031 0.203780134571759
0.00134701372364694 0.000458276308875265 0.101078298020562
1.90829398805838e-05 4.78043874470699e-05 0.0351890455611933
4.73578793648574e-05 0.000112705219845536 0.0828040428194039
0.194643129220957 0.216138511314631 0.695646918308647
0.548330211857285 0.392014139894957 0.258734583755961
0.774106358475327 0.555572505415078 5.55237968281445e-06
9.12424536919776e-13 5.35904646354434e-13 0.663092066129585
8.07456996970121e-13 4.4687852680047e-12 0.0268144809109824
2.08895332420147e-16 7.4131982995116e-15 1.42793859166253e-06
7.0565051816942e-31 3.29414431175641e-32 0.966712919536722
2.54621790393093e-25 4.30753577444467e-26 0.510748879125883
5.75600488304682e-23 4.03963600262265e-21 0.00134068070627947
0.777917535690053 0.48649276157181 0.456329934275547
0.762287270380769 0.219429276026633 0.0792542606574707
0.0535932048230182 0.128463233496344 0.170220129880179
0.0508169474524557 0.0551097437786386 0.569759212004251
0.685154182479261 0.683333303095398 0.918303871842963
0.0689464084008607 0.23853027239216 0.0533122100207347
0.379835455593184 0.23053633961568 0.709461449187243
0.00107633828735958 0.000132248423975137 0.801748564868331
0.808701501311714 0.624832528518532 0.656879290496453
0.772017627844953 0.814401580209758 0.28474301246481
0.200948387468998 0.242610126418972 0.592597234310286
0.151321041469053 0.8157700075451 0.00273913816733823
0.095582516591178 0.0717962074482747 0.81707982443417
0.0989711990160114 0.388456411745098 0.0267069360901257
0.00866437943954469 0.0600216935416203 0.0182813481311304
0.00295221871182442 0.00160880093502715 0.643985600414839
8.65714249411151e-06 5.9295732941889e-06 0.294661869266607
3.54737065407475e-06 0.000501591021108722 0.000347691881798292
0.863600854311171 0.851836953674946 0.98859155727393
0.149450572505009 0.720992269520949 3.23018649210994e-05
0.00759748757581816 0.598114006290548 1.07577494765598e-14
6.04504037751106e-16 2.87571249316409e-19 0.769344867668004
8.4174046925205e-26 3.85350705859427e-24 0.000164583948369181
2.27848319786054e-15 5.11121963623687e-10 9.28822595251864e-09
4.23560536890616e-23 3.465032012604e-30 0.711055598377698
3.12332429116631e-26 8.15227286791298e-28 0.0252094048619514
2.24215793420469e-39 1.54288467040161e-33 1.30224426048727e-10
0.532423428278289 0.437243848561362 0.871569464567431
0.82457082901042 0.742986613821374 0.267636059048744
0.537387785823453 0.564177039462858 0.813418945853266
0.0384109142231178 0.00440653420162749 0.286385715082618
0.122931603259257 0.121234477413874 0.697370886962091
0.597899935420684 0.822077543131395 0.457599176274871
0.654429570844529 0.5191142435131 0.789507129830108
0.606689003575695 0.53889960828113 0.940861621434967
0.456436829724984 0.849143685206804 0.21008082419755
0.877747923934073 0.682204224514348 0.633020787998796
0.214519004407948 0.738465167560214 0.031090192037855
0.0160906927057055 0.0996198815069614 0.0311436582813185
0.0145291575139249 0.00433165250521559 0.778910339209421
0.000446705420281179 0.000473259889098297 0.373878299063669
0.00271223285186559 0.00616886897113398 0.203916846740393
0.0001829883813226 7.78756586089934e-07 0.147631867430238
1.10272694439931e-12 2.06179160635422e-10 0.00123465967707779
0.000407308477752466 0.00035020628221422 0.441795010947912
0.253925124188322 0.312357922923846 0.577027972521772
0.105140614643177 0.733713816337709 0.00263446933653177
0.0905210588623232 0.0333090369204464 7.85932410434625e-16
3.83593363485205e-15 3.16022843603637e-16 0.168738366702601
2.44614504759272e-26 3.03622729883778e-21 7.77844549831294e-07
3.88229454418011e-28 2.53665479429378e-17 1.3835505321917e-15
2.85346076004795e-42 3.21583985712832e-55 0.480908374476273
9.18056875222991e-61 8.86054790801097e-63 0.000582604669034778
1.44711746706192e-77 1.31461981766916e-66 1.20507818744301e-12
0.586171270858829 0.54237354938838 0.841873412631412
0.676373824929216 0.678545437201906 0.844600933853273
0.470309688856088 0.822590504128051 0.437486835424246
0.958208926228335 0.66207084998283 0.766262619488123
0.531616465658893 0.46319532912683 0.151037523057639
0.0155676158982898 0.705011902875968 0.00325520565233447
0.660846769109216 0.954397096875701 0.586939138542024
0.85574872334404 0.537347364609933 0.446507986651844
0.156551722371533 0.373402064462896 0.254439532884157
0.926767004841336 0.338264672987837 0.468465661301685
0.00196796343006854 0.136814665621477 0.00425655947402637
0.000502446425848422 0.138493455116961 3.67246522240167e-09
0.125233086336012 0.328684163820269 0.236803924511462
0.00701392871108898 0.153811278046747 0.0162957124182397
0.000252235269582516 0.523363622896612 1.36982939509593e-05
1.37020820031378e-05 8.40358684246197e-08 0.257716543414099
0.00121438957085432 0.00151241726657626 0.118458086798794
5.07127969859117e-09 6.20062884530813e-05 1.34110647153426e-05
0.92369801124601 0.7212637950719 0.861941490609288
9.31458415289796e-21 0.0336133766787464 2.4741114359648e-27
1.28519188052514e-34 0.765131487796657 3.71686787146984e-63
1.59520480536976e-05 5.93625878833494e-13 0.689107255083728
3.48744338821735e-39 7.01666870220705e-22 8.62566519410227e-20
3.09609313208438e-74 2.41229028920906e-16 1.5063472722406e-68
4.33878572089893e-16 2.91742401347852e-46 0.193556689037388
3.76629878863963e-59 2.31736525750329e-56 6.33673673872875e-18
3.10079592596919e-97 2.0106430148452e-45 2.33781005225481e-57
0.854124770865815 0.757337362183927 0.499394562992139
0.0220379475961881 0.0157428177418907 0.751583030529329
0.0888366544811046 0.0703249200522375 0.76319710398139
0.50355777719964 0.222676546224375 0.0124624055118595
0.419778094444145 0.343637130069785 0.510896880458595
0.35125581857169 0.582252087811897 0.041522781982277
0.0114424519918813 0.0193635217864735 0.199374660382922
0.934075047899537 0.930003977100643 0.989092208914881
0.00297696202049432 0.00330740750378122 0.633446332984642
0.966700620257884 0.911470881470345 0.719134750555812
0.0145356599849021 0.00647874925037579 0.290404271488849
0.733704312022167 0.867863577369227 0.00787347264575236
0.00109636470426533 0.000705481015343073 0.83371150255163
2.22151483815406e-08 1.60058196787798e-08 0.65915981776774
7.91192234275551e-08 3.63478621060419e-07 0.0253790567789439
1.489411010611e-16 2.32606329274589e-16 0.157436354644518
1.76969150720926e-23 2.77336328698336e-22 0.00537169393740382
1.1284911889236e-23 7.86575850697542e-23 0.0290544931815084
0.147374259818891 0.117395637224318 0.714336997597973
0.397895025011833 0.845658599710248 0.000908757646899069
0.13263194848918 0.947443028521162 1.62286930169256e-16
1.67535344148398e-46 1.50879022201155e-49 0.536756988783569
1.713693407148e-60 4.93435438372294e-58 0.000144175512333587
4.32037351493372e-76 3.40415440552754e-65 4.19825059570404e-22
4.20168968562573e-137 4.75260532943736e-142 0.296633653224034
2.13667591516711e-155 3.34200512903437e-151 1.03686803399624e-07
1.77801406743276e-163 4.18266378917643e-159 3.28042742571415e-09
0.149290366711976 0.122942307146822 0.841652969694717
0.375885165499686 0.215472846319011 0.618074391358626
0.492637633547599 0.222307470146638 0.356434064266525
0.704608014046382 0.907832745769753 0.495682556188423
0.2264604367225 0.2832156179212 0.533372015021843
0.0047996288798045 0.002040785909571 0.788969316034219
0.00390699318799363 0.00133959333731197 0.911326878198852
0.572622725084214 0.609219474196881 0.781959309269265
0.727080300592134 0.466643409684289 0.482733302906945
0.892882715246317 0.830523883584763 0.895102248068374
0.00675620641236214 0.165682588339644 0.000359932386782798
0.00788835759241336 0.859227109643731 9.93009933537442e-10
8.48865549355346e-06 1.88896244179084e-06 0.581211517811408
0.000361770212117866 0.00227941052918132 0.0382420485140951
9.14879770328812e-05 0.0124072336205724 5.01134948029661e-05
3.4989018669756e-13 5.87228537670805e-18 0.365525449092221
2.81881737047258e-18 1.98178923993965e-18 0.0157494785134163
1.14809447100272e-14 2.68201254060834e-09 4.48102644619685e-09
0.999729054360612 0.732097562863674 0.48023466180885
0.000485722875578106 0.67078869449038 2.4863110166467e-21
2.42878368315919e-17 0.0949934799034574 1.72491004823256e-61
7.88315619809885e-47 5.19072191726361e-62 0.546965092476589
5.41958094375372e-84 5.75124005522574e-67 4.91575268833863e-26
5.04130821690859e-104 5.04654027928986e-63 2.99339198302502e-64
3.8937123383827e-99 4.98811212204633e-133 0.376015806721199
3.41388487542115e-127 2.54802331532548e-132 2.6577791408798e-10
8.94751463878363e-147 2.73060385983647e-122 1.66079534832256e-37
0.064842945170339 0.159289893254955 0.187946583439767
0.192704744160981 0.271093911279145 0.476559062414039
0.219951785361035 0.133531094064637 0.79797898716929
0.803972079499456 0.882302574355473 0.792683783893796
0.661141713148193 0.337961489950017 0.341922265548559
0.757926577375112 0.647782388202951 0.822425740667391
0.639501894801668 0.858781547181867 0.480397705538532
0.428408937330217 0.311769165215461 0.811832330575212
0.561044948035904 0.930599327925856 0.262270995092465
0.536642273026643 0.225242621098311 0.290717089019581
0.0339726915826659 0.806078788731956 1.98510276313477e-05
0.759376636800496 0.747298428240259 0.176429399553981
3.46756233208715e-08 1.76819183685021e-07 0.0553665375745985
0.00180432706040121 0.0173473439246092 0.0231048202489729
0.000650487966675712 0.00438244930035274 0.0480476553081735
9.78629432831637e-06 5.76801113575411e-08 0.367021684314581
3.31486934922123e-10 2.18683470195005e-09 0.0363299686877293
1.28252241417551e-10 8.10316938517363e-09 0.00500803607634431
0.770941293040403 0.704833960452394 0.165919011808262
0.0595597824980234 0.254044475911294 8.76727911092197e-11
5.44839566042643e-09 0.489781462120028 3.82889774570146e-34
1.38636085900657e-23 2.15952465263224e-31 0.340261829550202
4.71252844032656e-35 7.51962347959343e-34 0.000778346365495893
9.52889116775929e-60 2.95424200724383e-41 2.62808981405776e-22
1.61963109042396e-86 7.88796815778374e-101 0.113670604527863
7.00822598035808e-115 1.54106394810677e-120 2.03963504068333e-06
1.41113766973137e-122 1.2872982374186e-98 6.52454648714164e-28
0.0863991445719796 0.00897752779545616 0.960310820407325
0.844760560151721 0.297828841432351 0.246756204580851
0.0892666027420251 0.843281470713288 0.0142183536474552
0.412053284580863 0.149309214527521 0.890721284233234
0.245724266085007 0.408749445258618 0.0259464345563556
0.00521281444252689 0.290346062245858 0.00529069740119359
0.312659306734179 0.0542956291836235 0.754975119323988
0.765878064707603 0.475537757838818 0.829383932484817
0.521776461013893 0.0643835754265122 0.461176882285519
0.0814720834626889 0.172780758159561 0.24854931673888
0.000774064963825896 0.649181726371898 1.34619788654232e-06
1.00464206591384e-10 0.145442223583218 1.45007865151799e-13
0.0205525111276349 0.000110159215400548 0.80224314852427
6.71509040108307e-06 0.00138887929124663 0.000835105103915327
2.75234061408044e-13 0.0053802024947796 1.2512823460099e-13
0.00023401856415348 2.84036873609114e-08 0.858933553884609
2.01060561580929e-13 4.05362396053935e-12 0.00015365368808175
5.65534829749e-21 8.07109677775587e-11 3.62967244679921e-12
0.612428885137191 0.932746582862988 0.548941089202003
4.83239420804657e-28 0.370640723044716 6.11711785966067e-43
4.02710859567312e-90 0.67982260397585 2.62809200461922e-158
6.60384525732301e-15 1.48929311160226e-30 0.577515503838033
2.61035554126055e-69 3.8716504328145e-24 1.9482094405345e-49
3.18385793293953e-142 1.4412019900656e-30 5.8910031677967e-129
4.53914895985235e-34 3.23572344229065e-114 0.00256688597106381
6.63325852136453e-124 6.3322082210157e-108 4.86816145414865e-40
1.74789435397089e-216 2.41812014834844e-98 4.54055351401884e-131
0.531622460145543 0.513140296872092 0.946169041446169
0.842877606133203 0.732890004473393 0.00903032562148509
0.289899078855307 0.277382362531552 0.995191741903302
0.0728137166536719 0.0552621199568321 0.707018917379638
0.168164937923021 0.124952117077017 0.545302370153894
0.00420245804355826 0.00527154441662611 0.462205351968749
0.0337544411955859 0.0190159680929141 0.42331777438739
0.155697182094871 0.111739277379814 0.542157259581181
0.00373316892825207 0.00619840062356876 0.21330518842086
0.790223678734696 0.572792072133332 0.175568379309947
0.202957785455919 0.118854714018042 0.249790703499811
0.153905863750266 0.424149448851167 0.00167100613198664
3.37376734871686e-10 3.63742820373776e-10 0.386493788847059
3.09080277182249e-07 3.09360092332079e-06 0.00451172259387836
0.000103835561305891 0.0038815939624218 4.96496025984993e-08
3.84640256961854e-37 2.3131965065235e-40 0.200483320213347
7.83167344751831e-22 2.6615574713229e-23 0.701944363566171
1.21878984143374e-37 7.04641800452436e-38 0.168630488493879
0.0531964934869068 0.0634750897532964 0.520992387669937
0.000580105352196841 0.022241800394908 5.16158857606583e-11
0.0293855337518908 0.862630646454063 1.89340386863894e-28
1.09242859672484e-139 3.0044115392062e-144 0.282893968706967
1.49711261665217e-125 6.69903599878125e-120 9.42761477666139e-09
5.53423579967337e-131 2.54837199755643e-116 3.61579518875106e-28
9.56157616510387e-237 1.48001084594392e-254 0.18741840487611
3.55561201943641e-265 2.96894498122396e-269 0.000946537948925957
4.56804337005177e-312 1.56988198661682e-301 7.08757722182483e-15
0.499376795189763 0.319486862662582 0.63691340637153
0.5445678603181 0.445709463247444 0.877895549197762
0.30738297285614 0.912638106457258 0.0299422322739938
0.44101273854455 0.425239268384816 0.867374213306516
0.40791741598111 0.538105567575244 0.498816383644837
0.017444330168798 0.064289167987776 0.0812944872868963
0.0615445748016084 0.00794450717129344 0.280376828621317
0.0521347862947125 0.0538681650625588 0.568099359678592
0.00495107060104623 0.0293625409909127 0.0360826912207539
0.510430140483265 0.467613062456637 0.969894807954114
0.146382185158674 0.636492356495497 0.0133862069614419
2.02760625421214e-06 0.0971853733679088 8.62675359059457e-15
1.91939460008526e-09 2.16568221100208e-12 0.691501951285743
2.41827098863287e-12 1.32184139125805e-09 7.88776322073477e-05
2.6266168562296e-10 4.18291336794418e-08 0.00033256686483329
2.69009063334664e-19 3.10191075950335e-29 0.041271929742897
7.24750654185441e-30 1.74923761542941e-31 0.0101788546007074
4.67136244099083e-33 7.47111808470687e-27 3.72009326617718e-09
0.638932073551731 0.358053468651848 0.422441832766193
1.18470874242132e-11 0.494107185914683 3.43151154426607e-48
1.83680362419984e-21 0.572040151897437 2.60617081400631e-119
1.89502177191227e-93 5.03509547810874e-128 0.0993428760828234
8.54579937579889e-143 9.30289640908223e-121 2.13034682927799e-31
5.72006877906792e-181 1.76940870580056e-104 4.68933163858929e-122
1.11016756871736e-206 8.67158270030079e-269 0.93216510798794
2.21165262667525e-265 9.47659798354231e-277 2.17627283478183e-19
1.10106677164127e-312 2.11876897465307e-264 3.68185791593546e-71
