TOT AFR EUR
0.386368669524812 0.295034835485756 0.890081272896919
0.765933239982435 0.413622114123633 0.298244695387492
0.440898025202668 0.439780811725501 0.84384417771458
0.909520841592894 0.88832117195991 0.977275113442022
0.536491544205661 0.688972934428128 0.552699128429842
0.330083066091813 0.671972569803541 0.181320579708622
0.707375776280744 0.483125171980815 0.615191120116502
0.238157028509474 0.345977253615059 0.453467323235661
0.245107691421307 0.114781981289158 0.553602895535393
0.353675040111497 0.86101433295957 0.0548661259869055
0.666401212364427 0.275096721968363 0.299400004184081
0.340073031579478 0.155829771495242 0.508563221440713
0.987261828314941 0.890332599944295 0.754506169573745
0.63063524587122 0.873534097753557 0.42662769961085
0.269642541244448 0.17352025508285 0.807005529945137
0.0568460437250396 0.0206124339160797 0.70340670225697
0.0455224760196267 0.0324990594290218 0.850864266525774
0.123674868633595 0.0400222469068751 0.528627856673895
0.826100616589658 0.862047752250386 0.884133802352481
0.262078105156346 0.905179508810617 0.00499098750631151
0.0229995526914647 0.204143179493559 0.00232556863459683
8.16871833474963e-05 1.09162945662542e-06 0.353673628037063
0.00360196516450976 0.0316347068144112 0.0267578399764492
6.77493342548247e-06 0.000475792166500774 0.00456993252101364
1.71725772765887e-09 6.06428469970633e-12 0.941810973053043
4.14132380570515e-16 1.97081602390732e-14 0.00254240201219728
1.85655191400723e-11 3.76855885901707e-10 0.0030262104649168
0.739717168024024 0.945042898285505 0.622267606427282
0.755820096489614 0.0623896821604522 0.220639173429213
0.758193880147623 0.656510678284162 0.433075128280465
0.667249099448061 0.776473273660785 0.738078416215627
0.601261831387931 0.794340428071293 0.625141963505149
0.402372244973434 0.229634570657834 0.903137163396838
0.743779453134667 0.869186311247141 0.770319551367007
0.784202702958921 0.989214532560274 0.713036684642421
0.688957792374285 0.124648174612367 0.0654091931893659
0.359670018900233 0.353010653433642 0.690934287832523
0.710083191391187 0.141190950748414 0.0645446782845328
0.0215641930258992 0.715967631700757 0.006270674909557
0.928768281387617 0.562164595003671 0.7120717473757
1.70191650160329e-05 1.6515322514579e-07 0.177367401054431
0.0583020745293198 0.921168352806424 0.0116838611573366
0.0425791385766943 0.00979665924565267 0.574492369473034
0.00585611783547614 0.00427083256028065 0.190540746939487
2.55478052299797e-07 0.014963579494747 2.80345883918702e-06
0.490481946912825 0.387595306715877 0.860800233586694
0.000341907676003148 0.873858387547127 2.09895020923833e-06
1.34498484074536e-10 0.316906406373934 1.26649246778905e-14
0.00133036740071097 3.0214343274356e-07 0.903570560953009
6.98247250625270e-13 3.56776460411045e-07 9.11848306704325e-08
4.79256859438008e-19 0.000572084999553908 1.95611454627862e-20
1.03507780026802e-08 5.2099090049249e-13 0.155221818366381
7.15213970689471e-10 7.86230687552386e-13 0.0273693852096023
1.11060830300818e-21 9.53341235864981e-16 2.1581520077907e-08
0.563136304637547 0.531120354815628 0.857163197470905
0.464912561419548 0.548363623670798 0.469441976753517
0.0604773849626319 0.0802924507782091 0.310629079589196
0.107671354330964 0.0763310886445164 0.282122650433079
0.615141287711586 0.465166928504155 0.362987174735425
0.965508253507528 0.93276619383416 0.607730227131879
0.0633917068237669 0.0615514591638104 0.890302545212497
0.393421196905729 0.430175337436052 0.751254263644321
0.278451549998333 0.284251881806078 0.872343760262665
0.112357721192719 0.126083537268508 0.598569019351644
0.940391332018223 0.939330155435575 0.997680217481451
0.670538965330095 0.551589240024895 0.432005635632355
0.197667625010095 0.236863687827197 0.458064900893352
0.000894598829146165 0.00193696257009545 0.104350475457135
0.243642202032339 0.418546118749744 0.0323665380537805
6.45679818539605e-05 9.90023122942004e-06 0.142975445820663
4.07340943309135e-05 3.20771095793026e-05 0.813452987337132
0.000153076372918395 7.12730315357007e-05 0.555804687685438
0.907929674253782 0.92163243133224 0.354989065761371
0.668040531144574 0.306924371449879 0.0112624999149793
0.237931641108766 0.843250807929323 1.24382494111544e-05
1.21834905497332e-10 4.40616364510483e-11 0.986202049231359
6.85779563412245e-13 1.16511277261819e-12 0.104596368037406
2.41771838528463e-19 6.44234106271316e-19 0.0183117619858733
8.53934013160126e-25 1.36454671150851e-26 0.505670817258828
6.7788762894669e-35 5.58559535657447e-36 0.531687104017891
2.82992673810412e-33 3.98220726164618e-33 0.110742527439664
0.120990642564599 0.0694051179833906 0.904309186058804
0.833643077716954 0.675766847990354 0.704730344058469
0.723684016677647 0.768394815535919 0.82440299158508
0.558695781048872 0.585418629543241 0.81483392641743
0.0237865614152024 0.128604490192901 0.0299057953772265
0.683664546061308 0.694386136987074 0.882929763978633
0.251772013488909 0.219847136328859 0.888053385220914
0.250739504356723 0.369799475657545 0.410159227157654
0.658545565029007 0.25218716280092 0.178923564153272
0.0929487303287103 0.218250081973231 0.154269478118228
0.0597384708902513 0.183786362883852 0.0828515077001208
0.923929586887134 0.727650227516779 0.606481091728272
0.00485164579970774 0.00382007758626178 0.55095220209276
0.165264603751784 0.0858736756783996 0.762864863416515
0.000956637626366361 0.0223425808878417 0.000899312671100514
0.0509199193986405 0.00311884447295614 0.093756340139378
0.0317513247723979 0.0022121451867781 0.14121525048132
2.57920504387455e-06 0.000355976884873171 0.000136606492965195
0.308666458370174 0.208019780109299 0.846562001123965
0.002545576529627 0.947630721078335 4.81697493099743e-13
3.42420783531003e-06 0.299275669327684 1.37348768319298e-21
2.82850428176196e-08 5.41362288844744e-13 0.090415616744682
3.81936984393704e-17 7.29358481176148e-13 1.03284084827894e-07
3.2286608897779e-19 1.48148579546902e-09 1.17677713518726e-21
1.42482906668852e-20 3.13746573428105e-27 0.839341986095531
1.05837817399205e-29 2.69542243472051e-26 2.35165871440094e-06
1.18701313021993e-28 1.90853303565692e-24 1.25698788920147e-07
0.686563465714758 0.695611007212311 0.900462435890607
0.0124390628369505 0.1713328105902 0.00436182149363427
0.58674784512701 0.408791292919649 0.634307405746593
0.2981949002283 0.971565533585436 0.0139195887131537
0.334258828695788 0.203023790089851 0.668009963879286
0.589779698885843 0.536142171060415 0.98040769296636
0.438313658854732 0.119920767609064 0.162644433482332
0.0134955302553005 0.0278358190867311 0.247350262209039
0.0147502867804024 0.0260533756634016 0.310887996403009
0.648232387329579 0.681528586017044 0.841402891534599
0.201082634006985 0.389301039252297 0.243802987646042
0.0770834924944654 0.74757056472939 0.00025476714998739
0.0043386631420169 5.65677889293864e-05 0.0896384123342722
0.175544483003198 0.126211673735865 0.998229589477996
0.000196273811885952 0.00102036055481877 0.0665408536890491
0.0133228908169965 0.00295412688225619 0.727382200609825
0.000451821892031198 0.00526233529254358 0.0206455887206601
9.23316375463323e-08 8.8098696813649e-06 0.00193433312092051
0.395798629818528 0.0363151448150612 0.0226454662112759
0.148373654150795 0.589090400392485 1.78853320925366e-05
4.17267852598838e-07 0.731737022498284 1.6208188563879e-28
9.39473985649463e-16 4.45244116248227e-19 0.861083589635219
5.1957992598973e-28 6.57838665397896e-24 5.44254179862428e-06
2.22048774144046e-28 1.38154423510187e-15 1.18083391773746e-20
2.85593917755018e-47 1.38984293233264e-57 0.614317373315995
8.98120893962369e-55 2.52253183531812e-54 7.81816989580776e-05
8.93446295555612e-59 3.56582528893314e-54 3.52994699940054e-08
0.97825980859092 0.461951621452141 0.551124469806849
0.10419807468095 0.0427341629112737 0.632715875929768
0.575945600242769 0.610492849818113 0.76220961383368
0.549637503636139 0.41965254173184 0.134962163469038
0.172840597502756 0.971441057893773 0.0650122869719776
0.243168400520754 0.663670862142357 0.0504930891900459
0.359817397544905 0.571436778701112 0.464421078261781
0.997994940404899 0.88011595235195 0.893725879152536
0.0151978760257156 0.0403988417829639 0.137406192299867
0.035929079644852 0.00144523021663042 0.978394829188277
0.000126955775179244 0.139341225776117 0.000145020504443578
1.2897715338398e-06 0.554634166769051 1.51091888167459e-09
0.0128113503666631 0.0692916257502209 0.0749921459684138
0.000741953188486508 0.0680683060241861 0.00293333982365093
2.3870729712081e-09 0.00194224410193611 1.27820275272667e-07
0.000745525055189523 3.1208872121202e-08 0.819855748024045
2.95937858229512e-10 7.00795517430444e-08 0.000201050311992823
5.42716161769394e-14 3.88221185037732e-06 1.8211860577449e-09
0.964779840170345 0.264990688438724 0.356807019829982
4.22235210757191e-17 0.713504549368197 5.0131794818153e-27
1.62700500487453e-38 0.720603422575919 7.24269073256923e-66
2.08031601053779e-14 2.25065783092264e-23 0.0653727759119831
4.35023458910327e-36 1.66038918648532e-21 8.31017272808505e-19
1.76009308585568e-73 9.5536826705963e-12 2.05476993805603e-77
1.04746138870743e-30 1.21412129944298e-60 0.204767202398617
7.16934218940695e-69 1.5265292769472e-60 1.18765349151743e-21
1.21298543178582e-109 2.87242586287601e-48 6.25779288032064e-68
0.457395510469174 0.367817752450714 0.456937094913395
0.744796887679289 0.626294376459462 0.487398918121079
0.61502368179927 0.315720684347104 0.0385785460859614
0.161277343890277 0.240066002635851 0.161353345347627
0.497112122835094 0.462929631512002 0.84998870450592
0.023139424994833 0.0189550592395099 0.924210210043275
0.966754864205518 0.604063889192556 0.0108019615305538
0.0241564111944638 0.0310040980156024 0.46558611221696
0.0260384924038784 0.0480617813342311 0.158069197069622
0.00841296160728928 0.0161043015777119 0.104455423854769
0.873127969058156 0.686925857673905 0.00423423658470746
0.622831952657676 0.634765214867299 0.880234572381453
1.2329456884435e-07 4.06305680536199e-08 0.763655970912859
2.39695789846708e-06 8.42866385623887e-07 0.687869822096644
8.72779287781199e-11 1.15343537099878e-09 0.00291529396847369
1.06407304514299e-21 2.94610671076488e-22 0.582888035479109
2.69657062631275e-17 1.26631450727098e-17 0.542582898929034
1.40566584995244e-14 6.51230039957899e-14 0.0459769365823348
0.39049707971792 0.62913700043198 0.0427556587815755
0.230778559227882 0.818471656347897 2.75297862966255e-08
0.993448339614633 0.187420082965123 7.04517237314302e-09
4.43252847248324e-69 3.68554401688245e-70 0.119305315216822
2.79522338786201e-73 9.37332039544599e-70 1.13872779968913e-05
1.55525045355709e-80 7.36234998041276e-72 1.02169495273835e-16
1.56593116577492e-127 4.23015178784919e-134 0.971678216666305
6.75783132001554e-157 2.31818047083892e-155 2.8424098424737e-05
2.84264271396222e-146 1.00424248982325e-141 1.33178982623243e-08
0.356743898516954 0.215127825156769 0.672714546589627
0.882956639091619 0.985992552676926 0.697446246115425
0.481123259400244 0.878634597199985 0.164741520161854
0.000233735737134415 2.59748076672659e-05 0.998890672611158
0.00236304406148326 0.0176201577248468 0.0253731680019459
0.272010058904297 0.567233662393593 0.161965092428354
0.340503961633163 0.262160621421539 0.941221689736427
0.0121753250388701 0.100655727646211 0.0133283219911324
0.0116236501803684 0.016170294788162 0.337454131426142
0.199646538537887 0.971156449805881 0.00181172891219829
0.769644669268402 0.501818365193821 0.0298858671260185
0.241904406746156 0.15161719627415 1.67043315015377e-09
1.53515532363334e-06 5.35382606605732e-09 0.396988571257889
0.000339075461139337 0.000547180419251674 0.203809367811556
1.17223860428109e-06 0.00226040132343512 2.78144269300878e-07
1.27005543555141e-10 8.42654861244043e-16 0.126248612265947
1.39253895956111e-18 5.88718486678448e-21 0.227827096610425
4.36741318576182e-16 7.62153008459866e-13 2.19165800175815e-05
0.986820938238245 0.40651059277776 0.0963690820458406
1.38291753725621e-05 0.339361025978829 5.14008062671953e-15
4.07800806753007e-11 0.853376580582213 3.58020813339372e-56
2.82659426934142e-58 1.76264398014583e-73 0.880498893984253
3.62856721986957e-61 4.84244174955756e-52 1.56955907482263e-14
1.41441332368034e-90 1.02893578235538e-47 3.16968572424334e-67
1.07033346251725e-124 4.63130179664301e-161 0.949465108102574
2.65982045301979e-135 1.49340767165728e-140 3.44422393193069e-10
8.7067753715569e-160 8.0423751471481e-139 8.09757333477924e-33
0.267483082215572 0.930171848912884 0.00654590737173589
0.908801695412514 0.90611096657641 0.983072826704089
0.236152751303186 0.198356384112002 0.924669543332888
0.499499517196454 0.250424831140996 0.417844573333578
0.936280662758784 0.751959029616496 0.418508159929531
0.13618769220273 0.278255770178239 0.228037375597986
0.723532208572231 0.387074354519652 0.344403277051027
0.854472386879837 0.814149364885037 0.952460043366918
0.550640141917407 0.46231399858267 0.899785404196414
0.843474159328877 0.818577862672506 0.364762958531972
0.330821338481742 0.972644568966279 0.0359698074465523
0.00984479805058785 0.128284993894284 0.00476032999777508
0.00124866469049359 9.98578717068248e-06 0.107076692769015
6.39840216359911e-08 9.53886140509594e-06 0.000928219289765922
1.53141315988977e-06 0.00477923621180508 9.01254931412674e-08
3.31698501057984e-06 5.85665641769127e-09 0.219909607448245
5.2705809949857e-06 3.63247350788881e-08 0.376406988971918
3.9024022993897e-13 5.34754500282998e-10 6.87322458498004e-05
0.555759547095567 0.237325520251737 0.280555384432574
5.39832173211499e-05 0.260491519532012 1.26322854919992e-11
4.43696393950164e-10 0.766115960919547 1.18951449435408e-39
4.64173207410362e-19 3.81278269074829e-25 0.410007208166637
6.38561913624574e-49 1.62843655559466e-41 1.59025398269001e-09
4.87875962181889e-47 5.13470492399619e-24 1.31914499014747e-35
1.78893679079162e-86 1.78167446600641e-104 0.330378323989909
2.34753034500595e-113 3.74576422111742e-111 1.3213236109291e-10
2.46007958891306e-117 5.7607462606728e-98 3.14414910736741e-24
0.702968124517504 0.526692952078648 0.97583790973402
0.474287533845639 0.68394525255974 0.18891510339808
0.0827378138684721 0.0130065388369203 0.848490458334085
0.0471156430781368 0.0643939513072075 0.295516397334067
0.102708803725047 0.0995489590658692 0.4513370349797
0.0139175693475531 0.146420378786954 0.0410559409266484
0.836055606392288 0.175959561176931 0.372799897087405
0.163587776556221 0.0757231752362627 0.729952325409601
0.00241878981624156 0.079656465687172 0.0111966810096966
0.582348826912113 0.322893848911009 0.906260630693891
0.00466560069548263 0.202086005481097 1.17623092221665e-06
8.75165328858101e-06 0.129315756941836 3.85851145565071e-13
0.0144316297902079 0.00378038909929338 0.432416509119844
8.37971797910076e-10 2.60007258307539e-06 2.40407944603892e-05
6.53190510270086e-09 0.0284820549496256 4.97618472925262e-09
0.00012579191698603 1.73952512966008e-08 0.761156791815498
4.29187527000111e-06 0.000752382891850435 0.00157578471051658
2.33952039611986e-12 1.53526027145625e-08 5.95269715348642e-06
0.248853318813615 0.093540905978851 0.916058557333905
3.16280231219743e-30 0.149671790120773 1.07612514599229e-45
5.32579375761753e-80 0.235546618261668 2.75082117819312e-130
1.33850898569497e-12 2.81888081982637e-25 0.434473590600558
1.15099430310071e-73 8.79855618920278e-30 3.92914377792913e-47
2.85233881964839e-149 3.98535342216534e-26 4.38029451513221e-146
1.59905063289172e-47 1.48575077657631e-122 0.606049717345635
3.06899307260372e-98 3.62261584214733e-94 5.53424603393664e-27
2.51544934537972e-197 4.88462903354693e-97 7.12462629837721e-112
0.74228436660547 0.682716564507573 0.740309622055424
0.924195383214665 0.986197669955017 0.554373587124079
0.621771893441366 0.727572521529857 0.410637851993018
0.505691800841808 0.550940722064117 0.653944030975377
0.584129160153501 0.540190311227593 0.810672796706013
0.0374550203407253 0.0233772749600908 0.485237777495553
0.0391999448570566 0.015323422374058 0.105049253331284
0.0315508567320476 0.0227527520145555 0.712410192495875
0.00445028641286284 0.00381043085845114 0.902356723686397
0.101979617891541 0.104219150627196 0.80837641979281
0.474245170074917 0.351192263160458 0.362944660676083
0.796894349668613 0.915808384420452 0.0654869568321709
7.27862970380043e-09 4.64513989659495e-09 0.711716740566609
3.38138956865817e-13 4.05087174276184e-13 0.28968528901067
7.70240338986645e-17 5.05908164287556e-16 0.0234187475920194
1.47596979852877e-29 4.18351491836753e-30 0.396645515208274
3.43829162652922e-31 1.30836063018511e-30 0.0424771577907405
8.08534530460128e-28 4.66282071342146e-27 0.0315224191536634
0.294242059060962 0.32060245250476 0.693585914219018
0.498549313170354 0.723852052447016 5.37843890393877e-08
0.000146702361306617 0.265103446214507 3.46881065676484e-43
1.06155560865616e-99 8.58063535158128e-105 0.948465238088317
1.36658092887317e-125 2.838504943446e-121 8.59986772752189e-08
1.71141658106943e-155 3.56173317589467e-140 1.38540713296826e-27
3.11070494671695e-290 2.32248257197592e-304 0.449501994340927
3.83833364857053e-293 5.50919379758583e-289 1.58292437411691e-09
3.6764154748631e-286 1.7485457205689e-275 7.53993160611718e-18
0.767289286767748 0.752288520149772 0.966590171170148
0.732178923512433 0.653412061424647 0.898287638887268
0.562274292373117 0.190895715242711 0.163489202877676
0.211128010836335 0.209509945801341 0.730777140075512
0.0184609592762839 0.153735463397435 0.0119979213949927
0.0354617249269903 0.142541422776457 0.0537574438187313
0.0349682123205005 0.185510413540399 0.0244313491503029
0.0107145451104797 0.00112687923167641 0.469233214451775
0.00949976962878979 0.0340655438830518 0.0892152084016677
0.905658175233165 0.465506111487523 0.193635292432323
0.0291039557625426 0.786075151330948 1.1625783596537e-08
3.29746304287682e-06 0.054450850299486 7.77631083180262e-13
4.24357912604827e-10 1.7122364977903e-12 0.950616694673228
1.29227757479274e-21 7.06757269582403e-17 3.74140385186378e-07
1.38894423293168e-19 1.0301880094421e-10 1.65543193908839e-15
4.38726749511894e-31 2.55017469838642e-38 0.614778589322216
4.14259130478329e-34 4.1916088215992e-34 0.000896538804811585
1.82735909835445e-33 4.18158649304348e-27 5.54801863327264e-10
0.0235347190998997 0.0114675070865098 0.937758364828837
1.32528198577728e-11 0.528759827053604 1.09732565950376e-50
7.90994051255591e-29 0.619621538796757 2.45416228132334e-144
1.3014015759834e-87 4.84081497540507e-116 0.502564134814927
1.16667626719365e-162 1.43198430148701e-133 7.56992753594042e-40
3.3366541229375e-157 2.79656894279701e-89 1.88890151941192e-116
3.26006364748639e-241 5.36048635421548e-303 0.15621940937317
4.6098803692006e-285 2.75530407922031e-287 8.73133593190982e-26
7.90253187791962e-298 5.78605263344242e-249 3.3141299156672e-72
