TOT AFR EUR
0.38215298419831 0.875440334698491 0.0874755818498453
0.605247678808351 0.535904223892445 0.017978763258866
0.525872495971763 0.2007399035408 0.275156745134915
0.218232434940307 0.13135874349883 0.814519733166132
0.67797039503195 0.718321449224362 0.809733212728977
0.0877718536671162 0.120905057089511 0.475073472591819
0.408126689002685 0.500964721446553 0.574787057866754
0.508803428366442 0.233976976575214 0.388520850437292
0.364426956963428 0.272370711053914 0.866332335333687
0.670426238221375 0.702045405877793 0.834492320904892
0.197924560318116 0.244280890124782 0.548894099649068
0.767746626030269 0.434628275113352 0.34134563749728
0.622555281949559 0.51652735115748 0.832309069612256
0.0188178581319695 0.0635485168800915 0.136139045712684
0.356739412924137 0.381408825672874 0.722629260131687
0.185393865597465 0.375884682809935 0.236799936187709
0.00150918996104442 0.00166764714272026 0.415856018895493
0.000255250555837224 0.00328993559441753 0.0157057179475775
0.834568699721606 0.964295566839737 0.731511177658301
0.903050662249768 0.713619189616575 0.615932129853012
0.303246718360469 0.905483503707691 0.00786798034595093
1.53879625836657e-05 1.12859560866727e-05 0.353632268576144
0.000702530951392631 0.00129487505780147 0.214659223710275
6.3363337136619e-05 0.00040314211219599 0.0381422236197307
9.42599915759945e-13 5.48610818571114e-15 0.554411956929054
2.00880153874414e-14 1.49190751985449e-12 0.00308636945718214
4.93066099686575e-15 1.97692797856046e-10 5.1980843704966e-06
0.00234705863289506 0.000254133779512476 0.366513179928696
0.295321867167846 0.585273864726076 0.360317426419008
0.643626353636332 0.690315946737118 0.782459291751797
0.978401455640388 0.567615843725304 0.608338407365358
0.468135566685133 0.0152934942472585 0.287129842697543
0.0577142368833342 0.0695112406232244 0.325851060947518
0.70111444773309 0.629457966316903 0.923890280268746
0.248174745927513 0.406870236313377 0.424603153343819
0.419028349624988 0.955421906955759 0.32201505100144
0.127898720463862 0.581969320372956 0.126859112966766
0.959285588346451 0.814071885364925 0.879510594994181
0.0298364464041506 0.851077603371704 0.00216442308729562
0.40943713202545 0.871835271776586 0.211727197687576
0.716720848566304 0.255510716390533 0.150356988414507
0.110604775251496 0.640203399931674 0.0826819339870946
0.00255314606844497 0.00663988079612414 0.117743235765951
0.0543102641406873 0.169563324700574 0.181117454618985
0.000589245076367562 0.0157793746293428 0.0133755437363971
0.0196732261147626 0.0761028282953321 0.106215867171142
0.00363488090482831 0.974239480438546 6.01673390535541e-05
1.70108676112208e-07 0.747329505368131 2.8875664720784e-13
0.00702442369481605 0.000176367348853631 0.644614338525628
3.85024435394926e-10 3.61025008595287e-06 8.99005991282848e-06
2.90594297714589e-14 0.00168958688323444 3.85443065928103e-13
2.01884274115678e-06 2.2368532915171e-10 0.268852554791419
7.41058474910407e-12 1.78712379144872e-09 0.000143957139667228
3.29551838583342e-28 1.39695373011795e-08 9.88845024755896e-22
0.336132755771935 0.354925945606577 0.714055754449622
0.721749768173709 0.475678364894592 0.0856629087304019
0.737278730157142 0.795361271977517 0.600368205962716
0.751481832844983 0.674234970283845 0.680506824076977
0.430383828522865 0.668163726186043 0.0565358685396902
0.464947418203203 0.328959792404569 0.353909056474749
0.182658319109242 0.145108728153334 0.658017162798294
0.0169562058507347 0.0150473576723871 0.936960642119321
0.0213294535049965 0.0127357348918839 0.549797794970558
0.481989830161283 0.564907737465955 0.432982354480254
0.692277541725616 0.904166254907236 0.0965871363858947
0.250677149549145 0.61430896394315 0.000293900407667505
0.063258792419993 0.0882200565984546 0.341266458751024
0.417502723786785 0.488177685648175 0.435821595824854
0.195523039064336 0.306910890073301 0.1409185695634
8.16198985380735e-05 9.08737819371295e-05 0.493615489416974
3.20781391080034e-08 8.54326132718155e-09 0.618378588511808
1.90470320123223e-06 9.84926650155892e-07 0.906754250381199
0.29194356925642 0.470983056199834 0.0255987623266327
0.387667508008208 0.668897166646713 0.0521754787736248
0.405872121328431 0.730151163010524 1.12116680284029e-11
2.95817185602639e-15 1.76752034814492e-16 0.669102236935317
4.780373568149e-14 3.19292811532702e-13 0.0336778872418901
4.50980376663985e-12 1.04767612816761e-10 0.00192877120456604
1.0512871464935e-31 1.40079837626995e-33 0.77403442677781
1.82110049784891e-23 2.32041954192578e-24 0.711930641246954
4.36643999769007e-31 5.79718637976489e-30 0.000853877393510049
0.176598040268968 0.123064049446274 0.946333792207208
0.0025233672189907 0.00246526244459456 0.390454002364095
0.701884677606534 0.74205198415178 0.832438549003587
0.147107014015391 0.123972884102514 0.845590584983929
0.0496544274269056 0.097004640853312 0.220619778083737
0.725761472831696 0.897278433765219 0.589720044589462
0.189742565027853 0.0583402313404091 0.439803155946783
0.646580499719791 0.620822793203772 0.953505832805945
0.00738939167867918 0.0121128404874224 0.260469153294123
0.914374030587655 0.874266220082621 0.932289135794447
0.633004148929049 0.446402205616971 0.00534784581303714
0.060129284576163 0.626568273719628 0.000485469192337019
0.0101374818209031 0.143246866831701 0.00294643708722768
0.028348076142302 0.0489038972518939 0.281870407367529
0.0126940308455857 0.0130540102950959 0.450801680011018
3.1512380117025e-05 2.22103871687982e-05 0.253596840211473
6.58025308689158e-08 3.51677330173144e-08 0.20763985604583
2.70965075296744e-05 0.000132310018169254 0.050746348993021
0.0391443872061967 0.0315132513955939 0.734488632719266
0.104207053953764 0.464332276396702 1.24032893234037e-07
0.00287183460791007 0.402986584191762 2.23495854952276e-18
3.60167285714009e-18 2.66798304029788e-20 0.133106656898074
4.67365646471994e-14 3.89252389588697e-12 0.000250493354662338
3.61068791075221e-26 2.43981674482582e-20 4.01897062062092e-09
3.82619768590688e-36 1.81548053851762e-49 0.17038861332701
6.54549667839398e-32 1.69651135006613e-30 1.81660256645951e-05
4.91884116411304e-32 2.05716513279435e-31 4.98717023315102e-05
0.750269278879814 0.757448677092864 0.922385149183104
0.320613890422749 0.310525564729898 0.843380491369125
0.574684744237364 0.7200024014643 0.600924742357075
0.933787111790074 0.710858332043361 0.364574567008373
0.247282029473013 0.668818324741338 0.085603699344625
0.933910019510179 0.464364263861326 0.213324612526905
0.566625705932571 0.464758870439972 0.874370977337035
0.0238413275234535 0.00995780951280723 0.922697518481466
0.169166152064402 0.208283127170119 0.571660607356381
0.955902230711165 0.45356461955808 0.172413485503884
0.201573945247207 0.205261670386189 0.731539965711258
0.459523685207127 0.761213040966608 0.0143184636136997
0.0284692306530865 0.0902595529346033 0.126407319040745
0.0186550071003704 0.0070924279996853 0.86129486426176
0.000166869752421845 0.000671414969291989 0.0935864822595561
0.00124546860497875 0.000149872753610506 0.770959889468146
0.111956351620374 0.0804057067920689 0.938582055565785
0.000492685540198292 0.0015798485796138 0.113131497993619
0.578308636496923 0.974310176917486 0.215429199527345
0.871225505350473 0.166606983376211 0.0116571037253736
0.00482645099764608 0.219346393585609 8.11914130831485e-19
1.0010828339589e-11 2.70150464044421e-16 0.259466305064846
1.3537895199242e-28 1.85993926084012e-22 6.53825956169804e-08
4.20276095189465e-19 1.44095552546638e-09 2.87527090756564e-16
8.36269211603524e-32 3.77533829644092e-47 0.0259630676353145
5.00912000205017e-57 5.0034231759109e-64 0.0432160886913922
3.84868824014417e-68 2.2776974573567e-56 1.17877685091989e-14
0.929585550892296 0.895857852446361 0.814917806448805
0.727694931107751 0.0194036710847325 0.122661445743544
0.114248450348092 0.893045498481789 0.0250709499998362
0.49067209862441 0.13073521545215 0.704453364190792
0.0547775035979147 0.170705029391432 0.168699878277788
0.791191691586006 0.584519450496343 0.918753446002464
0.499473165758115 0.0103290497401976 0.00168959460016043
0.956870152679386 0.83311300112598 0.914770790306694
0.274300547419086 0.13315745904358 0.00560956946269814
0.228541529745335 0.877493084718073 0.13987020527941
0.0519786125762525 0.473858074899813 0.0534037135605168
0.00326914598644851 0.511872331995682 0.000870168607163504
0.960316524033063 0.208113162310341 0.307403847455668
0.0191081696095509 0.705242901460515 0.000672002864604609
3.34781395951895e-07 0.976593381186655 1.13717552319318e-11
0.0204533251776719 0.000103264877495915 0.7839459982399
3.49893670644391e-07 7.36999764352468e-07 0.00962951919149406
1.37264621323364e-05 0.00467871180161354 0.0007214355306936
0.500358532602227 0.571857170351277 0.683301706813651
4.72985060987599e-14 0.908068722060109 1.24198688820063e-23
9.86860665296072e-37 0.337854866113826 7.75333592392999e-73
1.38032343743406e-11 1.33631084120418e-23 0.879290406831862
2.40137737626691e-37 2.74163358626897e-19 6.24325787807318e-21
2.20951073739461e-63 1.5369870346167e-12 2.57227803600697e-63
6.38904379593605e-21 1.77852614896981e-56 0.33954982732613
1.41417267418107e-54 2.39738878438109e-56 4.37216697141177e-14
3.22591660835709e-113 4.04372304464564e-48 1.50851626165377e-70
0.538492104732776 0.646329144186298 0.413974893379175
0.224291761238054 0.202340826520035 0.892446212341608
0.5330052246907 0.630756552457431 0.425674629127632
0.229414196245027 0.248119129975966 0.71473668879885
0.176581509586039 0.160238788501752 0.925078316492063
0.501620172966055 0.811190658949576 0.0398626206666925
0.228189486897727 0.213135610897956 0.959266498925952
0.0332909916587166 0.0254524671577182 0.810024473477943
0.176404643637333 0.128549595511229 0.526042919296537
0.544457180713678 0.3958461647535 0.254264061435573
0.495217318323701 0.495899138588569 0.931986247889014
0.638493810481049 0.800904272945724 0.24152508824103
1.46954334010889e-08 3.24408946737645e-08 0.158885626568961
3.31407944889894e-06 1.70083050627365e-05 0.0177512274257997
1.12457506341842e-10 2.28056612397856e-09 0.00374718870665
4.8131449276247e-24 3.4212652684243e-25 0.919872102231344
2.45967887024021e-16 6.94474541764649e-17 0.724305742369145
8.5971572258055e-19 4.21802318793875e-17 0.000995426434536262
0.505531755077155 0.603349378444218 0.366498158704147
0.328669375691472 0.651546259617077 0.00272577562311612
0.300614389056976 0.683527817064508 1.2910620651606e-12
1.01055690555097e-66 3.87811699038875e-68 0.186114260768873
7.81753698642759e-57 4.44927272647683e-54 6.90397401332619e-05
1.42772629728772e-75 9.27289348771086e-67 2.37694573254614e-21
3.16151270575176e-121 1.35727375530564e-134 0.00479572152359629
7.70786782963622e-169 3.38124837860785e-168 0.000154125350882493
1.85517801287213e-142 1.34428510462064e-141 4.3118018626726e-05
0.803475446775647 0.761345051597306 0.205558230194411
0.760590659928561 0.54040058510874 0.578119080779412
0.1782101828187 0.333423120424997 0.239771405166168
0.181209245549416 0.0785500394595716 0.6365237768558
0.446633847164991 0.90419394923648 0.136742934231744
0.043593345202918 0.166302210476399 0.0550274541260136
0.816437104634084 0.681564706107628 0.756741119602008
0.786517456621572 0.262706655555444 0.0878839493603528
0.0527524993711333 0.0839875515205564 0.355534282449122
0.6293388700623 0.649014262882496 0.847606674255954
0.520506133257294 0.978404650384834 0.142618546119108
0.0035731112144663 0.50612086203798 3.10941076062056e-08
1.03462576993228e-08 8.65929767974854e-09 0.117892296775277
2.91489946516334e-11 8.18873190520808e-10 0.00317729949452844
2.68597736814092e-09 5.96198577375608e-06 3.29628260285073e-06
1.59080632098778e-11 8.26304396889619e-15 0.79149351606784
1.05088532785284e-18 9.77415000399076e-25 0.606444367937224
9.42539999402191e-19 8.44089200898139e-16 2.28918076940002e-05
0.795041808374832 0.435207438340543 0.30347877041728
1.97558609930832e-10 0.12254418466348 6.1113275254105e-31
1.01679299869234e-19 0.0349126721489931 3.75000245381705e-67
1.66785759267131e-53 9.28335116509119e-77 0.0259680577460284
2.16984746192605e-71 5.70108417033115e-57 5.61912480939636e-20
6.97556867692085e-107 1.60870377384786e-76 3.66314432819515e-45
2.03199384829094e-121 1.12561482739354e-150 0.146888622471372
1.19644024229271e-135 4.99345996516369e-144 5.29093243304595e-09
1.43286520100979e-171 1.31560949823459e-139 2.70920519571498e-43
0.083690225249232 0.152788880775832 0.314694784232999
0.0167377377493202 0.0190053892014402 0.484183540840123
0.113654895185706 0.152167691648475 0.489989187089679
0.896113746354511 0.893896218440371 0.978616129443633
0.971361785062313 0.292824697644746 0.0461730504607949
0.12679975894006 0.0389516889922573 0.475729348261496
0.289205311821493 0.359873489530534 0.583422938158927
0.798174879659559 0.448969895926987 0.331746381405394
0.00839976657599425 0.00942562291396557 0.457371949877005
0.033223260336959 0.0273960989028085 0.718681889672047
0.10726793630877 0.748017737013443 0.00249701461469317
0.0539050319088075 0.694921522032526 0.000375316578281413
0.000430767060913408 2.96041926273096e-05 0.626994762067211
6.2463761505238e-07 2.2201869116896e-06 0.0900586812426642
0.00100850570308334 0.0488827406739334 0.000568472099382125
7.45538540778198e-10 1.53663330363329e-11 0.725461174833779
1.13322693112692e-05 1.00874322404631e-05 0.317117231740773
9.47315164928672e-09 3.89165171641232e-09 0.307116066562043
0.244737040461143 0.0477033335368222 0.185721471601848
0.0325413217843264 0.285468822213715 4.63928009009033e-13
2.54505169042121e-10 0.571498314173979 3.51596311547505e-41
1.55059346167456e-21 5.75263768142649e-27 0.811009287542318
9.57961230775993e-38 1.07299489909763e-29 3.3389274607206e-10
7.33843477710947e-53 3.64805940070071e-31 4.96379959970038e-28
5.54673966410597e-101 4.82956362340215e-125 0.611069822331701
1.19550387202918e-100 3.1525894927178e-101 8.70159660949915e-08
1.08490031106994e-127 4.81513713738857e-103 6.35605264772094e-27
0.901202747893153 0.641471108537724 0.578361567368295
0.984609908171131 0.18703940802734 0.269795034344156
0.0196659003857695 0.993345078066641 0.00205551126788736
0.672465890550524 0.192337640580669 0.0939315907275404
0.287137810942095 0.41836808303636 0.460843098439104
0.7037745886223 0.828626473236496 0.746481384867838
0.215691427685827 0.130392541686766 0.730626042343794
0.325401500456564 0.0491043996564751 0.720528927335763
0.351361405038374 0.621254900472853 0.411380903765173
0.607805369655072 0.703968805731314 0.721065300575797
0.0128883444726712 0.702681580705659 0.00259319021336729
5.27871009651951e-08 0.407113813536201 5.62941510862752e-11
0.144011339754918 0.00089583009957237 0.394540494720623
2.74342288739876e-05 0.0376535332153147 0.000154871541522341
7.15742670735653e-14 1.03961854936348e-07 4.86463159132062e-08
0.0413989516542885 7.66307041984971e-07 0.106199102607397
7.38703037657382e-13 5.53706133963371e-12 0.00022842641769696
9.09647300537788e-15 3.26520211510954e-08 2.15949513005805e-08
0.126884898879105 0.201098415606308 0.354421336986406
1.41288779899634e-21 0.968018872976874 2.11187635871995e-37
2.86393180802536e-84 0.252500616023455 1.74865488359125e-138
4.05338792254076e-10 2.49908760343631e-25 0.515871733804596
9.2960894321255e-79 4.50008671156215e-44 3.02653078313204e-39
9.01869576065796e-169 9.08111712327163e-27 4.82697568744883e-172
2.29857317364461e-45 1.41152289813827e-107 0.985737116202756
4.78687744685743e-119 3.10078907541859e-110 1.06331594844263e-34
2.78345835846316e-190 2.94709669674011e-95 6.5983390529694e-108
0.0504541291707839 0.108928637681619 0.0412496521810554
0.195718583320746 0.151305286652683 0.589003951321945
0.0589236691922107 0.0929391045155164 0.156967419176804
0.411229329619568 0.299101461100135 0.305008939788236
0.0778792062141626 0.137585544409004 0.112203158372967
0.0347896349312073 0.133891510937875 0.00103259973742703
0.00234182969304094 0.00218060763917195 0.770743402946748
1.32270748914765e-05 8.62282802264324e-05 0.0083031926013031
0.0406747183823351 0.0595038254762159 0.314862581727526
0.721057190646583 0.919929340990984 0.217267817693204
0.450976202029528 0.341647491054919 0.385162161397112
0.1060211094419 0.325967745920215 0.00297377116971216
1.54433683896066e-10 9.94495590331687e-12 0.187891694175888
1.08132007164662e-12 1.74241760173048e-12 0.246572406237311
5.46832725329003e-13 4.75672080565188e-12 0.0132012232355956
5.51863535408199e-29 6.12982258676415e-31 0.629925365124969
9.00531362544289e-42 3.04536838478627e-41 0.0326589374709899
1.22736940746136e-35 1.12324931716472e-33 0.000681682061942359
0.696456463319062 0.977874695219581 0.0337775399690603
0.847579851682542 0.388018919839324 3.75467514670659e-08
0.304759630953683 0.106849947959336 9.12699694377098e-34
1.38692260833712e-115 3.28135820448823e-123 0.419763004718416
1.63853616888823e-128 1.18701053354913e-118 2.34538627751466e-16
3.86203647328767e-119 1.23947042936503e-108 1.07628665371626e-19
9.44344288298771e-259 8.74188446446959e-277 0.163594161932482
9.48922073588185e-275 2.29075220655703e-280 0.00244518293465856
1.57222628268812e-309 1.04729779997515e-297 1.29524787888184e-19
0.589234408286567 0.568043046065183 0.927965984637182
0.731241459288991 0.727424342605481 0.933273955736778
0.388683144431251 0.944861844055734 0.0508888754263608
0.350386926757137 0.278860646961056 0.960705386683782
0.0166469574562833 0.0220918938040227 0.37148297130379
0.0384162530647005 0.0861574031536993 0.182679790297881
2.6227495113492e-05 6.0740828840433e-06 0.622692858966799
0.00055681234826412 0.00154874867507786 0.118596422619502
0.0401907607160159 0.0260445438151052 0.811496549622093
0.962657559517081 0.760998033114776 0.620505942472194
0.383920944517636 0.942295997369444 0.0270189286563662
0.00918941444111033 0.674474763388611 1.02982506400401e-07
4.51413108151486e-13 1.25330980926171e-17 0.426565509436891
7.64041627234213e-14 1.60959219320659e-11 0.000329842441422804
2.96313789343514e-12 1.480122478143e-07 5.42044504433757e-08
6.42773718088166e-32 1.00999968582339e-42 0.425003374036956
1.18276878498889e-31 1.47475895684506e-31 0.00085252678318132
9.03859657527418e-42 1.30515856284388e-37 8.38222374040644e-08
0.900832350843618 0.743588019836186 0.702233009294424
1.77624749310173e-10 0.680908196033764 2.93326315120392e-47
4.59566085395246e-33 0.50595761919011 1.45977175046052e-152
3.99905765436061e-114 7.43555127594918e-136 0.0245398089964273
4.50278494393418e-157 2.27398956630703e-128 6.30972935220018e-42
2.60620447998136e-170 1.3474898560903e-104 1.23960995956487e-103
5.0204015921456e-213 4.43854024596241e-274 0.836287183686876
1.3612784016933e-255 6.23333021051995e-269 4.60951265320233e-16
1.82402697911412e-288 1.88946920278761e-243 2.47347060143385e-66
