TOT AFR EUR
0.925594874896625 0.961781293042425 0.899358622616874
0.244220537169053 0.309996937794005 0.559756581726098
0.774272797600205 0.844912219967605 0.797028047866207
0.0916787719117635 0.0789734275132145 0.803569708127155
0.18083645255637 0.293115282734035 0.355875922585274
0.488858494689627 0.184261134359786 0.276959892907181
0.927408504226788 0.820873765092608 0.483671000950134
0.181427113490464 0.0833295142388113 0.598112955607149
0.750534012149972 0.978534660951002 0.525348132996698
0.4336344263274 0.927843820675402 0.0815581582476274
0.116815868937261 0.0903344019252063 0.942556251124827
0.198785513561043 0.585674705524668 0.058670084281312
0.698700413385197 0.441826243744691 0.0130914324965871
0.203311712517902 0.274794081414282 0.519607734050959
0.0155955451654107 0.0266231627759365 0.378351862434436
0.0151125836362509 0.0230249651244691 0.341078048822096
0.776742339030249 0.83929601764174 0.819792683189926
0.281662942096898 0.251520061125491 0.917271044356386
0.577290308143999 0.461697435811816 0.792647183765438
0.681300926241116 0.0794928477727064 0.0109312451934522
0.175887943887065 0.687680844620558 7.87788186721311e-05
0.00940103282347712 0.0132557924468619 0.386946340259496
0.00925099130865934 0.00798148853923916 0.65238538059985
0.0126088334397354 0.124741760426908 0.00819640465171211
1.48875226016596e-09 5.5903258271921e-13 0.356383774556925
8.7997567934842e-10 3.0092931587045e-09 0.0390608389321919
6.96250791922046e-16 2.07963245643322e-15 0.00905597528732293
0.00287809913469863 0.187743909066262 0.0039437865318622
0.719001658358278 0.389942635592355 0.805072174900126
0.628845483549239 0.429243228879838 0.97552477285617
0.516118780218269 0.533513460761469 0.734743561669811
0.0179415366932823 0.0215230686066178 0.208808281044422
0.225173612531481 0.694751211269275 0.0445978527315987
0.659569702469938 0.384683162518913 0.842596847696855
0.247970218318665 0.483629589428812 0.362468725956541
0.414888593055595 0.110482900451837 0.78241952257913
0.851409935563522 0.239332093012186 0.436187109572624
0.388577522276938 0.641543904785686 0.455048525908365
0.00946159637523501 0.223050586901034 0.0167735663840622
0.853723560257932 0.901171296277672 0.732575254363035
0.0237302403940946 0.100879494025271 0.118833449322088
0.135058116943655 0.74981969192102 0.0857890645726364
0.316429514718393 0.115394315777876 0.972387678580019
0.0525614466204753 0.00934200025592477 0.743728232747703
0.0357181642556998 0.340371089115181 0.0476717968182481
0.826052434481809 0.913549681857288 0.843755364075243
2.23869460031546e-06 0.401682307765762 2.1887568984418e-08
3.98575258215249e-11 0.83972889230259 1.42046073626711e-17
0.0132585455327415 0.00173600170750857 0.543706733924257
1.85497622905667e-05 9.31422084038122e-05 0.0162492889772602
2.88377809044239e-22 0.000249866240980547 1.9874500441263e-23
0.000229692362738794 1.21517128166569e-13 0.112686893995198
6.47797861264899e-15 9.88479789400367e-13 1.46992554461043e-05
7.84073470522894e-27 4.0347241099999e-13 1.35950734976178e-17
0.408754759526814 0.442689424937855 0.694153646080895
0.00137669956070161 0.000811369440601159 0.801237009560333
0.609591252957775 0.570930050148755 0.819469793855772
0.696996654510605 0.375449545408707 0.0420510440911117
0.531713923384525 0.487061066200748 0.771396148218488
0.305634197826912 0.492668472015529 0.119209822470514
0.86796096917692 0.683105358949029 0.202032794893029
0.423200873681917 0.481368312657536 0.58277538778169
0.411739804988916 0.350953342291865 0.688792240141809
0.573137348392209 0.545937719956745 0.87940310080808
0.522378056510509 0.34039482644371 0.153915826867259
0.186798218064254 0.174460207822974 0.983283012706781
0.000191799556867717 8.10621671745386e-05 0.647011410719456
0.00310001625427336 0.00909689889748426 0.0438591628940217
0.00156076097497029 0.00125791455642331 0.920497268520772
0.00010404806901342 0.000142565986936567 0.41366056656051
3.0784825857073e-06 2.00909306864554e-06 0.847122467298626
2.37246510794819e-07 4.54418444615068e-07 0.243098301350861
0.736783351545128 0.97292672395102 0.0666792922643866
0.541209611114282 0.946580935751776 0.00016307872620854
0.829755147577043 0.422411357371142 2.50620095519982e-05
2.80635080552138e-10 1.80330244016882e-10 0.730301804062931
1.7683275270674e-16 1.87094935612089e-15 0.057275697648584
9.53281863618438e-20 5.08038798745113e-18 0.000625020437273973
1.96285856565476e-32 9.15579682363918e-33 0.230796989689606
7.04357166494425e-30 3.01784982871838e-30 0.246404426460776
4.39279210634926e-28 1.10510441172932e-29 0.69804622258414
0.332977085412165 0.547151997618482 0.238889103635652
0.98979293199473 0.528092304388668 0.108485964909714
0.0548034830613131 0.102146354498843 0.214936457569131
0.398183605901491 0.272707668395613 0.725624312246244
0.70562593683647 0.775535426433974 0.766150463616001
0.664819259389894 0.712832562695133 0.76793609443873
0.216987282017643 0.221386080587733 0.703661017575841
0.0370298660130759 0.0318641629028493 0.673060404220121
0.421586365017775 0.376577453156948 0.946257201919225
0.72417847403962 0.652710169762038 0.905820352552943
0.419054604020809 0.836756235764739 0.0215142642911407
0.611841201798897 0.899006692090713 0.146954024250394
0.024002529069841 0.0407864253198015 0.258211275545201
0.0144598627798318 0.0294385279046021 0.250300050563368
4.64143317092875e-05 0.000296092109516194 0.0230375332594337
0.030575116777722 0.00775675166846968 0.700309752750299
0.000164497471618605 6.16678420593558e-05 0.553266649625544
0.00234700155792781 0.000687413674245498 0.839619722105389
0.312565648680719 0.669330861132212 0.150637277148127
0.0257963131833473 0.839662081243979 1.04471689191152e-06
2.65168643328871e-08 0.0282670837159504 7.78979527207962e-21
3.83314363049315e-10 7.91598893966338e-14 0.49335035333964
2.18200966301731e-18 1.47584021640402e-12 8.82530324183327e-08
1.9964286482453e-28 6.41988109744057e-19 1.97174298252304e-15
3.28171125488491e-25 3.69631365109203e-34 0.515091032589256
2.73053722171354e-25 1.0085262106186e-26 0.0101684047354312
7.04701329992161e-32 1.73747376795268e-27 4.54588771330484e-08
0.904018901148248 0.607872211103534 0.174087946426232
0.977940708647715 0.60196177014466 0.338384228850936
0.28301225483462 0.381449615958216 0.528209555272503
0.389137143353331 0.251615666586673 0.720083426632095
0.703672227665227 0.916852875287975 0.296138304066165
0.18969128334785 0.0932040256302484 0.672989855805392
0.87718900799828 0.970412527091138 0.677025005109857
0.117688531888321 0.0531949400671669 0.74074700306418
0.00470874925599718 0.00700927968461105 0.33277553685091
0.523401358061509 0.922172241997172 0.0928532019591894
0.661422435697542 0.493431789789063 0.696658720622773
0.819067619508114 0.660978696682489 0.726249124276668
0.0720215325380636 0.0966806033228734 0.467010364354474
0.000673377415310463 0.00748753364584947 0.0183191956258256
0.00432228989505895 0.041887734351783 0.0195348789473253
0.003463753502272 1.17992908904112e-05 0.0217797126749544
5.67193973724151e-05 6.77129625246122e-06 0.983994470637648
3.94125005055475e-07 8.58556766187154e-07 0.111030506561214
0.512344895354368 0.237046404527905 0.382184316651564
0.000768055260894049 0.183977561689678 1.41296633032033e-06
2.38309321439803e-07 0.703605094667586 1.80351325348189e-27
2.25813925833785e-13 2.35140460017038e-16 0.996694040969589
5.18633974088893e-24 8.30187703502095e-24 0.0124402002040708
1.91702024361731e-45 6.35503411170329e-28 9.2242265376665e-26
1.0312058696373e-33 2.8364004403564e-44 0.472674794977565
1.03449689237118e-62 2.29832496501639e-61 1.53472379601413e-05
6.62290468992085e-60 1.03692709531542e-52 1.53617245754519e-10
0.07476668459448 0.870961562157734 0.0259324528473312
0.359643062309708 0.0344579361524989 0.588991391353416
0.393007500196795 0.847419118151285 0.186858104578319
0.761783071772797 0.571912032815229 0.933263841100267
0.599448671610245 0.241925805903302 0.0912933674662948
0.0285025587114936 0.480558389156444 0.0200859480188894
0.804983380301973 0.60977541412526 0.919263157211123
0.0129650048785867 0.100928055131388 0.0502449116128013
0.0974936938505566 0.156934033020251 0.322828477006991
0.633532841609646 0.578756570134109 0.8734870380022
0.325767583954762 0.779943064551891 0.285513309566573
6.64135927822521e-11 0.0327511872155945 4.22328754761936e-12
0.00801716376805588 0.026868317464212 0.106391043999679
0.000163711310629993 0.0539986637679548 0.000660215575269191
2.21402296650011e-06 0.935636855070478 3.46875497872305e-10
0.0157484460837294 7.76691133157127e-06 0.526333104047048
1.08940959057476e-06 1.45624227213894e-08 0.105326154842974
1.75338119161813e-07 0.00272087281416837 1.2936107498546e-05
0.0870940051551806 0.632583787173728 0.00853932209086663
9.89535101520005e-16 0.14243411815845 3.73535461385343e-21
5.32887235886167e-40 0.719539072064783 2.13556090245141e-74
2.17532516870707e-10 3.79028845286954e-19 0.401023313875438
1.06383860583246e-35 6.26453285939075e-17 1.5464362962708e-21
1.84885323980036e-75 5.35829564569166e-14 3.4712010106908e-74
2.89707123485262e-28 3.25831510641776e-68 0.948580631199938
9.91453175983242e-53 8.53223638205094e-45 1.39693394947597e-18
2.81084303453939e-102 4.49342720527502e-49 4.25760089981235e-59
0.421631249334871 0.288662088706597 0.222927244562346
0.0278465040395875 0.0407471013910115 0.265392440907472
0.726988137346732 0.850559446584697 0.420791594626123
0.970364084695936 0.828313918535712 0.224016952111799
0.0670952389249474 0.0814801771155426 0.514803202283381
0.320454990707147 0.297738475218833 0.890784840052942
0.248369715499229 0.234704255600031 0.993011288679861
0.819933681028497 0.823665948006619 0.959436408874462
0.0494352630811182 0.0738981212978481 0.218323151757429
0.984766080306168 0.91289988048722 0.635815604592224
0.011787917208585 0.0142134475881489 0.504371538709695
0.271967474499698 0.597198826551058 0.00376424399659655
9.02516081371916e-10 7.64762865578534e-11 0.202057438693257
2.61204444205644e-13 5.07727775575649e-13 0.187638546994132
3.70869589797293e-08 3.27560847225543e-07 0.00952820543611194
2.99039327438259e-18 2.02625504988095e-19 0.700369718295434
1.35781373775495e-19 4.48125144315127e-21 0.499987468077059
1.13184204574705e-22 6.02714505784922e-22 0.021454555141602
0.12185287363221 0.0801947582107816 0.48371384231233
0.686962874744176 0.720653194356065 4.49035760618112e-05
0.373462946422554 0.280203337462999 2.93380560213917e-23
1.09872457041869e-66 3.1454918945046e-70 0.854993517582051
1.09109134826549e-64 1.231990111973e-63 0.00394956307033397
3.40638974921984e-72 1.44646252537554e-61 1.87260098902098e-22
6.48820806825311e-155 1.45500301005466e-165 0.354493796500845
5.15141860346849e-130 9.34645900602143e-137 0.715021160057638
1.33319110061776e-132 1.97957764507724e-125 4.3295276043094e-10
0.732188007882296 0.49232814377034 0.536168525777651
0.754336914624941 0.355228235236273 0.208553553164336
0.925424646855554 0.970110336491806 0.885271304432437
0.0233511721449254 0.101204495734159 0.0431293345213853
0.887281208655887 0.680699361039542 0.602771842478368
0.00193643212191139 0.0163032727144553 0.021566066696361
0.00819138004525317 0.00333229355204099 0.907903953983021
0.334009977809208 0.16853886547347 0.564672276552871
0.0354223716126099 0.00686132047257485 0.523925138875263
0.9383677547803 0.86273876755747 0.592968207721063
0.783184998248769 0.440158138777482 0.0258235927226076
0.0186762119934175 0.570714966144827 3.90987503197815e-11
0.00265810485556693 0.000780697356675928 0.916469600112234
5.90772454438211e-09 1.28767246262497e-07 0.00739752999373838
8.28391827060527e-07 0.000495387915052084 1.01425271105838e-05
2.48765527660333e-14 8.00103786676592e-19 0.664173986775459
7.27937878321379e-15 1.08043148275851e-13 0.00434347719771509
3.89237675588182e-15 2.65540254999901e-13 0.000552806991356512
0.351341308871295 0.290069920837954 0.988810620490292
0.00192672715459738 0.169506834931305 1.58482488984383e-26
4.71088301265619e-20 0.209205727816072 6.63248846384799e-87
2.00206615867067e-45 3.99422938641618e-57 0.758919909218166
2.6460528098331e-79 1.07654113894854e-64 3.36816148268462e-21
3.45699312813774e-89 1.71455850805842e-54 2.81350309644453e-56
5.87700231081297e-104 3.85720363917445e-147 0.0917609869641494
8.48152013206822e-135 7.00205321911695e-138 2.18488636727262e-11
9.06887084084539e-161 2.62368374147044e-131 6.06445830081965e-44
0.029965149832275 0.0351352641885144 0.503370724516371
0.742745162940753 0.668533855338616 0.904563401160408
0.0798322474031711 0.0816161089349486 0.658533886118872
0.975405222302212 0.508988191044742 0.206859175355974
0.600233042212159 0.740544747002424 0.600678031531037
0.807930728734932 0.71513034169576 0.847899453199357
0.102534520478927 0.0643162455014672 0.970608005400561
0.642569130484556 0.83034657053783 0.5418919462704
0.460790511150353 0.175407215977115 0.284609807417702
0.493903879517472 0.387766031002179 0.844457520227419
0.966794970884407 0.6556716815915 0.300436276807792
4.85633036165504e-05 0.0314884712805906 1.41760924215069e-06
0.00859668689996833 0.00387829802564269 0.926422610086181
0.0278585930474152 0.04094053581842 0.403795540987557
0.00419869379155652 0.079757189871911 0.002544101448805
1.18683701792796e-09 1.25004380015858e-11 0.91742922237898
2.34252331756708e-11 9.02159125933486e-08 1.70559273021172e-05
1.66171550107747e-07 2.34832475360668e-05 0.000939709469142521
0.995351013155222 0.874213694456908 0.730474168903037
0.00150550403492768 0.746479213794609 3.04952440698506e-15
1.48055310732472e-05 0.228705417631855 1.85489921028678e-33
1.79580566186111e-19 4.19953218603044e-23 0.65662986058288
1.30190088236244e-42 4.52172241826209e-37 4.91759091503835e-08
3.28241027390042e-66 3.83920144420403e-38 1.05280179782081e-36
4.69473025594999e-92 5.40880644035322e-110 0.337559149601051
4.09059267518445e-93 6.64185583066728e-92 9.03977021410263e-08
3.25294321664603e-111 8.61073961990351e-94 1.3956972783759e-21
0.198367796262035 0.499350533712466 0.25433688669107
0.62794997840281 0.454350071140174 0.199042356820516
0.0451432113251048 0.128847516363497 0.169714533400439
0.261054171881683 0.386184678045258 0.450662623784239
0.737227175834384 0.528535063847946 0.920362900082638
0.0151297548116139 0.0108389393601078 0.295627797724975
0.235013882887083 0.0396113626931159 0.840242269655297
0.0532133955078827 0.0132321932539463 0.622198617610035
0.142724234157339 0.223157720560087 0.358280966280481
0.272726466326662 0.157752745711255 0.80316054961705
0.0102684034147245 0.785753439123883 0.00137476717365484
1.02440390491765e-09 0.0518115147320865 8.9709795784761e-11
0.0311521485209014 0.000382062370519737 0.846051577545156
2.66842001684959e-05 0.0325533152085501 0.000175069996396353
1.17850909465464e-12 0.0295445616095289 2.92753089540157e-14
0.00697652666516725 3.43585484282259e-08 0.266796133719401
5.98225953029003e-07 0.000247088051219235 0.00040225472680134
2.84230931034264e-19 2.68978664277245e-09 2.40338457046633e-12
0.882103673381666 0.16427407764525 0.166629210776449
1.95415511508511e-29 0.0484002654940827 7.932723564534e-41
3.77269854446004e-62 0.120762398922164 5.49929870156879e-122
1.19555764644489e-15 8.25909505811663e-32 0.57527362616129
3.68559289049123e-69 4.62513796161323e-38 1.07184866461144e-37
3.11025422838485e-173 3.3636104269341e-36 3.69633002937179e-159
1.77030831455171e-42 3.31757890963354e-108 0.412259469424616
1.06387070970959e-103 3.18408726175156e-86 2.8767373538826e-33
4.18310777187738e-189 1.51072341363471e-81 6.70728037546087e-119
0.704464710398967 0.636347482414734 0.692222526648808
0.14494484439233 0.12095452452766 0.794318940995256
0.257387463593009 0.368736547222305 0.182793696997097
0.0155705026529562 0.0134474665178313 0.965752560367133
0.961017270881622 0.859891396111975 0.506312682521306
0.00147452651654103 0.00162086041496598 0.601058771648838
9.75989477922274e-05 8.74028980703442e-05 0.727813252800728
0.0461314124117683 0.031993016148796 0.645658242244833
0.0265632341899782 0.0213953150898128 0.882273730636213
0.927701781170867 0.838798789896588 0.578924788089322
0.303361392229631 0.311637538267369 0.838458074851589
0.869469668263805 0.507089243286964 6.66023294644194e-05
4.87881791265021e-07 2.68165696244451e-07 0.93408874381839
2.10586838215295e-09 2.37898722013965e-09 0.37562458440421
2.44373524610318e-12 2.40140222708622e-10 8.67165163082326e-05
2.11253671702514e-33 1.43726675483489e-33 0.194645983111547
4.67209202919833e-34 3.04924346837701e-33 0.0208851629852085
6.36128998097345e-40 3.67820625307194e-38 0.00105116309187389
0.591931582718646 0.784264587059757 0.170504715294235
0.00905667248135725 0.206645047112761 8.65617470859491e-14
0.0011548370949393 0.503767324509294 2.89425587482811e-40
2.38356760765089e-108 1.66101676942465e-113 0.850419030784276
2.11699712405739e-122 1.46553474386461e-118 1.83383523214319e-07
1.45327120741147e-146 4.58455845078938e-136 1.74315939162657e-18
1.1183092601548e-271 1.22295742503643e-278 0.0132262674516631
9.41862775166616e-316 1.32468880962955e-319 5.47834765343266e-05
7.61477976243897e-280 1.54014461022868e-268 2.47244636455338e-18
0.384970279957832 0.359138179122269 0.889317124870273
0.92196118796996 0.830438750847705 0.493373936119017
0.830171696899549 0.490000606808982 0.347309976152526
0.586870926200942 0.358995620518469 0.520868127478783
0.0231793983459488 0.00300423530228148 0.418528299083057
0.0419466998064896 0.0439524182257798 0.528853995880193
0.00272965683922178 0.00143632439922515 0.668302311781887
0.0903699927343187 0.176020722483944 0.241779612262643
9.04414866029014e-05 0.0108265206952025 6.34562776509133e-05
0.272322334882073 0.189112759966373 0.881108962470141
0.0580210937829156 0.533943318803678 0.00187609444168513
7.47838901752342e-05 0.335002902254816 2.66518779553463e-13
5.13526678066437e-10 6.36158504844856e-13 0.743117124360044
6.39665449987257e-09 6.96656968093096e-09 0.111909149120995
1.46966270849305e-21 6.21419022550153e-12 3.8301214466904e-16
1.71932884407113e-23 2.09599768398225e-31 0.459687125383123
2.44039873123529e-30 1.14061833939214e-32 0.0346253890790181
8.01360949062772e-37 1.6927650979239e-30 2.78621125661324e-09
0.255530721355083 0.239109321306713 0.806201268230073
8.36417496791732e-11 0.758228446214053 1.23999317359494e-48
1.89244902605718e-33 0.123410266195727 2.06389625609497e-139
6.79844284173771e-101 3.73693103747775e-125 0.373397563311722
1.12961078681215e-143 1.55654121063019e-124 2.07162076644735e-30
1.71011216085286e-180 1.52270509000805e-107 5.41960528199348e-122
2.1283854414996e-218 1.72361223497312e-286 0.823429958876259
1.93308600514872e-270 1.24768701113145e-280 7.09038795018519e-20
1.43428185652558e-279 8.85153732822398e-229 1.07292184712813e-70
