TOT AFR EUR
0.397604417038655 0.69264546848548 0.29581137412442
0.739006664216044 0.860975397861089 0.701925351535097
0.191630963547236 0.0165370126310273 0.0839292742040356
0.404870926166508 0.503628388302252 0.589912869488002
0.0975547621843568 0.212071090655247 0.189616880526541
0.329655322825539 0.595869041173994 0.248434715513449
0.4208553350197 0.175657019818725 0.378170356510581
0.165726092145905 0.182022898191667 0.676973195344403
0.0287833904130734 0.421135972734018 0.00116354354024665
0.884736874102431 0.450641736400024 0.249649257133395
0.299603671292188 0.799576533565129 0.063220024397959
0.557702776675928 0.113239353886701 0.0688682613139657
0.560539520035963 0.248047314769053 0.308776787412703
0.0801597679431776 0.0399902844789772 0.90779344187758
0.13163231712203 0.0870184818175407 0.970485198484672
0.0459201233518145 0.172634351832629 0.0575625533606904
0.000841254299739005 0.00214140598678522 0.173624585498955
0.0911187897880145 0.0709008020644089 0.846003580216632
0.846968390979864 0.356154716921833 0.119701442197128
0.431677579865903 0.955583173230176 0.0530022542722981
0.82005212491854 0.164784470016529 0.00171353107584377
0.000149622658217598 1.29047840184257e-05 0.827198903483225
5.0004413118823e-05 0.000278083448968243 0.0688699220793677
6.27563424506418e-05 0.00152307850842356 0.00676760600465441
5.75837349317243e-10 3.19957142335387e-12 0.878744246853956
1.25276265320572e-11 5.76281248483673e-11 0.0201450607500285
1.47111479710153e-15 2.94457793286867e-13 0.000224864933312216
0.509228577826274 0.756574491323864 0.534982594867356
0.696520738623275 0.604583655897829 0.95765145098213
0.887450979522509 0.315191498946946 0.505967645292434
0.986372596382076 0.483113507464212 0.580550756947699
0.803095261489478 0.32410944130092 0.606861892588746
0.280501603527646 0.16289000398316 0.729848505268889
0.66969586811564 0.933007854310395 0.51152344558706
0.429591015047015 0.721908992848426 0.456321036704621
0.704725346508111 0.205364405399953 0.566273822980066
0.956442033307012 0.501279094345534 0.543510689936591
0.185580340938838 0.183534800775027 0.492551880112973
0.298659043960187 0.633652891381671 0.310335855671409
0.981498209574606 0.18503208241115 0.261887098846321
0.313054625173075 0.057375267831492 0.67568515463917
1.82112049122216e-05 0.0114312760633552 0.000448282588487097
0.129520695577244 0.015875131837666 0.950997908064837
1.4270375582764e-05 6.49964666576365e-06 0.0621445725844056
0.0133599963167975 0.0919505075523291 0.0583438852803257
0.817110141346781 0.565265834466789 0.433780022183147
0.0012869630476154 0.607896300061485 9.83938017785849e-05
2.72265511439889e-06 0.379014471129853 4.62911405503692e-12
0.509796045045361 0.0282446759374362 0.324180153926237
5.63874272539571e-12 1.14339325105513e-07 2.64161214710907e-06
2.33318059658817e-19 5.16851927796462e-06 3.45132578073685e-16
0.0138966750260397 1.83513572697732e-08 0.175472855697942
9.69743816457393e-09 2.55859628692928e-06 0.000319207507272774
2.47075602398833e-19 4.40575600145404e-10 5.43079698247876e-12
0.606549788967152 0.575996540417482 0.871801586553024
0.466525295702232 0.423772106020771 0.802704878926192
0.0809585422693834 0.0735281728733958 0.982638235010273
0.534524765699451 0.505275601006336 0.877092222123714
0.888115093404273 0.940819434951688 0.738261332073286
0.614248174570027 0.976749118022766 0.0194526389631674
0.222777565475513 0.272128334358052 0.529054948204044
0.674064168090893 0.654176674789295 0.940361890591655
0.463836611111396 0.408749569255956 0.678990567997842
0.270359184549152 0.185884774474927 0.272582146401274
0.227465702941185 0.238536163312939 0.734946566686302
0.524448000109875 0.640530644422662 0.375298248173714
0.0298892409821423 0.0438996396560783 0.165553760324064
0.000930730691832043 0.00116597326953229 0.44582164318235
0.00286647292895344 0.00591220831547292 0.0465489369058006
0.00080637288968861 0.000246427322861688 0.340268098798298
2.15128589199598e-05 2.41618065154871e-05 0.633600651016121
0.000278196239240594 0.000230579882879005 0.848467390882628
0.176505384484867 0.263727744210821 0.252157442063644
0.918347400059239 0.405936010349692 0.00328783281289044
0.00457865158843561 0.0743150544408493 1.62124610491035e-10
3.9051322566271e-07 5.29710357634636e-07 0.360755238543533
1.81750233204454e-13 9.63500224052391e-12 1.68538846725292e-05
1.21087142368809e-20 1.12315038398192e-19 0.0345952717771418
8.17597200986398e-25 4.88311933241257e-27 0.251722044961893
2.2011278583029e-36 1.95552045768972e-38 0.942137708982956
1.4699389114353e-34 3.03413341566734e-34 0.0366961836792403
0.581939830806766 0.300612603630359 0.396297074039847
0.0768105647176012 0.22886303708984 0.097545819140221
0.0295954629141412 0.268817437582477 0.00240416002657861
0.0900080372839677 0.115227864585068 0.52264438663519
0.50159758149209 0.815382197696655 0.28012090952386
0.726025743671229 0.0797929327089631 0.00633977621644898
0.489501244934301 0.221838350636228 0.437864204482439
0.503187628231562 0.509744037517369 0.828390018187168
0.16147860313058 0.101104891894363 0.887494653882935
0.776640455531673 0.428738881512901 0.345917533978728
0.572252178613925 0.937072794982522 0.243596144621027
0.198527024041158 0.284403950778678 0.430652590318589
0.0030552943807666 0.000966175775734856 0.965861149765025
0.0175421212290919 0.0484205410466945 0.148235835724536
2.69032514538569e-06 0.000186418067169809 0.00192427931196922
0.000325790549047088 6.3421810803743e-06 0.336124221493676
1.5209379440235e-05 3.43529041390745e-05 0.123049788527663
0.000130417707958724 0.000320730468690762 0.0957429101777236
0.314068424692823 0.380410544167656 0.591672505412862
0.206023713801704 0.795907162161917 0.000390261000431773
0.00328339683243225 0.773364024860915 1.03825601449076e-14
2.77410653897652e-10 9.37555808198957e-12 0.415931428887947
2.86356265853133e-17 8.67902008829214e-15 0.000134265566089637
1.56765824749684e-19 5.98560091420954e-14 1.79359921000873e-09
7.83633241531262e-33 4.03108353756132e-38 0.0558351122911541
4.9991474538157e-28 4.64028037816899e-28 0.00111013526526795
3.83611184461154e-29 1.43381544046921e-24 7.72264150613703e-08
0.396002094048809 0.232074045490803 0.612622410964665
0.855574478332499 0.971314506822524 0.625939897498648
0.14085067949463 0.174148219975782 0.550554277766685
0.40024455763604 0.229773240926976 0.628992871173259
0.672074272345036 0.365454953082199 0.428491289392786
0.580666709217556 0.801282030201675 0.0807913858325249
0.785775555865772 0.854365185712701 0.799775682227905
0.602617006307154 0.608385280835832 0.883534489273501
0.295706136096916 0.400072664466968 0.501714287175106
0.236694138391956 0.376785048839341 0.375164285928206
0.380834355651981 0.427082028424838 0.709361461467112
0.0888296404290798 0.574061297493516 0.00704392752802999
0.21969698349437 0.212421867846205 0.783661123618078
0.580171322564093 0.749211306118755 0.542738229825454
0.00103568189403893 0.00734128028936208 0.0375284658144882
6.45402110846545e-06 8.2919344365909e-08 0.529472121973983
1.75573178509046e-06 3.24201717559067e-06 0.145170206778921
5.11228721307609e-10 7.75320608398103e-09 0.0155238737568525
0.244487840838002 0.0815008581718905 0.356391279408805
0.128376783638355 0.650834225982191 7.34645073603546e-06
6.01337918177005e-06 0.240490039427012 2.28246125863925e-15
2.67364538390066e-15 2.53672413352177e-20 0.436508188177411
6.22231059181739e-22 8.8854994445037e-17 5.66703784592029e-07
3.20870128615561e-40 2.42972717006952e-22 2.78444891251547e-25
2.78562045773662e-60 1.79488262336612e-77 0.800269817906173
8.53190741389052e-62 1.05134288411113e-67 0.0119487125174614
3.51666096643925e-65 1.26917402672238e-50 3.22354919717366e-18
0.775848107590979 0.560776012904486 0.909035134708041
0.0330789619742688 0.117039462651773 0.137157429449339
0.801028810959214 0.0963683604671806 0.0778627426092746
0.0459243600218512 0.34499946941575 0.060840812228583
0.740413552789597 0.625182523577329 0.982042106773966
0.0540318668287705 0.109358716459945 0.235797873799971
0.0716214179234152 0.0395228418155887 0.521206439876668
0.712722985685362 0.898907816228823 0.550652290715864
0.851594864601037 0.36637765164039 0.311391326162029
0.604416308750304 0.4611696301319 0.186147743264472
0.0314801210868471 0.517113521001058 0.0207417600668952
2.32841035649095e-06 0.355097669538568 2.24066242902622e-08
0.00911597179330632 0.00135066982040996 0.466279290583379
0.0247405562992167 0.849204502503874 0.0048884042797531
1.45933676031386e-06 0.0587865847662179 1.48414757757866e-06
0.0841385326700635 0.0227522830486304 0.718342452748276
0.000641300872654735 0.000502597996927857 0.117679755612312
7.74819703043509e-09 3.63335391167306e-05 2.19707483408503e-05
0.479195242550318 0.445460421047667 0.774803035961134
9.41485570119813e-15 0.895002250436189 1.30194450344942e-26
4.38303680295927e-37 0.674669689617471 4.99784714706764e-63
1.45886232111528e-07 1.13267332844055e-14 0.678001588090333
6.68318732448225e-43 8.12389196868263e-21 3.89542290344532e-26
8.79157685112156e-78 5.02814984804918e-15 2.6979535458643e-77
6.17399868869203e-23 3.42397943464452e-51 0.794804767749366
2.89476617552581e-62 7.44666952311635e-52 2.2615191578116e-21
1.21196919214092e-89 4.55539439670952e-42 4.05866293935393e-53
0.0973922230089088 0.0682955511152889 0.54273944239276
0.451204312068285 0.50728307634866 0.608714640397195
0.664421228449284 0.600345029665834 0.686731365179468
0.310050232468498 0.453646311340866 0.158965961653466
0.141850663496315 0.227210323077333 0.148942316420775
0.999391375477335 0.881255702568551 0.476871114273995
0.559595533241137 0.300456348806606 0.0304796306594296
0.00345614160205578 0.00398446361395252 0.56211233391398
0.0176586299917443 0.0301079535230709 0.219134390302217
0.897218163275342 0.795294994610064 0.535948616405755
0.532892493393171 0.374803035454465 0.299826087275551
0.193801343338016 0.351766853498427 0.0569858005336955
0.0107694300980925 0.0131618596688992 0.504580246778563
1.69774347789995e-06 2.29582343126983e-06 0.331786393940412
7.03642655875897e-09 1.43090386727715e-08 0.205867416483034
6.39170871578893e-16 1.58637980770377e-16 0.878984442411958
7.66787601095921e-21 1.00575856118722e-20 0.21553830131019
1.76035095430421e-19 3.08177899425497e-18 0.00318451902497654
0.0610694924956482 0.0388956284134683 0.521457242739831
0.625211023087157 0.678874745549244 2.28529255614968e-06
0.599030686061829 0.0124311160073208 2.49929479716877e-19
5.77100826478248e-68 1.4169564894635e-71 0.897800147664467
1.39196342354796e-77 6.11494586286789e-78 0.0462796864674685
3.78208816520208e-81 1.25390908859398e-73 2.84307027249139e-13
1.87965747883021e-149 2.13829138576571e-157 0.961470126489056
2.88172401334992e-121 6.33794678594122e-121 0.000649414535283695
3.85085833253552e-146 8.04638923128432e-144 2.00040766191315e-05
0.000648981416707914 0.0080233874643124 0.00943162259232934
0.656273069935709 0.781858560209298 0.104205153334591
0.559424777185857 0.243405242566999 0.297677533098285
0.425429603753661 0.366377241802489 0.985325778492358
0.0178857014863009 0.048733641798512 0.146233660713821
0.958436969099041 0.698521065510035 0.4813913183441
0.0158476893068309 0.0100693540678227 0.74858875766202
0.135139118973311 0.16955822840425 0.503827252361041
0.459674684000813 0.448642158306008 0.864286662996497
0.482658986341476 0.379003229812076 0.862238104175837
0.407456921490579 0.95976280461334 0.0327955195577918
0.0398690773147603 0.966428800567497 6.6214065923513e-07
0.000492476197792342 2.75410808738001e-05 0.618492883523521
8.32650316549053e-09 2.38941095859586e-07 0.0026876483340598
2.75187805009317e-10 5.38067745572014e-07 4.18769214952547e-06
3.18365199917736e-14 5.23094785381816e-20 0.203101640628454
8.38379496394536e-19 4.32148441416378e-19 0.0151082662875913
3.44127537578747e-27 2.26114254125684e-25 0.000130914718692663
0.553368581043608 0.783087985631995 0.403499996515273
0.000165185594234946 0.29898259424138 1.03290175134121e-28
1.04763238322258e-11 0.72386931518302 5.33927200320528e-62
1.28665162460156e-56 3.80581408767042e-71 0.722016587902717
2.15890724538292e-78 8.29142838049019e-63 7.22953698379154e-23
1.36498492483422e-86 1.37990513593941e-50 1.66987736124855e-55
4.06801245654225e-105 1.69978547561631e-140 0.683056211810411
7.63710706270606e-132 8.10457365318493e-135 4.50252045019459e-11
2.76716325217109e-138 1.51091058184033e-118 9.02200554322208e-31
0.325484264681212 0.155540821942055 0.511108933568561
0.967050673440795 0.999682424477605 0.925502226505778
0.321208069907323 0.377295929275332 0.636091577220706
0.329714325481683 0.493660604725369 0.399603682995025
0.838870467191899 0.829096540326378 0.98089834990455
0.941178732887632 0.587903544344573 0.215486013306638
0.949404358615401 0.858726224745936 0.610225328068266
0.227230140237231 0.5021589541159 0.166554275156265
0.00737601919366816 0.0200097915996564 0.176826709488006
0.647793850609837 0.572169269902321 0.9124848640988
0.868898622911557 0.847638551751354 0.989168540062445
0.00994044578081531 0.34186763664004 9.44590193290333e-05
0.0996185165408719 0.0135931786644484 0.213743178013551
0.00402972041524008 0.084951189905146 0.00240107234497026
7.99980081142212e-06 0.00279426422512889 4.21260563437814e-05
1.29528873095781e-05 9.84754420421075e-08 0.361071087107357
9.51479270529619e-10 3.79820201313774e-08 0.00372389008252194
1.01652868040392e-15 5.96458203012439e-11 1.03540846701563e-06
0.947822251457814 0.73397163586381 0.591707038785311
0.000121880555922122 0.483034968312409 3.61180500898807e-13
1.66134065365096e-07 0.723618060435753 1.34016005936835e-36
2.12350104495936e-34 3.48999196105182e-38 0.099018204994793
1.16482329882686e-32 4.11215842648719e-25 7.04779566491243e-10
2.21934275545238e-51 2.21806874652453e-30 3.2503759568186e-29
8.06203853828783e-93 6.56925498584863e-113 0.553803680742868
1.80961233007455e-127 8.37496726307484e-132 1.68834080033524e-07
3.45719433473857e-111 9.9043105850213e-90 7.03794069832997e-28
0.52211447822402 0.774185087157749 0.545308802551136
0.925821455549052 0.3925355992072 0.550293412953964
0.646018672430708 0.752980831013587 0.379512886231419
0.284100762771607 0.264554650839376 0.63469686987712
0.878335174703914 0.261022655709923 0.246444247434777
0.078590772350877 0.060351089304463 0.482926435459044
0.0503940981122514 0.00487691397134896 0.843170912989472
0.367540779522842 0.286442965166795 0.772416394609433
0.164759057730591 0.57353114903352 0.168678925653856
0.441059594533024 0.486168081948281 0.672210538050228
0.00099256709291122 0.332568941539449 0.000374447058668759
1.04727933346082e-09 0.972502843021458 1.06257112976668e-15
0.255691556155094 0.0170236676981128 0.589508151894522
2.48467743125542e-05 0.000329420634665108 0.0111854098338992
5.32473945942593e-14 0.0359564073136831 1.88539129423691e-16
2.53270955070167e-06 1.88488025948716e-07 0.0645880761094326
1.08181363509809e-14 2.1091068726706e-10 9.68257929536138e-07
1.2641155686727e-12 3.20754604891991e-08 1.98817156059743e-06
0.211132871647186 0.568297190461471 0.240669882570958
1.01311899862464e-22 0.138299372059515 5.84420691168316e-47
1.54028391335701e-77 0.325567378499665 5.05479870726602e-128
3.17423004357084e-17 2.15756320305268e-44 0.593317729044775
2.25340390036857e-70 2.23532160102728e-32 2.37396263589577e-41
9.45830922258316e-132 1.86567196247912e-27 7.13484917931353e-127
4.37738275912989e-39 1.17012691881809e-89 0.518755679826804
7.95481710160885e-124 3.79662815161057e-113 8.07191165021586e-35
1.43277486445755e-195 4.33269078191735e-88 2.00572769206212e-119
0.62313427612978 0.507935764184454 0.451276512667782
0.241604763391133 0.353740421400773 0.199475498323621
0.687929564460534 0.591011985716139 0.500693794216593
0.160358087534266 0.168402329808304 0.760065865865961
0.852147030634384 0.873063116823971 0.0965165270519193
0.0183822421793896 0.0325231237474206 0.168974825026584
0.517458252929077 0.49895862598623 0.955985026930914
0.337211570016003 0.355533779245305 0.776121347190993
0.0279935475956588 0.0229458245976131 0.93181604640142
0.570367003804982 0.70507270912246 0.352033669969239
0.701073056852555 0.998092203572784 0.0468436992284485
0.871140020088983 0.35593838859766 1.29309025308821e-07
2.67408203285559e-11 5.73987307633592e-12 0.793241693374851
3.76099024709121e-12 9.50562210907767e-11 0.00268315552047394
8.71120321276692e-09 2.7088698857008e-07 7.12139466111171e-05
3.92464725157172e-21 1.948627592158e-23 0.144839200893876
5.96279328231632e-34 1.86559272948051e-34 0.305494973498172
3.99023955360387e-35 1.25997469812397e-33 0.00200953716917546
0.47903306875221 0.350230441735507 0.323852257938121
0.760018647197838 0.35915235548174 2.82610054326725e-09
0.000946381938753588 0.610934793178132 8.74917183128567e-42
2.13658732931931e-119 1.28571482003781e-125 0.916995851393259
7.09098611565389e-135 1.81568090703313e-131 3.84324190888601e-07
2.82857341423073e-117 3.77838330037958e-101 4.3775998588109e-27
1.06537979140287e-268 2.81128593153633e-284 0.808401752284985
2.18068955692459e-283 1.40004620032719e-283 1.1385054457136e-06
1.78780654162879e-260 1.18360693192499e-251 1.60175076933137e-16
0.798799144358102 0.955489440503598 0.4773754037019
0.440811507242734 0.494928503165128 0.688744469395564
0.330038264412791 0.568750331331914 0.260497077531974
0.0101752305218595 0.0120343611854461 0.398070624442042
0.0382214489769413 0.0929753737145884 0.157279422197165
0.0584685765021864 0.169739095463888 0.108074602580236
0.0114317875799106 0.012290620651793 0.454295502706048
0.00200853937637908 0.000396688094660503 0.935167680320643
0.00123127233104638 0.00268530509387039 0.174852490864076
0.727553906480813 0.965417936459374 0.353669204485658
0.60045285338207 0.779487123063832 0.0788666183113332
0.000192665263346283 0.525045876681464 1.64499846318862e-13
2.3564392102435e-12 2.96654660695826e-12 0.0450818610437051
3.35455491867382e-18 5.70131405325939e-14 6.03322175674196e-07
4.96962851951369e-13 1.86637163308945e-05 4.28394133552798e-16
2.97626582334727e-25 5.72404643743841e-28 0.0786012547401966
4.21278010270042e-31 3.41979607211576e-29 5.51639724920434e-05
5.13274689906448e-37 4.57764676157101e-29 2.85149024370773e-11
0.345001568475353 0.594781564660765 0.262188387056591
7.37555066196182e-07 0.286348054455935 2.28108391683223e-46
2.89958812742603e-31 0.221725912502222 6.96087772660708e-131
7.82034499675318e-97 2.2772711211587e-122 0.743529987806064
6.63363597840136e-150 6.6788741990799e-122 3.85473156733081e-37
9.51347669281646e-170 2.48833963030899e-101 5.55624069180645e-108
1.33636053583292e-234 7.90771802817562e-293 0.114368932485262
8.06689761535283e-270 3.60006217731187e-278 3.43140160162693e-21
4.45610754006593e-303 2.22938303456425e-253 9.5519413811568e-74
