TOT AFR EUR
0.130388559193826 0.329150684259852 0.161576266857843
0.533011024074194 0.52438124874826 0.908306541567137
0.927654133532136 0.926398530002474 0.983466531399727
0.224104100035476 0.196314236664851 0.859754627714477
0.297883589910975 0.271652447230753 0.883181271706907
0.59135251590646 0.734929995010468 0.601967668589198
0.952874300361551 0.66730267583876 0.470336237188055
0.548276554884641 0.502511967487056 0.992205526478463
0.227847862326161 0.390609954479747 0.334610348227911
0.660558580320356 0.367544175630101 0.37264754790347
0.575468796021164 0.273802287109379 0.370348743968555
0.134426459115877 0.31094629545368 0.12337377021494
0.770747521023906 0.641095957890908 0.776242077284005
0.219090339935838 0.190140664547009 0.919844180231836
0.0105070919409854 0.00586716107566776 0.772037884968843
0.0146785962960669 0.00195947994730662 0.429253725907133
0.12173189218709 0.473362553611084 0.00474308639760916
0.130542700682278 0.140576904277249 0.665215510242224
0.368863995357323 0.427135344052128 0.656852572641359
0.152566130917141 0.902404451911369 0.000315586724523032
0.0208761083463899 0.985523095393438 3.37294915603532e-08
2.19113443811716e-05 9.1874392033668e-06 0.489773713666105
6.87870328614214e-06 1.61297005604847e-06 0.552416149453166
6.05949528586931e-07 0.00186983031082104 6.80517884126404e-06
0.00105115825306534 2.96220225670523e-05 0.263474352840467
5.80295671890371e-19 4.32880918280508e-18 0.00377815684513668
1.37643956725919e-11 2.72503558787594e-09 0.00192590716313473
0.804544837054786 0.561120295016499 0.859584804956307
0.631333950814346 0.92251973360127 0.576536532134663
0.519041658995016 0.714668923824117 0.602903759820664
0.0786135006983614 0.248656711867934 0.153264597105386
0.434568419835382 0.816401901447381 0.406795207673262
0.710116418512043 0.134399682381385 0.448203665565848
0.842501845137163 0.304916174952213 0.570568381416776
0.277024888015509 0.939762237674076 0.10763503399775
0.0639027384293492 0.154256522154209 0.241752985041939
0.431397828249735 0.706468566784632 0.470810187068153
0.0273116966494639 0.0496265472001687 0.191499304485172
0.161420907285586 0.953938335987788 0.0489297467447274
0.564657572426404 0.157374563001313 0.646877498762432
0.357486380253723 0.447623225242538 0.0529971109160104
0.0980532559944874 0.243533456244221 0.232557929320459
0.0259495535553033 0.00339884298903226 0.702932039706315
0.000287400174747859 0.000198241767110637 0.120270528158664
1.02983272340381e-05 6.98380515003342e-05 0.0154020703685472
0.174147367698554 0.212199571738682 0.454227486569665
0.000171282533044698 0.855507751173101 2.2063364130993e-06
5.90452764762607e-09 0.945367574165893 6.3394784865537e-16
0.203785943931431 0.000150128204485782 0.0959215910362699
1.13836315753548e-07 0.000457423426380206 2.99733059152656e-05
4.58915380272834e-16 6.11659361782077e-05 1.04409330417209e-14
1.1164642716504e-11 2.41307240595337e-21 0.29231007678656
1.3021789028306e-10 1.12703218765368e-08 4.06649798165963e-05
1.38878487810821e-25 4.56914843165982e-10 2.65573629995571e-18
0.588574707402259 0.45348171035176 0.286940945924082
0.618383188676292 0.917664334884156 0.0982385798401619
0.965277177556614 0.935017988041101 0.838204242304242
0.744182297729917 0.522357049097294 0.249004971712638
0.729785484657762 0.846817975814736 0.443776236494803
0.759969161368926 0.555630190759195 0.162538661040229
0.472069212960425 0.427890650921664 0.823463527570175
0.865310178695267 0.827123926254444 0.851299935022163
0.401176308227712 0.477127944984319 0.426954773039537
0.524187960195013 0.475928388077389 0.705936713787223
0.770429980039314 0.787763026463742 0.866470060421797
0.928806986523933 0.833631677196725 0.56787120653199
0.329286903387954 0.210266803736586 0.20822160958418
0.000751532986308437 0.00191294245240312 0.0701045339878854
2.97061431712869e-05 4.55032395095561e-05 0.343540507335024
7.23502099883738e-05 2.08577073787757e-05 0.318279840837619
6.4798959621497e-06 1.81447382541824e-05 0.123087858875223
0.00574586963017573 0.00421651788563799 0.885411218212773
0.463510206182645 0.772936964112897 0.0483841053190917
0.871933772813223 0.547343703761003 0.0592363799844437
0.446496623368407 0.220552709051119 0.0235228470091
2.55204823827684e-13 4.71285814476919e-14 0.849716947371221
2.03701242617248e-15 3.06174325754806e-15 0.24371520851048
1.31944542190188e-10 4.12698439312074e-10 0.0897740422025725
9.10201178101041e-31 1.04809121028252e-32 0.684058567034396
6.21566811320485e-23 1.81512044846757e-23 0.583132018652477
6.48773612979121e-35 6.86779871691131e-34 0.0180964606128709
0.973578001240858 0.946575744193934 0.947928187008135
0.142842670103191 0.354962852310555 0.124985314043192
0.544112382992834 0.494546026438165 0.987012983582462
0.499786482807085 0.823758102011179 0.261345130358492
0.240122874348634 0.160145606047492 0.875330819329109
0.0403273484692908 0.883841087426237 4.96943784089497e-06
0.337915660336293 0.162488746132627 0.527548828611663
0.877972669156397 0.442650810159556 0.259324112497016
0.537178011155661 0.797619039825688 0.35189637455893
0.262454518665865 0.169182300370077 0.834437716128462
0.232940175044817 0.423718297570605 0.230312276356055
0.279227932563582 0.32263017178711 3.30950830571704e-05
0.0145956941831193 0.00913781451938258 0.704457712898033
0.000259516949950184 0.000116807655513683 0.510782603625811
0.528679139186123 0.735892819258609 0.425580631214568
0.00802600738663735 0.00133134564975783 0.636947287233797
0.000174205562525743 7.46442951099781e-05 0.541560058245795
0.00160870430135279 0.00255306709747228 0.21494464757619
0.406753601787101 0.57442821701827 0.46151710099614
6.62864020710575e-05 0.111408556524996 1.07178829590684e-08
2.35973581698201e-05 0.474674381181223 6.67252782335769e-18
2.50267391564633e-08 5.32243486075793e-12 0.265180189659421
3.79125522114152e-14 1.49789658555283e-12 0.00254355569823544
2.60160393014472e-18 2.3913379648964e-12 6.54097303556181e-10
8.3490772353173e-16 1.05913491443325e-22 0.201259925652654
1.96609080301552e-36 1.00974431188696e-36 8.2483065532302e-05
4.66753787580215e-37 1.38705221527838e-32 2.07299864456451e-08
0.69534750726062 0.763543257688169 0.144884576897894
0.197384892959309 0.15124278562159 0.997330139690662
0.853690606132985 0.543032437656693 0.433241572500685
0.0225462685468853 0.0959051765292637 0.0726034440335201
0.369785669917707 0.416611760296682 0.685574953036784
0.175976315444742 0.081800650452313 0.654521411606451
0.649680146900759 0.329080374964722 0.3558711489507
0.851593107366443 0.543994485515385 0.0976214073101018
0.0131677149829905 0.0190341172647002 0.372477384968917
0.00630210555813031 0.0342373613815377 0.0427917138932136
0.887869648030998 0.419252686181691 0.169232692852792
0.986926091694138 0.183166460369679 0.00724563861252799
0.822657374666675 0.379622861134252 0.20498100044797
0.0699042443075236 0.178563055442651 0.159408829125538
0.751927378601913 0.568573028041247 0.0500859407671951
9.55606459261768e-07 1.97018186791109e-07 0.558456300461706
0.00430658034877979 0.0923772500260641 0.00415615134363617
2.89231320856434e-08 4.6360326727736e-06 0.000484717775761871
0.243911045905823 0.318085802240202 0.540724181672441
0.00291605029629715 0.217522732501393 2.66523605661515e-05
7.14327822345438e-06 0.373881907883138 1.61262043218595e-16
2.725467022728e-17 2.40205234299074e-19 0.316850950128797
4.20863498654952e-20 5.56221385808897e-19 0.00446186465739544
1.06864645520432e-34 2.04873842978242e-18 2.88158175666584e-25
6.79291443082226e-43 7.76706419809727e-58 0.294328468553874
5.22025876179317e-51 3.32776523309039e-46 9.92456178250556e-08
1.35355719907699e-62 2.99329667863074e-51 8.24421094176875e-14
0.175685696110357 0.299814201572231 0.361238961772026
0.746786146589627 0.715463632905495 0.460684492676613
0.00425691755198629 0.027065165765492 0.0473772961067067
0.0542989183063711 0.182551324259335 0.152550096699459
0.298768515915017 0.985889788643911 0.159684980385554
0.645186331839231 0.951796172305841 0.507555022352962
0.680627131162736 0.519682298635438 0.99939271470317
0.308106813206924 0.192133683976167 0.801418628877668
0.0104938707672488 0.00153076575262429 0.463802048174911
0.99719855471846 0.649314867778513 0.697821569974578
0.0834751078343238 0.300099713968836 0.00137850528469906
0.000186019870590091 0.426470015352897 1.75099775779357e-08
0.029625175477199 0.000577083850954225 0.978984681350195
0.00349294490907847 0.0025756532527686 0.192439649155642
3.9608785386579e-07 0.0755179813118436 2.481748042988e-07
1.48758672216416e-05 8.93260860432473e-11 0.652554242184209
1.80491116174329e-07 9.39965510238789e-06 0.00182728233573741
8.31334020943705e-12 9.859742006031e-08 6.22597016336739e-06
0.907761505352087 0.718951134544544 0.880359274147418
4.89872119957324e-13 0.680745564434349 5.26052737171999e-24
5.67768381786115e-36 0.221974770921154 1.51877924533259e-72
5.89957480331697e-09 1.49425299107047e-22 0.6332948252271
1.85644734915893e-28 1.39994916192453e-12 3.11649020703149e-18
6.89448952356032e-48 7.06083536935565e-08 1.89930421373824e-50
8.90658922833719e-24 5.02178665217446e-64 0.619611123474156
1.8841443791e-56 5.84704957495911e-52 3.80340145032223e-17
1.422456911522e-92 7.2075356310876e-38 1.53678841731909e-61
0.178647384467168 0.0936980634254137 0.122334094011992
0.734054072275972 0.744734583603209 0.908643335252284
0.244505694312075 0.272725321976917 0.565210165518146
0.0358428701836321 0.0230366550723788 0.595089334825846
0.197159003846622 0.229968186870164 0.56737769685655
0.949373823453158 0.749836229153647 0.0869106333970118
0.338359617808612 0.216186069944149 0.239384030500908
0.00347728101196779 0.00251862646324422 0.885307495425506
0.800681135639659 0.960446541148637 0.0939151924121549
0.520658975180516 0.434766338459869 0.492209360422721
0.173947538704638 0.260066387381758 0.168841130631847
0.767001456146513 0.542375971349132 0.102876805835603
3.2773007214041e-07 4.36570693308432e-07 0.341650440038036
8.24956474377938e-10 1.03476308102363e-09 0.324038023154938
0.000306530916182435 0.000343119580173301 0.542703036587261
2.71257207799513e-19 1.90302660599937e-19 0.407689285540528
2.19822310706795e-15 6.5346555854364e-17 0.308444831021496
1.04060208550987e-32 3.94972479075131e-32 0.0362458337087904
0.091069241710323 0.113136518248765 0.466172563632273
0.0495161246253528 0.334374541964665 3.596660854135e-06
0.455865705423237 0.690787202504788 3.29838161039113e-09
3.26131579331929e-63 8.02434987424669e-66 0.662773694757965
1.5431637958222e-67 6.74725334659795e-65 0.000184770576388565
4.59316481350058e-57 1.48850501471412e-52 9.85387750583903e-09
4.49169846235521e-132 8.26027969921041e-140 0.789116220909066
1.48951288750125e-159 9.73679349676583e-159 9.33585309458166e-05
1.8809901357485e-173 1.46795289012064e-165 2.24207307594452e-12
0.565463462414746 0.573654373605093 0.850807983227008
0.0150433791683821 0.048202619784504 0.103196463178961
0.365691117457489 0.850173296534629 0.0755851109137687
0.638016257030758 0.392679418997606 0.502578026445236
0.0277870427974353 0.0712204368581372 0.128720957478238
0.00556142092694707 0.0624725331888096 0.0121232357688732
0.0270891032932546 0.0142757391224021 0.887179035325017
0.38605141949614 0.453570346834818 0.632317287629979
0.0165506144425675 0.00126747209615851 0.311397239362561
0.65193047953549 0.154462437112055 0.056030028682764
0.245891858354651 0.854072014698795 0.0165766609603766
0.369770570229523 0.291640558649091 2.38264968185912e-05
0.000518007257350845 6.93496132070706e-05 0.933723437470581
4.99359933803402e-06 1.83758625792198e-05 0.0657323979838682
2.76598408766255e-12 7.04461577239779e-09 9.84380918600658e-06
1.65139187464541e-16 1.17524086927872e-20 0.97856487421352
3.84236264347966e-25 1.09958505818138e-22 2.91543140627849e-05
4.3043598643892e-20 8.05992234124285e-18 0.000116611077406827
0.665307284036339 0.151359400512481 0.0519475451494048
0.00234432040220175 0.153998746386432 5.98756120153251e-25
2.64887558693535e-16 0.200161780308907 5.32807326152622e-67
1.57467982422083e-49 2.73360504047371e-61 0.562617297207455
1.04663094911712e-71 1.03246957122807e-63 1.03620194205145e-13
3.81611324913994e-91 1.96100527196981e-52 1.12994494605666e-60
6.70169562402202e-116 7.16655592704335e-151 0.924817292279015
1.30605969160964e-126 1.36352912237163e-137 9.05689982930032e-07
4.19353869133115e-185 5.67273513922396e-157 6.62844441297804e-41
0.156148639935726 0.049610578127329 0.468330834517717
0.0404720497511797 0.099214077927466 0.184047726040644
0.525713370605027 0.188152005360112 0.213772676467385
0.0632460932678174 0.0518193567497342 0.771938249319333
0.606575766836554 0.817317287199499 0.491468255293438
0.533755044250162 0.645445336255861 0.61936485499296
0.00833659949586639 0.0165217762086957 0.26556464350659
0.608048939793712 0.628473389624263 0.855074624401537
0.255323861516366 0.33351863389477 0.542535358526487
0.480406341622181 0.863655992951316 0.0476436228571816
0.462017757939121 0.65091159391281 0.448730631636827
0.189536088554576 0.995544274612157 0.00274860890632983
0.0744560813299073 0.00417885104242303 0.0810745869722359
0.000282086383072334 0.000466352911924298 0.235758551661006
0.000140648982830997 0.00413346746684046 0.00451553434250528
1.7168771941403e-13 4.29159544814212e-18 0.435401530462094
2.81481561559856e-15 5.31795935105415e-13 0.000453050404163151
1.40999275860217e-10 5.69000605848811e-10 0.0417519215868676
0.356098040206106 0.478102077050243 0.51366139172368
3.75567369582519e-05 0.136560848544772 1.16286214386149e-10
9.04059756716431e-11 0.317351708090664 2.15243730619162e-35
1.62922007193812e-34 2.10716317079543e-40 0.443310119606071
2.88535894966881e-38 5.7210306184807e-32 2.81451559047787e-08
5.2620693289592e-61 2.96301839087044e-37 1.21328195012223e-30
1.66443200611538e-67 5.22386080843651e-88 0.460831963138763
3.98859026618456e-97 1.00347152868411e-92 1.26405396583633e-10
3.41793338352592e-126 2.75149929570804e-98 9.4551471006127e-31
0.557590261182034 0.968977587952425 0.419510620649461
0.820717474337963 0.286991025774895 0.550743955729855
0.619565441353417 0.84765594145754 0.414380208161996
0.575493430614159 0.601576563982421 0.23023939666381
0.252289527146301 0.00605610007112961 0.39983251607404
0.17000472037362 0.208383384486252 0.454895215193913
0.495549410314916 0.0588953419233751 0.48835580282323
0.107442480467936 0.0665810565542272 0.575682978700838
0.0308299969932497 0.138989686378835 0.110591040003414
0.221283626664909 0.862826483268154 0.0750654750993296
0.00203932177597026 0.77787479983893 1.41634278894401e-05
1.61934026722217e-12 0.072931324730102 3.43552869117662e-15
0.215606283785225 0.0166113859003995 0.726625833201706
1.54892193793809e-09 0.00123958969344439 1.07397852904237e-07
5.55973558457084e-15 0.000428523831186708 2.12159472600762e-13
0.000154516956957874 7.0137868399571e-07 0.409779847508318
1.70008801688467e-11 3.15214414296999e-08 1.83896026935121e-05
1.40151946152614e-18 3.5730520516996e-09 2.92520192189672e-11
0.395808471433434 0.202154070022738 0.963141072798666
1.01234102567229e-22 0.0563021439414803 2.40151043306427e-49
1.92722944370675e-89 0.373652584863535 5.80061829952206e-155
1.31931166725842e-12 1.68187460437592e-31 0.481514021876134
5.56120831558201e-83 2.28520479091346e-36 3.39054357140549e-50
3.29656409474713e-140 3.54578697383038e-25 1.76185685075827e-137
9.64561651102019e-37 1.11129776091425e-104 0.0853501981196957
4.23652249371643e-129 2.69576958979007e-115 5.82277740994889e-38
2.7253096620128e-203 1.69358023564895e-99 1.65125431737107e-117
0.958942984095316 0.897525935805451 0.390349758988106
0.473219357225434 0.557839981558914 0.464610667671672
0.936756697986374 0.912430983669528 0.322474000628621
0.776745788635559 0.419281560819968 0.0124050535516348
0.422404203664371 0.406576213504028 0.96329264548638
0.903989674382625 0.943340138009922 0.365160911643027
0.593550194266304 0.533504964759753 0.702956701176757
0.00032846985200306 0.000150503680600625 0.584825956067991
0.0353428092086105 0.0477623249139466 0.372638139942247
0.566995344110472 0.49218411990956 0.605871152214633
0.806283492766833 0.921723834259159 0.0819135170643776
0.834667558050872 0.619157268201989 0.000561322040591453
6.05343828553917e-12 9.43536477238554e-14 0.0502826214052997
5.07148229739579e-11 5.43100173309291e-10 0.0124702093328149
2.15842271682117e-11 1.53399897715873e-10 0.0301255791040111
3.04086420211072e-29 1.7544932483163e-30 0.810282117245286
1.22881155122053e-26 8.92486562990757e-28 0.897244024204859
1.00177060199976e-38 2.01524609589832e-37 0.00760736081332774
0.728202122527734 0.747706282955208 0.870987977057677
0.203102915545856 0.982993874236805 3.24188070744308e-10
0.00395344089163699 0.810487497020313 1.38068480508633e-41
6.47990964040798e-110 6.71587439171706e-113 0.175661008442091
1.31485901285809e-135 7.91499385608672e-130 2.94494551840041e-08
4.62492988833504e-140 4.52719222991116e-127 2.52250992047441e-24
4.64909051327325e-259 1.30218057448308e-273 0.693216770003682
5.11953026376003e-313 4.03736457436298e-308 5.42550305574346e-10
2.48548867784352e-306 9.64492054360675e-293 4.05850960266493e-22
0.0800195732837158 0.0861607528090882 0.580910459776049
0.70592959529555 0.582083636817547 0.798474247700901
0.882075747792549 0.351627088410684 0.0273803609934354
0.0202461158097108 0.00307393450925786 0.494581710097453
0.853385155011418 0.606839076008727 0.519895748055381
0.18051071337172 0.153654680657428 0.84897940543053
0.103910089887002 0.0186550448774159 0.267429420565554
0.000978387504677748 0.00151086949791154 0.240613709664781
0.0534314360399605 0.174372550640971 0.0743362780474334
0.14148100325025 0.335939376179279 0.12763843997858
0.0496425579499801 0.675074117809271 0.000152845266695244
0.00093289634195353 0.917908125660038 4.30192583542979e-14
9.45017288235015e-09 2.48713906348735e-11 0.676048639839029
9.71835516474562e-14 4.06242301131733e-12 0.00222107971636646
3.51052074487724e-16 2.66535023095521e-10 8.76004448757118e-10
1.24266286843908e-29 8.59385708133406e-34 0.162265677471959
3.8264637831071e-29 6.30753913390134e-32 0.0528511400080676
1.84238814716146e-37 3.5967951610255e-32 1.08580883902069e-08
0.260007191810042 0.341861577657627 0.506290105245964
4.73866029032771e-08 0.950537213822221 1.46754966781733e-39
6.57750736211363e-23 0.285252213641959 4.4681560308212e-150
1.31662162406627e-116 2.67824597548176e-139 0.0410832129455311
1.49093253642507e-147 6.70956256118693e-120 4.82673158634554e-37
5.13748537107739e-196 1.79409805589258e-113 9.47060142337464e-130
1.95210535169635e-197 2.61166312891304e-264 0.469809976063616
1.04144676343989e-269 4.10343053462874e-275 2.45820042350787e-22
0 4.48664040022519e-275 1.68580447352153e-74
