TOT AFR EUR
0.602589083644606 0.824037427885769 0.481102700287063
0.391124228971786 0.606577651567765 0.354954889214519
0.399331032745437 0.851635535032784 0.153401161335612
0.58849185039298 0.469144375536651 0.804797801721977
0.358010634649051 0.52044150685191 0.376068854819459
0.252607616217605 0.110043418305378 0.609018355052591
0.52368787287426 0.307027042129965 0.56563543125098
0.14960856010061 0.882791593117978 0.00413878501030617
0.590931112613297 0.710200809011646 0.660990606579395
0.64811511435637 0.627208819723648 0.959946861025176
0.485288015736983 0.880079106558269 0.200994115603837
0.659435996453906 0.672035807477777 0.0624057384762753
0.552557882414453 0.8571571629729 0.336998384523275
0.0174649984923956 0.0581010270111888 0.158984821299983
0.960547513561467 0.672509870728108 0.484445965082914
0.475043579516632 0.0374363418397365 0.0102597161673597
0.381849789372115 0.316461385297249 0.964694954460218
0.11169132678645 0.0777732625312625 0.897339050037248
0.130455853752791 0.0614359422686545 0.686217771161151
0.139999192803153 0.722258243307842 0.00884736307637411
0.0505886288356375 0.51869574147877 0.00151096946549396
0.000145471413951336 9.55407371176244e-05 0.455149068000736
0.00395056113109264 0.043277690973407 0.00865070442357577
2.5008354982699e-10 0.000551451054729715 3.48040716061586e-13
8.08917906608095e-08 1.0105350778401e-08 0.575017367060587
2.89172897184528e-11 2.29026702596246e-13 0.84933398599613
6.38083517904963e-13 6.6356164858331e-09 1.6512716011741e-06
0.383586532155232 0.31835825478805 0.737501139066627
0.664886076475313 0.713559445387446 0.356483154352821
0.0986933855323001 0.772835572840123 0.0547411682213902
0.773522908739472 0.360735086654264 0.685424701850275
0.121490124101152 0.149492655954436 0.410264996712614
0.89030687139985 0.403427265560911 0.377579224957683
0.271384319642411 0.0834991205977783 0.948268784266318
0.522001035581517 0.766472424990787 0.267686998088649
0.0638532099226041 0.00724798789652209 0.930155683039635
0.31416102167273 0.387507571178074 0.56578199271656
0.756318070660673 0.944771472886932 0.639511437812785
0.0566329202251945 0.230568512371429 0.0002226619552591
0.809400916893055 0.0394527854310259 0.13473314107021
0.0157054367240253 0.596069193062937 0.00434362464369844
0.00399717595009041 0.804397225279557 0.000284307348871297
0.309767906337712 0.122615621770943 0.971866597331804
0.0649569836579386 0.101515960084526 0.314680539095112
6.30862500791345e-07 6.71562300665706e-06 0.00385493256037577
0.747257519200009 0.560299965293814 0.935240190820938
0.019236973299813 0.516687276245814 0.00854182989203749
5.26629147724832e-10 0.554500788932356 1.69960542083662e-17
0.0489130066201042 0.000168388634529486 0.695683846163105
2.9568843350331e-09 1.40087637989133e-06 7.83282599780436e-05
1.12692403861082e-06 0.00740583479883609 2.00434704596942e-05
0.000378914799652804 2.47290412188441e-12 0.226686967071687
1.88607923689285e-11 2.38879796467548e-10 0.000300890410824786
1.11328962216023e-18 3.82003047532353e-12 8.8581297804563e-09
0.0692473732297375 0.0858639159756789 0.433540722617336
0.393830483544554 0.428735833688021 0.607688676529059
0.797405406999199 0.695372313652428 0.53258257093355
0.097694686276094 0.081393591365562 0.86424449916753
0.763195125310909 0.797397895450512 0.757687874870511
0.182964774788837 0.116902905582801 0.378567687332697
0.242425371867915 0.293289307970851 0.458235957969009
0.329680125209423 0.266882146784599 0.609974699904534
0.593811851273403 0.671718597082138 0.553117702697725
0.0415001094428119 0.0290049507825702 0.6697876404757
0.552444000750872 0.269740034593002 0.0246592791640632
0.663555048771359 0.846900888564265 0.0027000335205898
0.199509576699644 0.165426109181433 0.674965425314622
0.0182949227311186 0.0147911159970035 0.925152632574932
0.0202735726419118 0.022503284546191 0.537659914785389
0.00600751280127677 0.00595836306913267 0.723125425498752
0.000114042611184375 6.21836046226695e-05 0.633269110435454
4.69782096450154e-06 7.21299455926894e-06 0.39993265516494
0.865167905499655 0.906303551769043 0.797714107765787
0.902212982379175 0.635635575038035 0.0303824580561362
0.0152241871807282 0.173680283037033 7.70933106798281e-07
7.9623174889742e-14 9.512881367296e-15 0.568208698392242
1.24268821240167e-10 5.20110595712621e-11 0.956064862817756
4.14007126104896e-14 1.54987383921109e-10 1.42649336627213e-07
7.55191352199665e-28 8.18059290371007e-28 0.0900635037143726
2.89117417972488e-29 2.08682393895952e-29 0.211087735748933
3.30258553480901e-37 2.33399966902456e-36 0.0100819662394541
0.619365708892961 0.21364262665614 0.141364930945128
0.566531274046267 0.509812604281313 0.974536147329954
0.913290951738583 0.950924834788218 0.687842246996265
0.570167305998859 0.41385936048945 0.718381788020822
0.55940579248386 0.893196764741222 0.290323033796891
0.411502392136148 0.474288190409202 0.628717761811233
0.345047346649685 0.663525065072851 0.208596087336455
0.2963457645321 0.128855072134712 0.533547236031917
0.625550117804979 0.513429413806345 0.810922258319683
0.385086756457929 0.480288135677941 0.567122941778106
0.566231946187731 0.200437833274394 0.198099835121059
0.690322619502467 0.439720571170564 0.0159324035200106
0.0321547359282183 0.0274560818837414 0.650673862064274
0.000149971254815545 0.000218294845268965 0.216805844744334
0.172477217712607 0.477668297138885 0.0695696015153493
0.00383981378080973 2.80348737943405e-05 0.0925065457482099
0.00719306951341776 0.0100345992055042 0.336012356816576
0.000255273121439853 0.000978537918884528 0.0772110419006615
0.74737030273879 0.876602314640933 0.658209080416732
0.72078730419163 0.418232519738352 0.0103689739033641
0.000421825542169975 0.457370797074247 4.95563384848403e-12
4.48373739883366e-15 6.66061620168807e-18 0.577321635331346
2.41348014893332e-24 3.10486622265446e-21 1.32116203076476e-06
6.56541690751042e-18 9.02348366686302e-13 4.03440637749922e-08
3.72638298838359e-22 2.33690541349129e-28 0.986638666950377
7.4020416137081e-31 7.96185396025746e-38 0.478546062581691
4.32923219773307e-28 1.32996195245838e-23 5.32813717326368e-07
0.532573586671352 0.210121640166794 0.253908476180191
0.284930365048367 0.222586681090408 0.969996306986028
0.125343648761218 0.177116064299484 0.455377751289341
0.748587996386899 0.860645578381205 0.7205030843391
0.380014956047817 0.712910714751518 0.220875460955449
0.586070426748266 0.876336815278764 0.384319991380068
0.632755906982213 0.499859340121866 0.761681879721031
0.722987136403045 0.798056377653181 0.767156053993698
0.0589290646868932 0.0533868045793395 0.710012024766419
0.253439568258538 0.160407670836446 0.794225214132434
0.332745708855715 0.633856753204952 0.205831314352576
0.437257430007777 0.997482529968602 0.0818975530129568
0.620937497179525 0.578859928779038 0.992587413090687
0.0159863889242897 0.0217147011830483 0.413311294771116
0.0313488520862099 0.182383392720436 0.0263386225729755
1.69435810978561e-05 1.19590182278139e-06 0.932809404836176
1.55034595567624e-05 1.47078392275949e-06 0.963188143015743
1.79252101270155e-06 4.29956347681099e-05 0.0120425687500264
0.09986865565174 0.0744589560075699 0.906026732788563
0.000409394688569705 0.0620244586035464 1.91711730557049e-05
0.000109961595416299 0.908025141681238 2.17756082769928e-19
1.88058559592749e-15 1.44094104978225e-20 0.429920970499924
2.43842826477597e-20 6.89275181814088e-17 3.9295514978736e-05
1.7034500587958e-30 5.3486420254311e-17 2.35420488981403e-19
6.46692856423194e-39 1.85940443939863e-54 0.0581606676027966
3.10267170281549e-51 1.86359854525868e-53 0.00152863168846548
3.74529849790409e-68 9.89531206451283e-60 5.42898412823774e-12
0.224199157538987 0.358805022429786 0.402268336882546
0.127694636972923 0.54353877348321 0.13542248969208
0.791581744203309 0.958377046150066 0.690723736631315
0.284979663792894 0.773613524356971 0.243567478201939
0.426425136025333 0.588449211265696 0.548180540053596
0.616382507774402 0.617117510645486 0.805628178108716
0.459152719388953 0.340138872987056 0.0776240614847977
0.118993606587616 0.235748560830025 0.29192502340547
0.324887665691181 0.794699049675859 0.124931930967049
0.928063423180214 0.426619426812446 0.435114156757811
0.277396322014069 0.849357474328351 0.106654995669119
1.74873174737442e-06 0.308598896403949 3.09920024285523e-08
0.0150763506750068 0.00208554884275905 0.533558045151957
0.0129229495606734 0.115762512085999 0.0444922401559648
0.000442843537584983 0.335345351167658 0.000118760911480701
2.03162184586192e-05 2.00261413480061e-07 0.215335702450783
5.1631395777523e-05 0.00322457321716346 0.00356724282437972
6.60093062630972e-11 4.02228752838088e-05 2.32601461667548e-07
0.785105593972224 0.339322153555826 0.654481767296182
7.72302335184762e-10 0.582000193829847 5.84545707268876e-18
1.49403193258639e-38 0.857675182099181 1.86280914149273e-67
5.57832795796046e-07 7.0123425865857e-14 0.756514451303254
2.32408592978578e-44 1.979254076266e-20 6.0685983303325e-27
1.08156272366775e-68 9.0990927365059e-15 1.57990924843363e-63
9.6398110864731e-28 3.28360193886111e-59 0.852509298398012
3.65938852352202e-59 1.94433942922351e-46 2.56159754763668e-22
5.595383245903e-101 5.94700948684789e-52 7.54286850961847e-57
0.0414500189404953 0.0717636171847788 0.189729968628004
0.355142962565853 0.20047681565398 0.0905160300879291
0.625713901569434 0.657135028747729 0.762040315908368
0.0176611546018298 0.00580417382892665 0.0847857232274471
0.0717009396832422 0.0468356610160819 0.520055444350199
0.0083303192786573 0.00926750151003056 0.631064392265094
0.00582208676332522 0.00959480208444764 0.214421630837649
0.328529310500564 0.428458756714743 0.305564814995806
0.0741080261748727 0.0796116712749196 0.67326009896989
0.0895724024495212 0.10011648729913 0.650664584308433
0.432268015240343 0.414863937979952 0.949726494059595
0.937517807017776 0.813543296485969 0.135899351074768
0.000138727659676692 2.88083618187087e-05 0.162011026171267
2.34787582943002e-08 7.4140909681059e-08 0.0993972935795803
4.36952636914612e-08 9.21605259691454e-08 0.130056520136964
7.38222289541188e-16 1.4971806042965e-15 0.138027298389298
2.58549183171463e-21 1.53745496022134e-21 0.328623380979066
3.06001694417104e-21 3.39620945901408e-20 0.013701244097623
0.474314766571832 0.597086792393599 0.256141547860599
0.798566931802066 0.221609886703642 1.15471708334199e-06
0.158218160694085 0.970682477478739 5.39272172238985e-19
2.49549588630171e-72 1.09306461061393e-75 0.83987714690468
1.79294197564937e-77 3.06863563446728e-74 8.6871839692569e-07
3.58520539557496e-79 3.58677263804554e-70 3.72376575343668e-15
6.17877488344179e-119 1.65978337312475e-127 0.311798103151144
1.51940055471434e-148 1.89029134101467e-148 0.000171459921292982
1.71652621198998e-138 2.28519009810775e-136 8.03435530534528e-06
0.403489037084985 0.677610841473403 0.279381945301631
0.641402445771727 0.914461986529848 0.192973059650829
0.359833620990903 0.340296217770872 0.850861058862758
0.792704201218754 0.766338743502372 0.999339648163237
0.225679718523827 0.462895204636394 0.178322541924415
0.0479488072017273 0.217839116510476 0.0391916052409492
0.00653477184747494 0.00496266907496343 0.577423358106937
0.003963163979042 0.00816990156844662 0.190278463809629
0.121418110512197 0.263098222367273 0.194562148661094
0.0887944478667443 0.18038877653135 0.235165813633739
0.0880667387673243 0.595716658059901 0.00251022808504589
0.00600728219643367 0.773761211228742 5.56947634942365e-09
5.84816872938625e-05 9.76464188406304e-05 0.169230928948226
3.90308823412113e-09 4.48310168697192e-08 0.0119112265688414
4.53793107523973e-09 7.25307160691545e-07 0.000688386509163108
6.21152893921455e-08 2.72173629726702e-10 0.730218438890587
8.01640069673187e-19 2.16560241563061e-20 0.0784482972466872
3.66320829101844e-16 2.933103544678e-13 3.63814866736259e-05
0.365618432297459 0.380566845882829 0.75739837514809
0.000266935028719246 0.640501589911699 2.99226876618637e-22
2.78702173984528e-16 0.3226562226209 3.52306623976649e-69
7.45497456717291e-46 1.49857389798252e-59 0.752056778545135
4.8079525371141e-65 5.58249553486123e-51 1.79861510764759e-19
1.04827259621384e-83 5.75291250744621e-47 3.47958635007105e-63
1.33844106927538e-107 1.39070847913809e-149 0.166704077079099
1.11052824237132e-129 7.87150611430602e-133 4.26347517865519e-11
2.23052711715387e-148 9.99189117561461e-122 8.24588485575062e-42
0.0482169507139522 0.0754634413871767 0.378919059167619
0.682217642264729 0.304124542749742 0.252299811434065
0.326053879199751 0.398379072962426 0.599059710838762
0.0983266635714286 0.166989070347626 0.346322593762884
0.776670610413317 0.687208292562701 0.864149828054901
0.182508767965012 0.233082822152815 0.527608467158699
0.453852238738948 0.28879331651705 0.64987036190872
0.412592280806956 0.735909787174691 0.237137356529096
0.160249362978381 0.15648676850944 0.749686799329956
0.806529332536596 0.71266004752797 0.856886603089677
0.707808257837388 0.833241134654322 0.212461055937909
0.0230104940524614 0.612808883261334 3.56990216202955e-05
0.000229380759159168 5.79132039561931e-05 0.831041481014037
2.16171719207472e-07 1.04201563029251e-05 0.00458272215734768
0.0333342478446515 0.484538922692999 0.000774641490113415
0.000249576713293745 0.000541152258555809 0.1908706794513
4.01941378787163e-14 8.12779687695806e-13 0.00653909225329943
1.30329579484122e-07 3.46459124341475e-06 0.00849424644694986
0.701232533987547 0.489979321011176 0.597206113371912
0.0152316498001464 0.480889692429952 4.4625402360138e-12
6.3690160323084e-10 0.262732961304085 3.05519375625072e-30
3.10035975879194e-34 2.29905801128487e-38 0.148581782284579
8.40407357248715e-40 5.26343426074499e-32 9.31536576251962e-10
1.86121016106581e-64 4.74563921929767e-37 1.87407093496777e-37
2.84200573860059e-85 1.16485856239384e-110 0.604102814814527
9.499400465764e-117 2.11423835152477e-109 9.29350952779428e-13
5.78315877207445e-124 2.6838838230521e-99 4.52957895224182e-30
0.304270361704642 0.683918932782906 0.304514351337871
0.174444370940938 0.613598413383582 0.160479756519653
0.897080051950936 0.149110410258995 0.16992470127461
0.31473813092702 0.338620729726134 0.596414228667961
0.040725753326551 0.0721952736711529 0.228511201274099
0.974622668436348 0.855988928854489 0.908461272602202
0.514121491138045 0.663403291992995 0.213742404774209
0.728874495106528 0.380105012759296 0.778001029553361
3.8692145310317e-05 2.36438751475503e-05 0.0532167105336722
0.621452077378003 0.945342217385605 0.546636978867996
0.00806184133673521 0.0434892288972802 0.0739263119822219
6.54322525292988e-05 0.197340242793707 1.26195763537154e-10
0.00220689987766743 0.00292916971979478 0.12075399756858
4.58528503847477e-07 0.00183602784902644 5.53433982356993e-05
1.43976241642363e-10 0.00965713922397162 1.84907510091049e-10
0.00123467430216312 8.64570493940869e-08 0.767612200985206
1.83525914091858e-09 4.32529258835254e-09 0.0028117635383103
1.10094063895569e-13 6.2253826111566e-09 5.86233177111291e-07
0.750274762053359 0.0337962022233041 0.179601214324779
1.7076320138846e-24 0.35466865299254 1.2580579247124e-37
1.55041675114015e-99 0.181517453218043 5.00154992556715e-163
1.63371971152121e-10 1.43888825116494e-25 0.68475396301582
7.90410739041553e-70 7.0476812273998e-32 1.18304233623216e-41
8.62038702821855e-140 8.31598645893839e-31 1.97380623865207e-125
3.04252957559664e-51 3.08815579137607e-101 0.0960930810371068
2.04402038548106e-122 4.58515055246344e-117 2.11713335185889e-32
1.97483776993578e-216 6.28157194090641e-92 9.16971580882049e-139
0.300991422531912 0.32856257984458 0.691600751717914
0.359799764572559 0.334212519052713 0.908555106915505
0.358079521120199 0.584213070976628 0.0452937128468436
0.0131331811902976 0.00603848545062727 0.308720005494124
0.000726590346483536 0.000705152129374 0.693792236082686
0.724265746420436 0.672332961269698 0.765202446339751
0.917186134142346 0.893183450087556 0.891805206763689
0.0080482292947034 0.00378125095679012 0.420483076231954
0.00782395899959736 0.00933922740395919 0.526518570898262
0.321545488436391 0.414994913771721 0.326039701440954
0.600642500734295 0.41161394264821 0.165185200907468
0.812607972326591 0.722931006014314 0.00145854712766422
3.70638208742262e-12 4.28921555518671e-12 0.345674367228651
2.68212409209625e-12 1.10590862535923e-11 0.046221438451667
2.82923762978215e-12 2.69123117648819e-11 0.027444545014901
3.37734464883494e-35 6.53480593638382e-36 0.329066773083964
3.07065610444391e-41 4.35539665918173e-40 0.00668814361689663
2.51729225430151e-37 1.63428140190317e-37 0.148582664426488
0.0975690918400587 0.128481521813312 0.367346852668595
0.362386987336685 0.746712087497771 2.80072971463623e-10
0.0123616794687253 0.706665899954326 1.73820128370557e-34
4.2780610707416e-126 1.58261603996812e-131 0.601951683616201
7.07263042802191e-130 3.35680733446877e-126 1.52696325634964e-06
1.37132721189801e-139 7.75314616942652e-125 1.57476707580999e-31
1.93430510553943e-241 1.29420482783474e-251 0.285201806042798
1.20170237672184e-303 9.67769506232956e-306 4.07508626608456e-06
1.43958217119532e-279 1.65307515519682e-269 4.931391483069e-17
0.632401134642652 0.876398484623976 0.409770886392846
0.153818406252326 0.145279028176614 0.743500561103568
0.906871861503337 0.739973619438235 0.68390405961548
0.15847094495281 0.261093739468821 0.312983143214194
0.0018054560344456 0.00488766974735734 0.121221476399207
0.122991961899154 0.20403629316338 0.336467406287296
0.0369625246904019 0.0145464106771387 0.865084690814911
0.00142913578080298 0.00431070003355946 0.107053731986371
0.00388433236861185 0.00555084280830022 0.286370914701173
0.547537775765841 0.506902960854885 0.97662148420514
0.20085120030093 0.592309094687734 2.38005096650668e-05
0.0248491273368467 0.831122177267444 1.71104793045162e-06
0.00034336506278782 9.49358301488082e-07 0.0768753390046511
4.61716453433281e-10 1.81158589978219e-08 0.0022912220912353
3.7409311398929e-14 3.78153402993994e-10 1.00690661484529e-06
1.91092671478569e-28 1.97528728511336e-37 0.548846374934921
1.20120027633924e-30 4.76030892825508e-30 0.000666014661437431
5.82737592806859e-46 6.78464551024829e-37 9.01194626681002e-13
0.873241659125099 0.986204017122925 0.735850010529874
7.14389341869122e-09 0.416981260368805 8.88156595231789e-36
4.48964604814854e-24 0.89589473021551 8.83908096346754e-137
1.39013100323659e-81 2.3206194522052e-116 0.0257466172203557
2.38601461505335e-159 8.70054048035805e-137 1.33011715277219e-30
8.31992332942331e-190 4.47475880814528e-112 6.12985107213091e-122
6.27012899943826e-179 1.75727366199599e-246 0.0937482379710851
2.13355906873037e-267 2.75137969774157e-265 4.23668877683461e-28
3.92425868727061e-304 4.72538074173428e-259 1.64625295757074e-64
