TOT AFR EUR
0.124541956315277 0.0887109833402146 0.992496915671904
0.499851687732251 0.230047811153835 0.360446909160319
0.443011197641715 0.786522470061692 0.269080063013015
0.106781062486514 0.517073916461458 0.0254743736960551
0.354570584047675 0.349231869863149 0.839245416812211
0.00883849570271754 0.00662340403690127 0.711681591949037
0.362407660118268 0.185313338096587 0.543813531102254
0.144306099494112 0.156334661889933 0.618664609231206
0.841028166136346 0.645063587616863 0.150590203436022
0.467712046010647 0.72836924747363 0.288652257247698
0.32654750093396 0.391686942430554 0.632177776224771
0.898037707483046 0.753369537995925 0.354308195971694
0.82684252960761 0.783175534249018 0.957724975824297
0.30240636891794 0.716385596580163 0.130440613641279
0.370448369765002 0.0812944926188631 0.149984070457604
0.118803642791658 0.0421186762466533 0.489884099049584
0.288275263137167 0.308388723060819 0.756056865531279
0.000829947531988096 0.00297153924655772 0.109129329882869
0.469288965937385 0.602750763089241 0.535966128626226
0.299539685782986 0.932939042953456 0.0163260697763115
0.421316404934064 0.533494118796206 0.00229291364587605
0.0058307160862319 0.000285713498526451 0.265751740575107
4.26142468482143e-07 2.87128400289359e-06 0.0336477370659117
3.54319529500188e-05 0.0053061997166432 0.000186763655681828
3.23680559138131e-10 1.23597303679914e-13 0.382122398916265
1.63096431745833e-09 7.61034191812366e-10 0.217219160984674
4.54151140488797e-18 6.75000828309149e-16 0.000715911371307688
0.579477655025281 0.693976370449095 0.283942108034025
0.0213949239715343 0.947513296544471 0.001431874722752
0.444176058229103 0.537517034734214 0.626793177774819
0.597909350065041 0.881372132754428 0.565633193671449
0.00420426382204557 0.0351445174440328 0.0506820536679846
0.469153068508204 0.839414354091565 0.442663715044704
0.80952607860869 0.599784859832171 0.431692850250167
0.349246237987139 0.0740662551632255 0.820018048367546
0.335538128499367 0.280684954220766 0.705604351253578
0.520596979937367 0.761209961878761 0.552993883208855
0.230702932253283 0.946560075527952 0.0909688193742684
0.759200573548904 0.0213830656300121 0.0186498495259186
0.576534406357832 0.380987679114573 0.947932382061958
0.00603362553435554 0.902500373055185 0.000392653828271466
0.329657537390859 0.0877182145362143 0.85112037867215
0.0199468499139934 0.000521924487953945 0.951048528364125
0.282783005880952 0.131990112808735 0.875172876002814
0.000358310193479729 0.114509330651527 0.000534689692636105
0.922593205559267 0.747680811382109 0.694371252699101
0.0128145552150523 0.637475751622927 0.00289498295800129
1.00665018500519e-08 0.561771776858944 2.94127785418248e-16
0.000894398664851979 1.89116970894331e-06 0.782364943905235
1.37002716215802e-07 0.00059070998535572 3.88108795665059e-05
3.64611234548951e-15 4.31614783242071e-05 1.06073604462467e-12
1.33975353078416e-11 2.03912885042517e-17 0.0741390454682612
3.5317509757955e-10 4.69436266143812e-08 8.33765311248768e-05
1.07872874455224e-22 4.79582411879163e-09 1.12177860534499e-15
0.580752609963436 0.718414265104417 0.361486184075117
0.533314683765642 0.318214006113561 0.0332966408445189
0.683965306103647 0.919841433863097 0.108437682037152
0.168954237801066 0.187508227350854 0.64111516502162
0.467291942560844 0.542290852387049 0.508807128876329
0.474323672321991 0.814747275887513 0.0276032204891113
0.402915040301012 0.299967633612408 0.439382736820542
0.898640676835968 0.640841408538576 0.101747544779914
0.6910045334574 0.710308439453661 0.839556367994288
0.364348477178229 0.399307928707055 0.671060289571772
0.15078397620297 0.208198912593887 0.224067932898449
0.168190654525173 0.29244545756923 0.134317496757739
0.00101876260633095 0.000151770910687997 0.0850136685835438
0.140793039872678 0.190891648248769 0.243305177478232
0.000136916354892551 0.000416019658829453 0.058939136549994
3.1828494959246e-07 3.54709837681958e-07 0.460304585225894
4.83418862434851e-06 2.61065405247975e-06 0.996362467854949
0.000639369000876875 0.00129071504272887 0.152716001850676
0.796960984191491 0.866104510767201 0.738248950302626
0.375198284545383 0.665263445916316 0.00954855574096638
0.00481769598975372 0.0426926934248871 1.08945178685142e-07
3.53757334802356e-09 9.13354286950392e-11 0.0183223285909115
3.30731852568473e-09 5.03655939174784e-09 0.388080740553009
1.16868037571619e-12 8.4492382954437e-12 0.00781881894414531
2.03526846151004e-28 6.99388073678829e-28 0.047491082211888
3.12678569800215e-29 1.96769650604929e-29 0.145582678325729
1.63421474964096e-28 1.56306965774218e-27 0.0399345494641416
0.655877038723128 0.387455038249724 0.473722867545995
0.820265103045099 0.760012651533284 0.917630986779133
0.795169577641785 0.543663547502643 0.466341987210919
0.625086548667672 0.277512139170226 0.25182045128747
0.985792596763443 0.993600058446567 0.979797874726401
0.668978892699027 0.805079496637954 0.571928319164982
0.271171126477228 0.823900163825418 0.0110322570975584
0.598869602393296 0.319755402055998 0.373709355997662
0.207388492774819 0.0773749077829588 0.481155666707367
0.692967957583575 0.673018210485854 0.946368844114636
0.530798268449332 0.296772905473493 0.463665708177161
0.125512449758946 0.0846792412033923 0.983665976349269
0.474441754785156 0.471625962937172 0.853532643031269
0.0879194978381126 0.0641125924388734 0.825275278391654
3.80678789013549e-05 0.000597104819936297 0.0107208182424085
0.0146262025970134 0.0162608356321291 0.44240752324894
0.310425258235449 0.271179780500358 0.914703914082615
5.16374608227508e-08 8.50964893442465e-07 0.00580424435220923
0.898130228840229 0.804664814737153 0.83320649599738
0.0143031551961838 0.589694248257524 7.94451531864983e-07
0.00914401311964103 0.539649773241708 2.48174151299845e-15
1.36981647436054e-11 1.10691376001135e-15 0.578199950133879
6.9216917420214e-11 3.40540417271711e-10 0.0158783224411923
1.53476787195675e-29 3.70892749906158e-22 1.51769374707936e-12
2.4608492992631e-25 5.13123593823107e-28 0.153184991851641
6.27477107162581e-20 4.26845193372115e-20 0.00682862871801023
2.28880194022149e-27 3.87768651150787e-24 3.24564034735996e-06
0.597215282006364 0.651178462720001 0.779092628987673
0.365149421970284 0.440560491670564 0.632375815280632
0.299660935060271 0.347348198025628 0.657115883938632
0.902896833939112 0.800510465070415 0.45232928172657
0.174855677340475 0.424604558973278 0.148761640281773
0.283980940376009 0.269777550497969 0.840581246100329
0.432651893234264 0.77649961033917 0.231890150327655
0.597297478981023 0.663712113321136 0.0450037522728598
0.0605836296834713 0.0878596126169689 0.385734131071729
0.364550604393883 0.116951704771385 0.245402643043371
0.753141618481083 0.397838925254412 0.297519861659189
0.320347199840002 0.686054493048659 0.150129135709804
0.404140240671135 0.497367119163598 0.598820771720483
0.133805778436568 0.297788795539243 0.190806264554685
0.000175934226701505 0.000509651689678464 0.162285619414624
0.000549439285989512 0.000274304414381679 0.668039790984148
3.60767862716003e-05 0.000215151981980656 0.0656872206766285
6.15221842995084e-06 6.53676026396747e-05 0.0272992401716401
0.0278817207689043 0.0221007874198072 0.731698026633206
0.898815555006978 0.0588007033595159 0.00037700543700726
2.65386095108816e-05 0.991426276842831 1.01326629633625e-21
2.11938921071878e-16 2.23146755888239e-14 0.0023703546197629
1.48943793322736e-19 2.30740529738441e-19 0.0162351861914114
3.09596806603172e-28 2.33086261080603e-16 1.03988970776692e-17
3.89579278539556e-44 2.38033879409868e-53 0.533467510865
2.44112330151265e-60 8.01715581196991e-59 2.13935573402479e-05
2.92254815202712e-54 2.7510082462945e-47 1.32961309857155e-09
0.841483908170225 0.35879103766559 0.605682552877947
0.921417899353995 0.74333509270682 0.882396423664219
0.00313604460178157 0.244855787864261 0.00333226660138565
0.722566625023548 0.788040767772414 0.81064546731248
0.461256585030615 0.703155466575933 0.518408797602195
0.0483986122577661 0.57273004237115 0.0331066243689954
0.197557572267061 0.114427042962143 0.717885886735358
0.507307630727663 0.975801912337413 0.392234582417548
0.0915469393791461 0.14327510863106 0.322858268011612
0.525903673627257 0.0934716147276251 0.568102188800663
0.0815773727690489 0.92802747992603 0.022235692003636
2.88401605168964e-10 0.363539692797176 2.37306359250952e-14
0.66672572792922 0.228030087835954 0.666904754724106
6.41593809360174e-05 4.80056919650319e-05 0.0647852562949595
5.10507735593237e-07 0.0267671694058269 1.5974852573306e-06
0.321513966612909 0.043221269004412 0.710168118686509
2.98280087519314e-07 2.47018656240544e-08 0.0398715595477104
5.14926000165996e-10 9.57792997761005e-05 8.99640042836666e-07
0.326244306599785 0.0796055766785292 0.845202941573143
1.70096296408837e-13 0.455478367127802 6.3966921730741e-21
4.43179025192209e-45 0.409913544069815 3.07602732056082e-72
8.82339486651779e-08 1.44503941181236e-20 0.386974277530676
7.2321116613861e-29 1.29343588594051e-12 9.40064829004915e-19
2.4082594873383e-78 6.4750517200461e-20 1.16539200673682e-68
7.84571282186791e-25 1.11660236029135e-53 0.60604131655804
3.3076425407554e-66 2.12766235517302e-53 9.16690283774383e-25
7.73723878643536e-93 1.10543223840126e-44 2.50634154858936e-53
0.899573113106811 0.716990271063575 0.00760122847022362
0.45524980321915 0.506550260183936 0.596018164647699
0.745916887665277 0.748617897537288 0.952261262161683
0.374599376500673 0.286967533696283 0.42624189307367
0.0741649501779324 0.0570472247910201 0.701728646778212
0.272047074008078 0.17006031228864 0.253986394113463
0.0154420585023636 0.0130976266366569 0.985572876138348
0.515395007966133 0.549583745143744 0.725074566247336
0.0694859023509283 0.0604071563949 0.935842906124568
0.100746845913315 0.0979558642096135 0.87720181019015
0.963844492281032 0.700980134933681 0.122732373632714
0.542502412297086 0.438862440304241 0.467550854522895
0.00569115237214692 0.0048441283197641 0.927609310547765
3.75319162844075e-07 5.32116553508177e-08 0.255325951569647
1.67967523693848e-07 8.64092318250767e-08 0.933265452143995
7.93073795297697e-16 3.39661673851049e-17 0.420674605329389
1.03101290782804e-14 5.72246928769771e-15 0.538196745258607
1.44091415398241e-09 1.07266989809024e-08 0.00936811967046151
0.96055953590948 0.910633814600489 0.77115922037689
0.790228612608641 0.262222387030084 5.19116832320692e-05
0.0770580166068828 0.904094375775822 6.00374265183412e-17
7.21285622143731e-59 6.50518656686269e-64 0.220945407619387
2.6727459715474e-63 8.97309928376164e-59 6.94401456175565e-08
2.17258333177994e-80 2.0284855735845e-68 2.74852555431316e-21
4.02144158137737e-125 1.3543844077168e-132 0.835106002920001
3.84849686850586e-139 4.71207665443687e-141 0.00550864161927638
1.35887147724926e-139 2.32572231483641e-133 1.38900842403416e-09
0.921956570512689 0.654522427383322 0.263139130179674
0.793835704233978 0.64175789937568 0.735453164883618
0.522031290359948 0.447630657015314 0.952614984780666
0.345559079898227 0.0676119452715825 0.121689959378816
0.502638827637672 0.425102283646331 0.922989425191119
0.156562803655089 0.121087340914394 0.901464278650526
0.00528759060154358 0.0334569745878932 0.0240651109974603
0.185416987420245 0.065091405923215 0.515921289928163
0.0161360848988228 0.0130719085304236 0.593814007753109
0.687393974410642 0.808569517503746 0.647635222838867
0.397875079085966 0.127573930928829 0.242198304363474
0.00530982842875908 0.831327597353157 3.74830599655845e-09
2.513663936895e-08 2.76086162690647e-11 0.488308793369192
7.6016815470663e-05 0.00134157274510028 0.0125222341104034
2.26345009976085e-08 1.22071686843434e-05 2.54523735086917e-05
2.51654115426442e-12 1.2078588308494e-17 0.171645545953374
2.42617613131943e-20 3.63854492366472e-20 0.0055737051602262
5.78860307819075e-21 2.60106392283161e-18 4.52457498297312e-05
0.92849887149102 0.904797191825206 0.655109830788738
3.16727382109779e-05 0.420436375039933 4.93587562230012e-32
1.08993741448353e-09 0.560416687495234 3.6939530277885e-57
2.57032532299894e-43 2.64990207258161e-61 0.0649235038796859
3.84470989543927e-67 8.0141540683031e-61 2.59280514858538e-12
2.81642514461963e-78 6.11574849753231e-43 1.85851601020163e-56
8.2670718972069e-110 4.95764992084794e-138 0.36458264753005
4.15510508577736e-156 1.5283229558108e-158 4.83543006924149e-12
3.12143006539309e-152 5.80201919562636e-128 4.48345729958197e-36
0.533488392675494 0.0826653113889919 0.0352031099244284
0.111611142675215 0.137198274079935 0.551112253191598
0.483349472651628 0.914858721529024 0.0568182778716715
0.157487943790277 0.398766566037041 0.133734129046825
0.527055732294569 0.611565836170707 0.68059878474043
0.0354718699522894 0.0789812994417691 0.223065993227993
0.323896549931773 0.208969943416241 0.773887826522947
0.0418896431007307 0.00931987707400014 0.528075581317295
0.100251097625999 0.117292486373814 0.579574202416909
0.215506381017522 0.073882743184133 0.417854850712708
0.717548459227588 0.555191222831053 0.0458071651422641
0.0977392839931144 0.430416093467592 0.0350939695623674
0.0232156647149241 0.0139636140047394 0.85295796108078
0.000339712437651763 0.00205130700945356 0.0646445593739591
8.8177833385199e-06 0.00187161483575388 0.00010701078280296
2.66124392095341e-09 1.25614129911327e-11 0.834263143421374
2.11168338028716e-09 3.45010335628449e-09 0.102620988271889
1.75122828606027e-07 5.41192222772604e-06 0.00763455573431259
0.20617873992051 0.10389874008859 0.66461085053296
0.0010050247393784 0.468146571871868 2.51216991762816e-09
1.09601666070885e-05 0.684953901918041 1.05482961840025e-30
9.42656889994393e-30 2.47026812211959e-36 0.87498756302422
4.71378782683122e-45 4.93848230787262e-35 2.49503640342941e-12
5.09653313149606e-58 4.37418626636657e-37 3.91457038142943e-27
1.56114524530601e-88 1.24672417765921e-109 0.762777609043803
2.89268585191797e-100 3.89924169534769e-102 3.1270407331627e-06
8.37203563821539e-129 1.17479286218772e-105 8.60062622433206e-28
0.895699110466799 0.763155561443042 0.928788027099938
0.127995923903384 0.646366098640654 0.0143741248480504
0.250799911458701 0.600394273304017 0.276356628486963
0.841666684624765 0.647876692097624 0.519837866587689
0.144099412736563 0.0365203943665789 0.858837203536829
0.487443815859404 0.502863003904738 0.730874484946522
0.329243322711099 0.250106991230672 0.750789074181987
0.0653863548779388 0.0716010852079094 0.371462240891699
0.030819044804609 0.114725916879665 0.122365651469908
0.0167482806954787 0.345287289038575 0.0172765378610803
0.013361430679312 0.987714730241395 0.00103134820553376
4.08551920922136e-05 0.429193937164267 8.46101317614908e-10
0.000194125484301828 3.43884778669911e-05 0.155165194043312
1.68150084916006e-07 0.0061270277825576 3.45525807706915e-06
1.30988724160355e-16 0.0295536029681885 1.3696379562632e-20
0.00639568548605875 6.29262040106279e-08 0.362098640459891
7.25505614886797e-14 9.51034934734868e-14 0.000255631414798126
3.7591380704498e-14 6.61968244888227e-05 2.47316846288157e-11
0.930632082008547 0.693029120400345 0.820586430565039
1.65647495389754e-27 0.222850722228088 2.24210774050524e-41
3.94835646390028e-70 0.112874139906774 7.40194613263664e-137
4.31854971335721e-12 1.08328897833029e-35 0.122039292195712
1.40953870731793e-67 9.2584892622557e-32 1.47643269157547e-39
9.07330048228557e-146 5.45916301161975e-34 3.31303676000422e-128
5.51364905671582e-42 1.87443553091753e-106 0.687908418418746
5.02874240972055e-131 5.64475201454466e-97 6.61816151051623e-50
4.05617415341191e-200 2.51814175655956e-78 1.01281672999068e-130
0.215775565828407 0.147240090493141 0.390242440666453
0.397635605851609 0.330114837648319 0.623089032349753
0.838378409018879 0.715022900346193 0.43444075116775
0.0124068101984889 0.0141382301503086 0.558927968098783
0.506579787172835 0.51040954957958 0.913138890158279
0.00549346445378329 0.0109228524018743 0.10639314245945
0.235637806808627 0.247083403691335 0.781047466576081
0.0172327634745381 0.0135437700920825 0.89570796981656
0.0457446952002736 0.0488906963089163 0.725096788630402
0.916813517242997 0.903719483826862 0.229167450946399
0.682938075023365 0.791085844814652 0.422461627822516
0.364205940449473 0.598793566371272 0.0522450535071549
2.56390621032879e-14 1.44157552995184e-14 0.597920164322459
9.87814564096355e-12 2.93198688878607e-12 0.997849301961809
9.38600522905139e-10 6.38670694026139e-08 1.28059901393383e-05
1.34163699303898e-43 1.57394842952712e-45 0.824390592795296
4.58696002230995e-31 3.84996298739983e-33 0.637004486987133
1.25220037568149e-32 3.01685907068034e-30 0.000194338066223594
0.180942279226593 0.23943322533066 0.296952626471179
0.0379697655802807 0.6299932958575 3.269111186257e-14
0.0132016243296682 0.972266441481993 1.29707552987588e-28
7.43404887243798e-121 1.04578802493302e-127 0.852844042022427
1.28449281713011e-134 2.73388300878911e-132 8.68088843954612e-06
3.24685427641855e-130 2.16005999409018e-118 1.27824866156037e-19
1.26934849420749e-281 1.1241919946703e-296 0.802083282285075
2.49179524349022e-288 4.93448341274185e-289 1.57287569260754e-06
2.17094659662396e-286 4.92765776483263e-279 1.63377534035008e-14
0.159791844550695 0.100570034816545 0.915601913291568
0.835764170203286 0.500340482350508 0.357973367268607
0.440553555034343 0.199736898273837 0.397198265167654
0.302583208512584 0.256885487596345 0.949153000945155
0.146453704537978 0.337394496251555 0.155684105332023
0.719108964052862 0.876756996624085 0.59321087970556
0.0757006504244139 0.00878968260814582 0.217167801524515
0.0290234308390678 0.113246988028721 0.0603632114386872
0.000285719520925301 0.000701756595732409 0.137314988029956
0.372047880577231 0.453636768854959 0.585695813585154
0.0259189895174665 0.548828746955494 4.87920343012423e-05
0.0996308093475726 0.235448528819432 3.27967623074499e-10
1.48123110280205e-09 2.54678528300001e-13 0.343994724303545
1.78653640263105e-15 2.08307660082872e-12 2.48637372303692e-05
4.13555053214942e-15 3.23335451735277e-07 4.29425939794824e-15
4.14141150963521e-29 5.31373959396876e-37 0.930203676183416
1.88676609369902e-29 5.91221229877625e-34 0.214013489352772
1.25069282290041e-37 7.28634372445901e-33 1.69561406544492e-07
0.243876841402372 0.382350638925692 0.348973554691483
1.59825577088323e-06 0.575029665316128 2.51220798577006e-35
6.33782398837507e-22 0.197122243852399 2.79848552021245e-141
3.27585387894131e-105 1.26391599937556e-134 0.710853432819337
2.06390044368921e-139 1.16767579113886e-109 1.49617629085476e-39
8.77338800166123e-181 1.25716559056555e-111 2.43161629464594e-108
2.11761511791415e-224 9.2786665405175e-292 0.953501735602696
8.48775805376536e-274 1.58244268677037e-277 7.29852016493978e-23
5.22404877970698e-314 1.64085195635394e-250 1.27255456628798e-88
