TOT AFR EUR
0.47818798223523 0.997950489117304 0.108432655466981
0.582744466664578 0.682757002106861 0.697347285692765
0.559086096058281 0.244631320614683 0.274661672950945
0.277596795744488 0.847659413914595 0.0379563769628766
0.650773129343026 0.641311972021178 0.925078548778217
0.936603919342821 0.878862210568352 0.635790467832992
0.549666596497582 0.562624785359392 0.856229423419976
0.460594993384813 0.268716274350639 0.542043887840725
0.175299617377259 0.229391683523219 0.524497454789597
0.562053859639329 0.928850251959049 0.261170699794961
0.176439541505407 0.152863717855313 0.86122211992428
0.0198658704776918 0.00715212815993447 0.865716425185953
0.108244406954017 0.151237362959234 0.407128676630599
0.998727466480733 0.940589739151875 0.880640137017012
0.461200856418628 0.606205684932916 0.515062604991693
0.0586233296485207 0.0208371277846114 0.704846735012344
0.00771109103556014 0.10409530643022 0.00699008830201029
0.00866282152586195 0.0322053131473717 0.120972375723888
0.049194946801657 0.0182386309719775 0.758863854373703
0.144459560583851 0.451698224029999 0.0667838468373559
0.000998913018085244 0.0858862542124357 7.07011636950923e-05
0.00654955116232491 0.00107145313470638 0.579580403919908
3.20441211787993e-10 1.19042024307472e-08 0.0205284701843051
4.46966428562097e-08 8.57806555441175e-06 0.00165748055167819
5.19075960474948e-13 7.89941973582023e-15 0.609368320815022
6.19228354160263e-12 2.0848506596648e-13 0.385987486846443
3.80234462739396e-18 2.17416794458942e-13 6.65280844993788e-07
0.459925729535129 0.229940547703573 0.0331727395362535
0.248961737572778 0.160504251526372 0.738490948819149
0.540639596093321 0.739750547374889 0.276711775982492
0.213754901916735 0.0199658270287335 0.808622583937291
0.666822471042825 0.566667648285817 0.937865854173623
0.124704553716195 0.71228932569707 0.0744106393985781
0.520380428419358 0.462662752976424 0.827632138923133
0.0822241962702872 0.107729048168149 0.315368162413364
0.583651357688252 0.782730010515906 0.332561648589724
0.72747652897938 0.443267284908718 0.254237846514159
0.147826903183666 0.0589596472102328 0.721415089249662
0.016032184486474 0.301610782325112 0.0189089037290864
0.439527684821766 0.115507322564862 0.745004384850086
0.617043819645719 0.312296905866588 0.862881012936971
0.0033171443283469 0.791815758183113 0.000268328048804012
0.94203875337577 0.522939108619151 0.50397033809415
0.0194637135942493 0.136547306639924 0.0700690903756626
0.0965402065465883 0.256438475702982 0.218427411379585
0.265180517100132 0.77595723170338 0.216496259728585
7.02682958790362e-05 0.253414666076613 1.0554768100217e-09
1.76306514949543e-08 0.85655894876447 1.7093687729424e-13
0.0062333097078939 0.000272960262519858 0.54888231705514
2.89262167369862e-12 6.38220910727606e-07 1.16042787837947e-07
2.66870517856295e-21 2.4186168281074e-05 2.05419224386203e-19
0.000408800920320753 2.58454402925712e-13 0.120511329089639
1.30200195100692e-23 2.02225510346369e-16 2.9105609766296e-10
1.27679926124731e-22 9.00418357925221e-10 1.3120957692804e-15
0.097415754057228 0.104080485065445 0.660456369473116
0.593412348716996 0.608440931044979 0.878307364048202
0.551812496146492 0.85250190115132 0.00116175157785008
0.787751553515982 0.973410133372786 0.316411487548143
0.772194794603093 0.664496123941336 0.478683836333308
0.743134885842951 0.642187250460091 0.569285807603984
0.445676597673047 0.481960442181625 0.722438351080624
0.775218578533487 0.734490593645486 0.829197507453498
0.0555518539596704 0.0505338192693722 0.979266800211426
0.383051466174318 0.355759090674933 0.906475072304915
0.568112445248975 0.669655582987804 0.298478935308095
0.248031139309931 0.229162267113297 0.895292300818527
0.0179619044432763 0.0233700897634857 0.47929596922098
0.000131854382871046 9.07326976961243e-05 0.999914511351619
2.07008325507276e-05 4.80152139062567e-05 0.154803055060401
0.00928034892956793 0.0131076790977965 0.442932210451493
0.0154639777937491 0.0195380526482302 0.475015401305613
1.74081650821289e-07 7.17901622494776e-07 0.020901331063068
0.61891572314396 0.280571733646733 0.0397341268320454
0.394283704704061 0.223780880621121 0.0937649172511494
0.852317082410987 0.392582174159866 0.00103986893656164
3.07873040003919e-11 5.64705456384541e-11 0.130749757357747
3.59067504709191e-15 2.21198779350622e-15 0.493921720031845
3.8076878774988e-19 4.78425171072611e-18 0.00089771501068768
1.95457414143167e-26 2.64559258252645e-29 0.216973290270667
2.44415392811514e-38 5.01310493203866e-39 0.236526262889947
4.65230854371297e-29 1.44073363756672e-28 0.0158430723263559
0.128516583654918 0.410439448956789 0.0519122506989165
0.304684887412099 0.276633256791808 0.865327061360602
0.198100750360367 0.363597964163218 0.210164957460565
0.438598674552099 0.586933266343367 0.416185732693839
0.529165024534392 0.204529667810205 0.278891453421746
0.365822213525977 0.285535934875947 0.924981658400585
0.956413354054183 0.995717305876593 0.890274052960674
0.944645787459815 0.44251966773848 0.0841543402441015
0.330307103681469 0.747609142686242 0.0828802275800401
0.805220167094885 0.554694754165785 0.520224627340518
0.694746667110131 0.261533865351917 0.159531369307539
0.263357361440464 0.195761443161443 0.976281187598596
0.0014441999934187 0.000226570512216417 0.92332875167794
0.556818488701049 0.296300580146179 0.448422649287813
1.21083448134878e-07 2.62501711868878e-06 0.0136691825500366
0.00438045070978837 0.000841682464126159 0.799131357098054
0.000680157078949103 9.52542759409858e-05 0.937056025219424
0.00107850836870156 0.00126421369731716 0.312833749008904
0.524087891606955 0.677265747978423 0.486972777023112
0.0810222902050046 0.721854747518808 1.63769714058473e-07
0.0081547868952304 0.675478551467918 3.34397958751491e-14
2.21569217412227e-08 1.69713717409584e-11 0.434075644098652
7.0365717109208e-16 5.4743050664904e-15 0.00493705697806846
5.40072459111533e-22 6.46030125269126e-13 3.20875567967841e-14
3.57964929800357e-23 5.02068027960438e-29 0.735086697163386
1.38203740840075e-24 5.7046622817944e-29 0.326653625116414
2.28287829947228e-38 5.62607547424727e-30 7.14312203962633e-13
0.165699907126216 0.388971371298391 0.155823557154531
0.960718914516151 0.965686289182196 0.980335631053219
0.271109872219477 0.631656720325896 0.129134281604762
0.701022606398346 0.550203641213998 0.721307877440012
0.553707807871054 0.592692876622805 0.793632251598605
0.767825337384041 0.795861252740174 0.882134044732699
0.659690865788206 0.584259229218691 0.912475898828777
0.870376326466945 0.698124594942775 0.67478285502085
0.560789919488634 0.849393187162201 0.36657556208254
0.204068074529303 0.244809881338236 0.605273572836919
0.375774845072689 0.130273962057695 0.285389855254334
0.362126324333703 0.636491506922436 0.00145384572688688
0.203192264271227 0.106334750108031 0.710867249103734
0.0040487804168354 0.00181834659265183 0.842439672436692
3.79065666970147e-06 2.60863728623825e-05 0.0502475113053261
0.0168719939823816 0.00140638493688921 0.304786759525272
0.000441469766302928 2.27614301281222e-05 0.542212523720838
6.97459548145823e-06 4.43012401392772e-05 0.0538209475886567
0.547799874937507 0.319195845388583 0.525030307509023
0.00100986008007508 0.344892097954963 7.95930146646702e-08
2.87532331136146e-07 0.315884417473321 3.6040263894197e-22
1.55459638519834e-19 1.07403858593121e-23 0.745337204483389
5.94208973784954e-22 1.9897695637474e-17 4.61636700846798e-06
9.62149508101336e-33 1.43632331466602e-18 1.20716396622885e-22
1.61926018681276e-37 5.35487197860561e-51 0.16998561060998
2.88365139560202e-59 4.57407069069583e-56 3.61232799434068e-07
1.28353572251395e-52 7.93034706416615e-42 1.00646132373362e-13
0.923010210228057 0.799687448917261 0.721771959485072
0.310440536211583 0.145209970254685 0.921292323537581
0.890252124001011 0.569386498512703 0.510207035246145
0.427660984414167 0.0766198899084973 0.0110877082988938
0.15690103022217 0.438523696676275 0.225530348165834
0.786367541771725 0.725484061484701 0.945229749592431
0.00659239749694515 0.000653387510860419 0.467900422633636
0.801191608891085 0.392728993923462 0.69651239541477
0.00362423091850115 0.200928768946736 0.00602876346581864
0.440371939226622 0.946449972416487 0.273486887937029
0.220519389267353 0.182313489310302 0.00469508489243663
0.000159553682500278 0.841118494956077 1.82733493333319e-07
0.435104989924761 0.0488308887293371 0.525094505422476
0.0119172030891137 0.0137906638474653 0.213684379132861
2.71688310143806e-08 0.0100097150515182 3.03517629319459e-07
0.0077068871190774 1.96055078687896e-05 0.959760141905561
0.000438036107779113 0.00139451303578605 0.0474185300600121
7.5275393931527e-08 0.00225367510476203 4.65276340271191e-06
0.862707090300454 0.590721799808474 0.487412817070194
8.93394405364231e-13 0.0685060354871496 4.41053380473735e-29
6.68390975646491e-42 0.157742304342534 1.07227234938731e-63
6.20976773597741e-08 1.3622140559462e-15 0.816098390904111
1.01487228868426e-31 1.26402878859472e-12 1.93220568529694e-22
5.48962229816425e-76 6.90562744241211e-19 1.15550892118548e-66
2.64085369371036e-24 3.41256805012481e-59 0.795823554951583
8.41659565210897e-59 9.90869154977684e-46 2.88945737194571e-21
1.0366597705297e-104 2.08944548888634e-47 4.02154828881416e-61
0.309034364020316 0.198726052936626 0.280120253420419
0.165357639723316 0.107969572207064 0.355282403612256
0.495546860256587 0.477561710377679 0.956285884641963
0.0106067397477926 0.0207989995429823 0.109007141410689
0.713985682931553 0.625845362157437 0.587722845741544
0.601579258797435 0.814315191714233 0.13500106298225
0.0196217229371729 0.0245146744860702 0.471968770581582
0.0330614756494738 0.0154676487742176 0.312737708488582
0.228676603088146 0.364659436616258 0.128974160014691
0.66876469893381 0.879524047529344 0.135279471024078
0.24177393571824 0.122152288548522 0.0830923348258401
0.535524399277231 0.949648079523646 0.00626762098602223
9.53727162109694e-06 8.36131758633378e-06 0.667588587510877
1.8646997050576e-06 1.65018775789509e-06 0.642617182928304
6.59889317713565e-06 2.91888474926866e-05 0.0262325222760226
2.58673919578627e-13 2.43218756246143e-16 0.00119034594911715
7.12741978493085e-17 1.90026173276553e-16 0.119844789706532
2.13548247372247e-13 7.26284854168485e-13 0.110767800437552
0.967079936351822 0.707101473465667 0.129842315301188
0.348430672509598 0.978685845501153 4.10773213952457e-06
0.107114724142225 0.823920179448488 4.47122210110599e-17
2.84745647971357e-68 2.52625288374065e-75 0.019425308988082
1.24287185170913e-60 6.96390249902526e-58 8.26606346322015e-06
2.62978347388159e-65 2.82145996189526e-58 1.83586781121754e-15
8.62197062193544e-145 1.68368341882774e-153 0.720403491809141
1.86845938736335e-149 1.41184125480841e-149 0.000352480912214673
5.66001290729927e-134 2.93525454387743e-130 1.16644104751743e-07
0.00629018475962372 0.00954806785159292 0.283755192042322
0.717533318494233 0.994663871472388 0.401557077063801
0.00307972410728608 0.0193596764398612 0.0290445968371423
0.173653945329325 0.192439858593678 0.624143083983707
0.764155070210197 0.972347895726188 0.524619368067663
0.936886407504794 0.970534320746489 0.911677842219186
0.0324410330123283 0.00679241444488862 0.593099658911164
0.000933324236666489 0.000703887955078149 0.429450428494521
2.42207606461859e-05 0.000224309714950188 0.0259426015042946
0.427852754264608 0.271476392724858 0.646972953445933
0.185897843628623 0.639541045665257 3.79688496724173e-05
0.217090879173412 0.199262708399363 1.62182902129808e-08
0.000319713470340999 4.73446548462812e-05 0.997900641208169
3.78263483881844e-10 7.30296599695772e-10 0.0525587172810972
7.35159838705666e-14 2.47794933038377e-07 2.55214435494431e-12
5.49441197371682e-19 3.02354485577169e-20 0.0624391142034225
9.32870651187744e-17 2.84059515848252e-18 0.156349191348832
1.11483428010975e-18 9.2960162060791e-16 3.90317741428173e-05
0.431129677020879 0.857010191774314 0.145881791312254
1.40247355169428e-09 0.0100581017301281 6.33134787956762e-19
1.43624668818026e-11 0.499261074855985 7.04679461692502e-68
1.813902661701e-55 2.32859522069447e-64 0.0387074528382804
2.95676288224818e-74 1.16176114338229e-59 4.03341416401133e-20
1.01822531045827e-87 1.0208618598389e-47 4.18924410963965e-66
4.91033954016561e-101 1.91643369672187e-136 0.4060947748902
1.49744158675314e-127 2.32348536444442e-128 2.73329153819958e-12
7.15826256806629e-162 3.00086936712426e-137 5.59342893324321e-38
0.83519050955388 0.884758781124875 0.861404946482333
0.528825600381849 0.973895170860106 0.161490214671511
0.938026892497684 0.70759010349522 0.333007263014743
0.378127740924109 0.794977983050742 0.139654752979363
0.944770679162289 0.983350385280679 0.908559581742089
0.900683158225876 0.897482237323514 0.588607312801261
0.81892296599211 0.648722246686029 0.687398606957031
0.27694300035968 0.427343838804308 0.39045881564444
0.0536120599240433 0.111950465676015 0.225263548019364
0.36145857668119 0.240489104415829 0.775759142070102
0.181149645915918 0.895358712003339 0.000803355131662495
0.634681100994581 0.748583423931432 0.0893618828368967
0.000172232034474394 2.46893376505156e-05 0.951988649786448
0.000137733889711867 0.000873864933331466 0.0587552581808079
1.85430955099232e-08 2.84991997951302e-05 1.88968749720154e-05
2.55101279547127e-11 8.45846900988157e-15 0.571319514185509
1.93712903952124e-09 5.62703972894296e-07 0.000442148858885244
1.20540481045321e-05 3.78116543230339e-06 0.584522402148884
0.059658838963534 0.0415264168199178 0.875146258457122
0.0308620955316432 0.519666685947505 2.40819049260163e-10
0.000859347869943347 0.0209778548945126 2.32517520062608e-33
2.03534795084317e-28 1.92870791257706e-34 0.667048665213679
5.1887873639482e-38 4.50405950255232e-31 9.67115827317292e-09
1.09496481269477e-52 5.27795181944731e-30 2.70553654867266e-31
2.76428823793613e-96 1.38741023091205e-120 0.970787080042704
1.56319084664402e-120 1.50588859897535e-117 1.11137992096902e-10
1.43624691479128e-125 1.20504391112418e-104 1.7172768485911e-25
0.388035768414862 0.224276202797614 0.906619484934534
0.230157734417886 0.494246629021094 0.311274656853843
0.203895852449742 0.314243754331311 0.0105688266992314
0.179442834728026 0.225519944432326 0.446034514636529
0.370591244470255 0.854879140866006 0.177077503437701
0.00228853677810883 0.0482302981169591 0.0166726465249344
0.00084244203614414 0.00273541288604816 0.0601328523517773
0.398042154228005 0.195583724306303 0.979165542356782
0.789937817579008 0.589661780012138 0.913219881467298
0.144485548601177 0.0742466185574934 0.671814314759219
0.00754873215276817 0.388179215025355 1.56829972914685e-05
1.26032035700566e-06 0.699837152437966 9.81441196239179e-12
0.33777285384575 0.101468515762558 0.885547430780942
0.000408602165557795 0.0113562194920394 0.0112908867058734
5.73291488678891e-12 0.0014195449600365 1.3379480649855e-10
2.15662426165393e-08 2.08823231749722e-14 0.334756588714699
3.05473859513166e-14 4.19131984549651e-09 3.5726369140947e-07
3.51181300393329e-19 2.53743682818197e-09 3.77901711361881e-12
0.550531278374879 0.442392391122933 0.8921504618452
6.35152754227577e-25 0.700494963217504 3.15851912212355e-41
2.43807422383141e-64 0.944373878334322 4.4551981199462e-115
2.33004782753878e-14 1.04625176087773e-30 0.719123063163857
3.11913269032492e-71 2.10291821970738e-34 1.44723949701489e-40
3.11724235292103e-143 1.35913020842138e-28 4.65269852151358e-136
3.46711865541772e-45 4.19071962528095e-94 0.108474373206531
6.32245208144011e-117 1.66466044858675e-97 3.30348664040173e-39
1.80496039873528e-203 1.05447649902505e-91 3.20147907823759e-121
0.822821019687805 0.992738081858957 0.277370923046479
0.872066151456407 0.838721154096284 0.847244952115099
0.972404246850862 0.960492026370297 0.676637096973557
0.0292256438056996 0.022936732044147 0.840856181347227
0.128472263640041 0.154201356970652 0.493061501124919
0.102141771922344 0.0756031786456542 0.611024764871271
0.000578748477532683 0.00150954718658476 0.0843838738346679
0.351148100745069 0.347766013581761 0.933176811494398
1.6730477592086e-05 1.35726769629501e-05 0.743133559396209
0.713331561547014 0.597415025547159 0.484296493356612
0.685423863746672 0.828863671644032 0.307399614440855
0.451705439321505 0.734021452357616 0.035846862210238
2.33440453465718e-12 2.25426335957766e-13 0.496840350417191
1.35338656962853e-08 1.13257246644827e-07 0.0135571525269272
5.63097061185398e-14 2.28270885016485e-12 0.000367701294641854
1.58059505392945e-23 3.37808476975911e-22 0.00522873967415741
1.82355645578256e-38 1.00332018348894e-38 0.164095672000103
1.93816374146008e-38 1.42134097646168e-37 0.0151856511625743
0.90827833507375 0.986955041392345 0.482686207474352
0.549849347499072 0.480934924266835 1.8027851237736e-10
0.153824209916038 0.426613865747339 8.29787528596521e-29
1.9624911704201e-115 1.83305883822619e-121 0.989089769008175
1.04926918647158e-120 3.84037166569532e-119 4.43836775130193e-05
2.76290672484203e-144 1.11825600871048e-129 8.52706946512422e-28
2.04073123217623e-257 3.78089152006856e-269 0.470914580544954
6.02633409252079e-290 3.86657870554371e-290 8.24648987186395e-07
1.64793574371927e-272 3.13066612817794e-265 4.24947117716597e-13
0.540724174537704 0.870141173635889 0.078104453584452
0.907399052975711 0.386621989276114 0.037058041285741
0.666915555858791 0.781671871976109 0.663149402568132
0.0671433160456438 0.124564823174708 0.250486770823364
0.0724451390988797 0.136574836460359 0.25675780797917
0.0808615863256596 0.165307754764834 0.215994642705462
0.00412640177212926 0.00113096695736879 0.954276441048847
0.410716426822909 0.452835623070062 0.703445782154207
0.000140943162347231 0.00021661418078296 0.193009664902867
0.0369993226650369 0.116689119270923 0.0911757026789822
0.0663113221705574 0.896165391074866 5.2249075142685e-06
0.00129722830050096 0.566281513367337 8.25766312373599e-11
9.41230387912118e-08 2.79698699009122e-10 0.593038481286803
1.86109529105985e-14 4.80403705733636e-12 0.000258024692028799
3.05276828038148e-18 2.20097762751908e-11 4.22566238440754e-11
4.73008697047436e-34 5.63434785688478e-37 0.0229675719126459
3.24411573862485e-36 8.39868210574609e-36 0.000266969362681784
2.35658833072201e-33 7.86471032904416e-26 1.94562005181874e-11
0.563016136133341 0.93272441927699 0.238825951427127
7.94328821952567e-08 0.553458462829773 7.49500627933174e-42
1.26840955887929e-21 0.822232475610134 8.34472849862764e-116
3.37235205830545e-95 6.98909135043412e-126 0.586671265008076
2.4676505757566e-146 4.5895827408612e-125 3.34186436209332e-33
2.6472421139829e-180 6.99348008900402e-107 1.13167776684429e-116
2.66532729545259e-233 1.77093374209922e-299 0.625742909035312
5.06398265742668e-276 2.49946566155787e-281 6.61525917650099e-22
2.27270197086973e-322 1.76875599500178e-267 1.49319875773812e-81
