TOT AFR EUR
0.786169722749054 0.855357748329379 0.818710075918911
0.455061173927666 0.698441689409001 0.371163579922241
0.592583891496231 0.27979364127143 0.000222845902515654
0.631517005598291 0.845618963493314 0.504340593370524
0.462741824566851 0.990785549133849 0.0924387010015311
0.14017474158683 0.283026985471714 0.239920853169216
0.476682428188984 0.917153367783584 0.0894697020413261
0.499804125506717 0.856827967820099 0.233745001862355
0.0137234502810617 0.00602354131801002 0.907654260752159
0.36881798631015 0.546441635873737 0.366609006846128
0.676265488705366 0.96445777716841 0.380011126547367
0.96672236430479 0.74283669102377 0.536294406840097
0.736181685828133 0.227971782589677 0.071434084582528
0.288208235677375 0.403967614574742 0.444565253067819
0.740066151748328 0.986272839073059 0.464651013065641
2.09796665110272e-06 1.77937050103077e-06 0.334294555901348
0.258186315150149 0.431380307026178 0.337590116200535
0.0634426442765223 0.0606410932110642 0.696625199408905
0.642536832645306 0.453510050561553 0.618092675267413
0.537556903211622 0.544560055942916 0.00623795088901489
0.00961537910387058 0.706677830173397 4.81018934079505e-06
3.60670766065567e-05 1.52529155117813e-07 0.219591910906154
1.59888927465007e-05 8.56903194862997e-06 0.39272128104059
0.00646902026662316 0.0922779395084388 0.00251613242419665
5.58646292518747e-10 3.13499242084466e-13 0.665212295368729
3.4367853186904e-09 3.00427445284529e-11 0.8406183031595
4.28221607082993e-17 3.4398624960622e-13 9.71196481836095e-06
0.332421563587317 0.0962563934883678 0.87836560755208
0.115586871502856 0.67860143223052 0.0148945172598917
0.0770513464459896 0.173752813462269 0.228222464715798
0.912155496662347 0.201494608411552 0.193017811356701
0.212066170704667 0.77304137437875 0.15191281678904
0.603495988839512 0.574469306712616 0.232491198464472
0.299260818704235 0.083660232675532 0.799893123545706
0.799141691514083 0.922902465966833 0.666001308497732
0.471286267186858 0.347123344980486 0.894958885519123
0.827612379017593 0.839208290868372 0.902115163022301
0.515679204686199 0.226202083861359 0.873454533244686
0.0152224818208381 0.895694394999402 0.00192348396989856
0.0476836763827507 0.169950065349175 0.139459509187996
0.106805711878761 0.60663358350082 0.0863487162570444
0.0841282302036519 0.928137446326294 0.0304172841281962
0.721302436636175 0.0721445161102909 0.306701302922164
0.151279726437813 0.691771990256404 0.119743753784487
5.33027382295805e-05 0.221731883882036 1.49685084809263e-05
0.41479888627821 0.919246477334854 0.323881583481951
0.00161309846682154 0.586842763714822 0.000132697012368958
9.51850244888971e-12 0.372188615830217 1.92509524678233e-22
0.0188980706639984 2.8342656523406e-05 0.717805879066038
6.11048044134075e-09 9.68224326400524e-05 2.03424810428254e-05
1.12899341425758e-10 0.0941891620094699 1.85208581629123e-13
0.00236802448477956 1.35781307949058e-13 0.0328310014345039
1.0194276200949e-13 1.53373112887536e-18 0.00477075502473034
5.06520754875194e-19 2.72890951922824e-08 1.25879175376508e-12
0.820078124549652 0.809073489585366 0.971253705447775
0.535501279051889 0.533116068982623 0.955363882724802
0.874789564279344 0.850167420825104 0.889979836889854
0.972141477099622 0.971939991750213 0.997761675656722
0.825058017545221 0.568968348239901 0.162234363371216
0.70980252800706 0.820710839966907 0.348955300705923
0.0848535683552142 0.187143403467188 0.0226626246836896
0.0238962498074726 0.0116197149367674 0.282629548233624
0.00719333590744418 0.0314266450974871 0.032748081770855
0.232107501868228 0.218663185531451 0.97336365916429
0.23038549558622 0.240473755502931 0.811462691491288
0.537580614041122 0.420369619526601 0.293876661614516
0.181542075856397 0.134440922232709 0.62157407352315
0.808572747179442 0.988421553904627 0.206937526400871
0.590133793954631 0.574709618545696 0.97875734124306
2.32926641347978e-06 2.84500568510423e-06 0.416577340474957
0.000949930989954505 0.000996036026716847 0.675229580919519
1.06653520444032e-05 2.76943346214596e-06 0.222316287724024
0.91617503181244 0.810967807822423 0.112958224270294
0.358487116939649 0.840052000314213 9.29330839579334e-05
0.973504690591761 0.550683338876434 0.00036544316744684
2.3415829972256e-12 3.66955499347801e-13 0.665476383568254
1.47656160137408e-14 2.71350378891366e-14 0.19294497947354
1.92862557913148e-13 2.21608597498279e-12 0.00439828629117025
2.27215022209481e-25 5.5847339508284e-27 0.797807678008687
2.01992399082897e-24 4.19392705814348e-24 0.0246888795853852
3.90904468469108e-28 1.45440923206742e-27 0.0215679655084371
0.474684808240948 0.0230407200852151 0.00409152968183424
0.424896115491418 0.340315878039381 0.915317524084582
0.417627140848604 0.637615436116044 0.36482835606677
0.825314033307741 0.834364636176176 0.931930415744071
0.792002515212535 0.675551085276182 0.811103419424569
0.0292721180848194 0.0975902505700589 0.0929755824392983
0.414311854956934 0.185416762558673 0.346402417781159
0.246475344543324 0.105819942819125 0.426324646194743
0.678948433138299 0.8645888054717 0.480198401993795
0.937858317435095 0.758943355349128 0.383389294885186
0.965200078371681 0.692356177774533 0.429629840620014
0.520076769478174 0.567828717621531 0.00961901053442278
0.0269075163103663 0.00603670895877159 0.594701354441155
0.00266324143437726 0.00772951716192561 0.132171663781188
0.00383329837672084 0.12654432885849 0.000529376082503189
3.7738151207716e-05 1.10897904331504e-05 0.596526251094171
0.000532500211702343 0.000774340529915033 0.23085652834717
1.24737739760018e-06 1.20164345547004e-05 0.0238169068416986
0.261043913110356 0.466794934379796 0.276152602784201
0.653640857787583 0.209291180020208 4.25099976271331e-05
0.00815290094054667 0.510359519323961 4.22830770404987e-14
3.03282877890423e-10 1.00280897784265e-12 0.938376225659346
1.51019888412528e-16 4.47386369514463e-18 0.113120554719133
2.49399230706013e-21 9.57271450482362e-15 5.60615621370752e-10
1.15029680082075e-34 5.09942761364028e-41 0.180393934813869
1.1516851166046e-31 8.76566123111359e-29 1.34519254337184e-06
2.66146907568139e-23 3.67387922151452e-20 4.6878341050437e-06
0.603407394733657 0.642387789577558 0.818545433230591
0.517808852001945 0.632663619783332 0.605806607515424
0.144826491120099 0.568120365055578 0.0310767212233183
0.271161189978902 0.107494926740156 0.471929997032622
0.0819220433815532 0.0288895853581362 0.641921590607367
0.822079140290923 0.817805148540503 0.322015822546284
0.647996875285718 0.619478717918603 0.97338220565151
0.0293381784469691 0.0345395052383115 0.491974442066998
0.821031817743707 0.472017810778088 0.374531373046125
0.371208483642721 0.447431123225995 0.62631943895537
0.340450908112641 0.550194581268582 0.342827704480948
0.0145112659207825 0.300423120342839 0.00082434826158723
0.70825848778921 0.452379995341955 0.483865973342125
3.70038418223159e-05 0.00972159961606201 1.89037965213477e-05
0.117206814663675 0.226691122046044 0.250719906319474
9.99754798398282e-07 2.84157954858955e-08 0.855531397115019
2.4206690139304e-07 5.82861306266602e-07 0.109451772476259
9.70921427094228e-07 1.74698318959576e-07 0.611584620704336
0.00507650910805931 0.044488211349466 0.0256607689685985
0.00201497240438695 0.443507467887178 6.3258063897795e-08
8.83813765685336e-05 0.69145531421651 7.44321112395699e-16
3.98950730054257e-18 7.96727448790304e-22 0.784917401992051
1.46021860092927e-27 6.4831166622628e-26 0.000700040718260716
3.79332859555882e-28 8.73397000399692e-19 6.21606475263971e-13
1.40629569258203e-37 1.80281404096097e-46 0.875167534518038
4.32083755441423e-57 9.8660695609985e-55 7.28107756429351e-06
9.44307140680365e-67 5.2958930584933e-55 3.15456304071382e-15
0.482172783481538 0.427104342420321 0.792379612483131
0.795755962244789 0.822179969141952 0.877695943241412
0.426889583552607 0.241886615383454 0.0422156948021335
0.0408418650287928 0.183986973228341 0.107326117432055
0.0455302819867867 0.334914171993552 0.0681670367328675
0.48804575647036 0.261520000904405 0.969562117012558
0.0215060362686251 0.215393531709341 0.0457589163614749
0.825739690072291 0.128793165970713 0.339863843073886
0.559641391138235 0.762111999347067 0.294404756606319
0.898759034190787 0.372714598669594 0.556294430244608
0.0159333730853363 0.694110284597996 0.00041797839588193
0.00025725828326994 0.611307726315744 1.15736395310636e-05
0.0438743854164881 0.0225151039246683 0.483160930678964
0.00174988876200326 0.0921651832569526 0.00670210025016058
2.27913857780421e-09 0.00473811851598468 2.48833887562244e-08
0.01064661258552 1.37432600655942e-05 0.792052632648036
2.68409965342002e-05 0.000121966033306314 0.0196663486957746
7.75437824307977e-12 5.36142377042662e-07 6.27066958162e-07
0.775363075102347 0.914088381519614 0.774086066597048
8.41887473506513e-12 0.277819349721417 4.97309065519293e-24
1.42353888289195e-40 0.407848643603882 1.15869888860142e-76
1.94737078856429e-09 3.34735322782048e-15 0.200885030284051
9.25092680007357e-40 1.77211553273368e-19 1.34154048311671e-24
3.53817149817218e-66 2.10529030644417e-12 1.25207294221068e-64
5.82548064859198e-24 5.10130957460686e-48 0.409593647960665
5.0449555173499e-62 6.06628510076458e-55 1.52806505659818e-18
7.47544669719647e-93 9.35764197150231e-35 8.31639399850894e-66
0.00733183609358531 0.00907828979751994 0.433591639801054
0.756494730080653 0.908849301336724 0.31667079007977
0.72017327366731 0.662703913478868 0.768346505638813
0.433360089757873 0.552658219558472 0.318342480772278
0.296047930175731 0.28108335020369 0.982058763060177
0.255879267352523 0.219318832699481 0.733269368827372
0.994902351746614 0.907342486665019 0.533254600979017
0.183799875585135 0.0780104258250204 0.0357514292229644
0.000248918792194028 0.000822398702469043 0.0285241716168696
0.479683232538232 0.360108555752169 0.369440215944454
0.414550761468464 0.6498183368361 0.0747855948585709
0.886263247073456 0.98666326706893 0.425654800945309
3.50766399341905e-09 1.47460543610098e-09 0.945556170694781
1.48704067731946e-06 4.2330966818043e-06 0.0855853019489561
0.000188935290069317 0.000445997248692758 0.102308801816744
3.2942816822548e-14 2.99991902780108e-15 0.655230876059346
1.63845647379125e-14 3.14576416994713e-15 0.916886044007487
6.82272680303935e-19 2.70902950736055e-17 0.00125666593264968
0.815121973469466 0.846998606396266 0.819303995826136
0.491492951231853 0.686918324340188 6.45909890395704e-07
0.334701845701506 0.589075276844027 5.81874706994892e-16
1.20934625290626e-63 1.50969834148108e-68 0.325792366136727
9.85755908559909e-88 1.9077017005599e-83 6.93962823085971e-08
2.24826248761872e-61 6.97862193476675e-55 2.68738450502542e-12
5.58842787743136e-138 4.54686875895607e-146 0.83166572408193
5.72119061250906e-157 1.62205827183023e-154 2.40565433000984e-05
2.27739754160244e-129 2.24182896557707e-120 1.8326306152575e-14
0.882028983973953 0.995396805527833 0.738180606442924
0.954078384609276 0.983368583479327 0.927974495487027
0.172922246011298 0.37089039271751 0.177804708760439
0.887559221815275 0.832442013776006 0.441342185303935
0.0520121587443378 0.0686872404546112 0.412287089801733
0.119435219333432 0.0902498568320161 0.875926947741384
0.24447236562628 0.123660823716021 0.643231636377385
0.404216966893037 0.276251891159029 0.76425034208373
0.510741383913539 0.469621295193306 0.966247013200441
0.868048959192291 0.553692129093796 0.0991490131792606
0.0132047596701889 0.0912268652775068 0.0169008743107882
2.77355939378741e-05 0.140346097556581 4.30935426089026e-12
0.00592992338590227 8.88329716258074e-05 0.0911568456552857
8.48139303383965e-09 5.29220198627492e-07 0.00153486492078012
5.51220381082597e-11 1.03081314142686e-06 1.37805336533449e-07
5.78166284947725e-13 8.80078149974516e-17 0.702314301642166
1.34725821100462e-22 3.7585683075634e-24 0.0381472023099089
7.11483662962257e-20 2.04582591208319e-15 1.5059575253239e-07
0.882051388558218 0.672322209562672 0.575357074428363
1.79612960522929e-10 0.0237279622499893 1.51986344760823e-25
9.43617816208259e-09 0.0996407362248401 4.76162113010616e-67
9.185478766397e-56 4.51420506533476e-73 0.91639423267644
8.12394504026118e-92 1.31369089741203e-72 2.17614735711401e-25
5.20807574087345e-85 2.65462184878872e-56 1.02002743262821e-41
1.40295229039604e-115 1.25739547855088e-157 0.200725378397306
6.84614335303585e-135 4.85721921829694e-146 2.50869751592591e-08
8.68398233357469e-133 3.31360271489296e-117 3.35746078134733e-26
0.699916107348923 0.99314861835027 0.386587664837869
0.995920314328675 0.920495748955346 0.829149642369524
0.465929450376908 0.778864468001358 0.0265886449370816
0.839957777793705 0.574873766579424 0.499536699723265
0.0971493626806542 0.26549298764239 0.131311115198398
0.175417301265116 0.416674540678862 0.159304011263642
0.149161533744797 0.234237854838403 0.387808477354147
0.277692268324858 0.366809429615708 0.521514787626225
0.0338938453892137 0.179534728417278 0.0414916632831625
0.514635425479095 0.32256205756607 0.595116224505146
0.808710455315488 0.92107143351081 0.456111062212553
0.956967810394779 0.417193032318442 0.082039539297807
0.0240957214024668 0.0111964987896274 0.987274932153861
0.00774770922850609 0.0145219507356644 0.265534706703752
0.000508554918757013 0.0168770370230785 0.00271442819030437
5.46100168540269e-06 1.00189352361681e-07 0.621499022043072
2.67651837838016e-13 8.22971216935916e-12 0.00676946280166119
1.71240546587204e-10 1.00160533173451e-10 0.154081465175905
0.0228027948892022 0.051257326503019 0.225535866639796
0.0665291043448426 0.218094900857559 6.51883803798496e-12
2.64087839466406e-07 0.459918352990463 5.72421872370809e-38
1.16239775282215e-26 9.47777406018922e-33 0.757956846618933
8.59081190218814e-41 3.89752946774275e-34 7.29101560825095e-09
1.26211159483715e-52 4.8115658471767e-28 4.98927904815456e-36
1.11503871151545e-88 3.67723165366551e-110 0.829447009852232
2.83207970775001e-103 1.71804806702239e-98 9.25920524811967e-11
3.77788235295468e-127 1.99474193242645e-106 3.28058163728243e-25
0.701129287423812 0.861368324823415 0.719744091221766
0.846785337242202 0.513676555788414 0.765904354259358
0.76041107645583 0.818253348334516 0.837089886762564
0.101769375709594 0.380094598828256 0.151004616528258
0.0841618884405708 0.283608306549053 0.166371377827238
0.247408814755172 0.298445574494793 0.507728678663126
0.404338817249519 0.73467156407026 0.414064860047275
0.052649333473456 0.0951490369207099 0.247679642348573
0.295090099089337 0.576297210554949 0.0604505165317939
0.592419645576591 0.688494043710294 0.294651574922663
9.57085290225581e-05 0.797897761830138 7.04870928798247e-07
7.28719935961317e-10 0.0836713359251868 1.09232901806401e-11
0.336838144465453 0.00371994525123765 0.241262937013588
7.60257078652275e-06 0.000508675310407872 0.00273731409493514
5.17616815754189e-09 0.0594304271177066 4.54945515486873e-10
8.26164279188487e-06 7.87536937008233e-10 0.531383386984273
2.08808306675106e-13 1.28197236502406e-11 7.75904826754132e-05
2.38064778010425e-14 3.80371908270541e-06 7.27883245525242e-10
0.0986474019869964 0.11091228612831 0.4080299997103
3.77275634860725e-18 0.731434375279838 9.22637320231255e-33
2.91027823673664e-89 0.235728159355264 2.23859776512315e-149
1.00822487471037e-23 2.15494373908738e-46 0.209359465543919
1.27330370192323e-57 4.15089401562024e-30 3.41192488540867e-30
1.03638235625388e-135 3.54849570189357e-19 7.39831860639532e-147
1.79632284071551e-52 6.06911653061304e-117 0.593028105698347
4.12975907233927e-117 1.32779793059934e-100 6.9199329266569e-38
9.72426390983748e-194 5.1915415505936e-91 7.51966958563752e-116
0.245291900645773 0.400510267572117 0.0655831984553299
0.797458594843152 0.796199779866289 0.97965345853242
0.823603344243248 0.866211908762008 0.0650269155573317
0.173861871163783 0.199022426473225 0.601951061702593
0.00919799913771868 0.00344793723081678 0.183602371505898
0.123353856073695 0.0831916328385616 0.489847710767464
0.0102544745642834 0.00594166116576424 0.559675860999978
0.524966161419291 0.664888063957394 0.286039255459941
0.00488869353714426 0.00480369195308861 0.748484964785356
0.550042962552113 0.650685324421674 0.455292227772429
0.536690729993711 0.850583466981995 0.0336170061775003
0.333661748999229 0.713344811999413 0.00221458913261084
2.15370921070312e-15 3.55955374130863e-16 0.899582589915384
2.97660346244446e-13 3.80929900274467e-14 0.685480770807089
8.51810940852258e-12 1.50762807240575e-11 0.208519021245003
1.21756314321634e-36 3.8647186415692e-40 0.156156259446853
2.43737412511854e-27 1.28381076530455e-27 0.260945175825515
2.2822995145523e-25 6.19710785618539e-25 0.105032125262362
0.685601440161586 0.594892507963722 0.576349478667446
9.68385569698737e-05 0.00736662396293672 1.82197211521374e-11
0.0113411464649561 0.738294791214332 8.7227340367346e-41
2.9157980429865e-113 4.70230439186383e-119 0.979252304442027
5.81629286713349e-118 8.88548121335812e-114 1.08669086965032e-06
4.28249937420224e-147 2.12401243080006e-126 9.11723879850775e-36
1.21856236819118e-267 8.60525843865435e-281 0.642642448617781
1.85305298340628e-295 4.17154177299556e-298 5.66906935106372e-05
7.85039878391324e-296 4.31903037579693e-282 4.68871542515952e-24
0.35752026145338 0.369183039104385 0.76081514987277
0.925043413085262 0.228095520342116 0.0203308356413167
0.410696844590825 0.909570864989424 0.0316159213708067
0.406906453813383 0.222069419347857 0.545797020967369
0.138258075411853 0.0910719776273602 0.980172312730928
0.037928693177133 0.0573846442898881 0.323154010279291
0.20137588003775 0.0462781084308445 0.2647920312396
0.0820740246470087 0.0175023806422559 0.403953913855385
0.000193091218007913 0.00212801102464891 0.0146757176761928
0.77868415351014 0.473939410138826 0.415108927526559
0.114818427418768 0.805603122739194 0.00153002346058085
0.0160438330824467 0.173170723098406 1.85552565998938e-17
4.08304787718708e-11 1.96498619492415e-12 0.356658194167702
1.58682095476912e-13 9.16393187239777e-11 7.60911802667781e-05
1.29189514922973e-21 9.75484295080365e-15 1.14382384381665e-10
2.66629998227136e-19 2.13555684354143e-24 0.966581936241319
6.00679398078157e-33 4.87396609622874e-36 0.0285731411079006
3.05300285621425e-41 2.84996034324732e-34 2.25259175788657e-10
0.0254628715179909 0.0113185418926747 0.987338518516056
5.97753162911346e-12 0.458919237033828 1.96506614910245e-48
4.62717902906826e-22 0.591683218439574 4.60287808939236e-136
5.13839192364125e-107 6.8332014625666e-137 0.96178984956623
5.48116083577668e-144 2.4587215275782e-113 2.72830032783761e-40
2.03118308354299e-187 7.87798164436628e-109 1.33173083325219e-123
7.7208944068017e-242 6.76416184423254e-312 0.846011937306748
3.86114655910146e-291 2.72977173319669e-290 4.98139962836241e-29
7.01643686980336e-277 9.00983921993246e-237 8.93879023938408e-60
