TOT AFR EUR
0.83724893375162 0.6630164428689 0.699252686353063
0.104483640445493 0.113371933587574 0.63376678348304
0.84327822028073 0.496868857745957 0.0403312582527973
0.502110839526323 0.977097913736924 0.127741629961475
0.455722920607659 0.117730125732326 0.144963687011455
0.826227588098782 0.73925420708448 0.234928642047748
0.042578694930567 0.0225456114656975 0.953283737954187
0.414752157923264 0.563535302757816 0.483227547468454
0.556298836192903 0.643774313650831 0.0308345522655953
0.361340356345913 0.207178258393737 0.604728979528248
0.706970131578441 0.48001619502663 0.0178557699573174
0.0426584634158539 0.0393819900267754 0.644658347661042
0.135414795858992 0.271399867427881 0.227495617907609
0.361964858385517 0.653767046667517 0.208114601638866
0.505611688632347 0.980501358364512 0.119271537448519
0.00325355356985201 0.0205642799334284 0.0402124181632727
0.0812973679847958 0.0936432607377484 0.600778362174616
0.819821900805561 0.759161041412317 0.923226407093049
0.914727424535378 0.624623620721473 0.463212629985079
0.233192998014334 0.668326639545688 0.0736038729341711
0.0146382912732642 0.431035256280236 0.000141735669146095
0.0304690072727271 0.00162715427090682 0.088438161363199
6.38594248240067e-05 0.000207480758648306 0.11602427093979
6.51303149805398e-07 0.00165796959231137 3.31922965957146e-06
3.21763202318359e-11 1.65661637717078e-13 0.834202752221004
8.41296773021545e-11 1.81022298909584e-10 0.0771110998208184
8.88802184127377e-15 1.90677928500409e-13 0.00378105522697482
0.788037596958638 0.510355796261171 0.832332556941883
0.760910191500503 0.0404246778306665 0.163872622306648
0.456399822207979 0.250433120405423 0.0535982075005422
0.30939769234926 0.46676013489555 0.455659501256424
0.925561764374941 0.763179792868798 0.691707952986432
0.161774864603334 0.572048325317755 0.171017101532524
0.374165950051125 0.502441650073108 0.0901410570393846
0.456680193253368 0.675174888760784 0.536479543534259
0.0738672078430679 0.36296141012817 0.108567817849901
0.389063744301655 0.39319599206827 0.0631760850988676
0.707897310157596 0.808106404624683 0.479069234659861
0.958279229106007 0.536750829814037 0.629284075440431
0.924373087569988 0.370664381162183 0.386501263119788
0.274628428095533 0.241166690415008 0.667931529560755
0.0166605044770189 0.0452359298428243 0.138371131942697
0.826497018007754 0.0540091585230493 0.182750982268885
0.0131781128533081 0.0041848919189716 0.361230883703667
0.000950668769098493 0.0192651252681767 0.0140069274483405
0.516445925948871 0.0440527655144199 0.417825381094074
0.00289188247102835 0.460591618022406 0.00176561494756693
1.01515005221446e-10 0.659614860255968 1.33136614936741e-18
0.000141846117675277 5.51069865865257e-05 0.142788690954596
3.32914649153803e-06 0.00566967212805155 6.88030024111441e-05
1.13837378519491e-15 0.00113132131778809 2.56902772108556e-15
1.61730044210022e-05 7.22098249434435e-17 0.135073863967692
1.12231688661257e-13 5.89710120642567e-11 6.56160842630215e-06
5.89915171017716e-24 1.40496178479647e-12 6.19986989174756e-14
0.839706981446802 0.792143676252337 0.796909279606228
0.98321041380835 0.783731012072205 0.235598733947219
0.713138702940746 0.539024840126109 0.143543979142108
0.291253414952819 0.355165197330158 0.357814658861458
0.534700252006479 0.675932543524777 0.236798244137928
0.515835933000089 0.813467236924145 0.0192581555749709
0.7935703296904 0.679229863659485 0.450254010165451
0.123258324241148 0.109715337050102 0.814941285621175
0.105771528829452 0.175345224520382 0.140018382581365
0.964227656650974 0.947130372496218 0.881171934432167
0.364666337440152 0.432481705384735 0.481931339648189
0.214689211261607 0.21662334630837 0.850994171863614
0.000132151769575989 0.000142285977360532 0.550670799277922
0.0212817958345508 0.0451299514327024 0.085533998128152
0.000156294486772654 0.000272399498080821 0.171828169298822
0.0460821262862315 0.0317760476237469 0.514613703954969
8.51145027890915e-05 0.00044021837508231 0.00226481346389848
0.000284362046201147 0.000352318670317308 0.505359023523845
0.782297577323251 0.728078321795605 0.759500091084928
0.971467165982591 0.55206145906348 0.00226042241929775
0.15852473724786 0.684073867187644 5.39919016444323e-05
4.17803849569036e-15 4.98466755720243e-16 0.744536761085627
8.56320052039671e-16 1.03016374606982e-14 0.0122399541111612
1.44839237708e-07 6.00744691885304e-06 4.27804797010986e-06
9.45128210666004e-44 2.00740390374108e-44 0.161834882944837
1.0254215120532e-28 1.95911817854931e-28 0.101761528324114
1.30601425422485e-26 2.92795823620644e-24 8.07481976291643e-05
0.099638449744209 0.112932568871406 0.552950530329535
0.670136321324553 0.592131378049243 0.913646880586669
0.843486954144743 0.907046345308461 0.820804457808966
0.61699322868069 0.657057023037231 0.790989931411203
0.53951461633403 0.452102438455969 0.917069193471416
0.184390458911493 0.313955383882843 0.294978297668948
0.115192391272556 0.13831094365486 0.494414188251359
0.267812345599366 0.515790810101167 0.194215721286002
0.244162413076012 0.219247061661572 0.84450746808804
0.153106756348771 0.345498630607197 0.164231254680516
0.0637307800653628 0.0214239362181707 0.730288543626989
0.110931193348809 0.685599890740338 0.00580150750428974
0.00730950826061107 0.00983397231773549 0.374185138367153
0.177375460346508 0.227894486075887 0.485524888704838
0.00360884029515153 0.0405065242653288 0.0146997387103558
0.00783837381601086 0.0014804235813841 0.793961497045356
0.000331702744366193 7.51386946693312e-05 0.848480152474513
4.1242737940862e-05 0.000145597572988862 0.0457157349374664
0.0624415007106649 0.121584379091523 0.217228180593026
0.187387536377062 0.942138301576468 0.0022984935357559
0.00456099920260415 0.326115044775751 1.64763442364935e-17
1.00637851396405e-15 1.29049968675334e-18 0.525330076032054
4.55658530120088e-16 4.78141036844592e-12 5.46898713178539e-07
2.30019162248947e-20 7.10779277221913e-13 2.55943508092789e-14
2.0860315373064e-30 2.31191216150841e-38 0.829009483574295
7.24379707853896e-28 1.48873961926635e-31 0.0985379588629507
2.61328960887856e-33 4.59051402176935e-27 2.65961606176819e-10
0.147553068880293 0.566239479234005 0.0399874431538369
0.367263421991367 0.0975176233838095 0.163457028514692
0.164263068113424 0.21513414601873 0.513741400425092
0.422056302275645 0.668635232650612 0.345489286749708
0.31622712230861 0.562741002510056 0.274742669825945
0.651754296563743 0.247425053906733 0.191923748400571
0.0546575464679885 0.0429089570204521 0.805892749280037
0.735226600871394 0.683113031727336 0.94669598326604
0.609905139168682 0.344563367677109 0.492217268949407
0.588506918698425 0.359340282115846 0.486989767010967
0.983056414885686 0.567878141472871 0.252723582240256
0.105005362721299 0.745532450431261 0.00233051531314654
3.86034947709911e-07 4.72589655146179e-07 0.200905493201942
0.00166698512209511 0.0170065679664682 0.0143856651672674
0.00166116817139293 0.0253417518077006 0.0102567337583776
2.06725847862106e-06 2.21123521283676e-07 0.728190320808477
4.5020395936091e-07 7.58330546910074e-08 0.543783600578688
5.03988378808589e-14 2.58799875148651e-13 0.0206820524797231
0.910857106433249 0.54290078337031 0.314230914957212
0.0624763375172093 0.249311984512486 7.19508135144397e-11
0.0701534339587807 0.0989478234404367 1.06403242411788e-13
7.26244468038639e-11 5.45802419234465e-15 0.293962173519184
2.16216765676363e-17 1.25355972380148e-15 0.00246318651039567
2.27254636433802e-27 6.71716857885609e-16 1.15711175929968e-16
4.3576145264215e-48 1.59933265814361e-60 0.897316390569481
9.22002001679476e-60 2.24343848878173e-59 1.50882881075254e-05
1.39419780887288e-70 5.5486486480979e-61 2.00932402347301e-13
0.162352333373771 0.0368561439100614 0.949962874574318
0.788906237277204 0.46825498557324 0.789801425527265
0.783116955579254 0.405122363485068 0.278792536475885
0.312239858100397 0.366397281384084 0.559207885982745
0.243247207355785 0.831108777632167 0.0802997546117532
0.311742625172778 0.496502098286338 0.0547209310297962
0.521296320565156 0.950905050381757 0.366911071076735
0.0240840164879886 0.210790766139962 0.056358065435746
0.0241187126902441 0.420123171862738 0.0207553672911837
0.410060273794914 0.736776523633147 0.423702186481551
0.252763155504335 0.777967702418453 0.0813645112048448
0.00580530422216025 0.739700432339411 7.64341885494088e-05
0.0770886222865783 0.0635049656650716 0.445289175358756
0.00793938757204259 0.00258625561536582 0.298920535920198
1.7443871495749e-05 0.270786570697083 2.18428520525221e-06
0.00311775862932051 0.000463767052330726 0.339894316588832
8.36537403789076e-09 1.02529032804713e-08 0.00698271707890147
3.15099123331165e-16 2.7542867784282e-07 2.00614269100814e-11
0.535606020786171 0.790126224883161 0.299984693264147
1.4815190415195e-16 0.416316796664795 2.38887586415534e-25
6.8160461736764e-42 0.630356761532855 1.05563109418252e-71
2.86238819765437e-06 5.16566918749362e-14 0.879909560505175
3.66691329510011e-43 6.87121591668693e-22 2.19104970881872e-24
4.1575331068759e-78 1.38309762000243e-11 9.99351476599601e-84
5.10386963129499e-20 1.24832079416368e-45 0.838657025782554
7.97544526353837e-66 1.63282308478913e-49 1.989794623423e-24
1.03487840617426e-108 8.68520316439104e-56 6.90943810446475e-60
0.676443243749264 0.43670161677838 0.102377097413759
0.281380815222911 0.317930489712048 0.593331953462408
0.761705008410516 0.737230906983534 0.901960261236001
0.392666379522714 0.278538392455696 0.316809469933978
0.373232143858375 0.422964680834761 0.584058057758208
0.210257052581891 0.310145330984745 0.196095561565361
0.0107914576959598 0.00686578698553781 0.635731673869087
0.00267786716839948 0.00251264641990538 0.772736330221462
0.0138427409785307 0.0108763947148913 0.87827931301963
0.584120067656189 0.481087037027316 0.504903331347523
0.179600532544031 0.239785102439973 0.333227979932086
0.371499453656337 0.534349683101804 0.140981185577224
6.85875690676738e-10 3.09823386569426e-10 0.853264476884832
1.03625491617824e-09 1.86408114728618e-08 0.00384804127742497
1.20015177884219e-09 1.43694303243171e-09 0.404754037850647
4.50687347171346e-15 1.29621257143594e-14 0.0885369449918851
1.85620585912071e-18 1.03102784704834e-18 0.411945326803579
2.2177620494221e-17 2.94475994565021e-16 0.00726275417947524
0.936954889104644 0.752424217944527 0.254645540755251
0.0620584592219081 0.348049218626428 5.80561174887393e-06
0.232006474358961 0.724068845255981 7.56430514660584e-14
6.04126259999812e-73 9.71631811298946e-75 0.245003531841486
5.57755994721139e-66 6.75987426708026e-62 4.03154783705637e-08
1.59609667843927e-67 5.61779500210967e-61 7.54010936738563e-15
2.43356916665045e-137 1.71163974409548e-150 0.0354941339049955
6.35759158615236e-123 1.43782655414915e-123 0.0105513287625981
9.33015004731297e-152 1.31766453418643e-144 4.16391224243119e-11
0.204577382157767 0.163298193196154 0.911090982092975
0.649807726814496 0.265526156332323 0.21113341291748
0.0200842798788696 0.156689519407116 0.0117870451241845
0.592681028544235 0.731114251783197 0.586395342564841
0.00182955352007625 0.00208088317343516 0.322220892302148
0.377530074510323 0.901513762670181 0.0661615859184752
0.0203307259341925 0.00633419228153183 0.856035212161358
0.380304473882774 0.282490571089654 0.852764048642183
0.0448938967340678 0.140164143750747 0.0888682341834757
0.999564613413854 0.588637567947387 0.265315550718461
0.161531326795896 0.937242887052765 0.000980244965080304
0.126895007607348 0.204147069011375 2.30923754602046e-10
0.0731588166133827 0.000830222222596402 0.00560757520521406
0.00498977008842595 0.0180860834246431 0.0877364658173234
5.94574937028695e-06 0.000101604975676999 0.00801582427273109
6.42266078826804e-11 5.3198868540389e-14 0.835131973539212
2.94966343252026e-18 2.23173561450539e-16 0.000367873870736339
3.07355204480113e-16 2.88440784347187e-12 8.37041334529775e-07
0.10809323988741 0.0403775813571141 0.653976247250605
6.6135219535097e-06 0.308219038187107 2.43250041293237e-19
4.15914252842958e-13 0.974288926541506 1.46350852928953e-66
2.16484418910407e-62 2.45914236455978e-73 0.0965227056690209
8.63649120254735e-76 1.57424537798709e-61 6.00852275699049e-23
1.18989239407405e-97 3.19168852527017e-57 5.85901150182441e-66
4.00981460886583e-108 1.39820631177208e-138 0.647936946028829
9.24427320740032e-132 1.62390379894008e-138 2.92737254725567e-10
9.35180676343254e-145 2.77092188907046e-114 2.96990681839704e-46
0.472994027209675 0.496126840104607 0.797982999949416
0.172979639409406 0.313079989584696 0.29293362431755
0.250049494242535 0.188466911888664 0.969062749684263
0.329839727304036 0.0591911063430064 0.111610714009565
0.313585645139241 0.391670873995359 0.592770481273112
0.125528384254313 0.115165091222272 0.760418634861128
0.00449957886384091 0.00397942958410808 0.518733456593376
0.0864097957592586 0.0445304994865293 0.866517963970182
0.150634464146891 0.39319173121359 0.128073938768224
0.329440362222919 0.546263215955131 0.342413894577021
0.738623524754886 0.539626331384579 0.0515483131112202
0.457274854036459 0.0761998292883038 0.0645593342822582
0.00150248213457279 9.53682385500085e-05 0.481383639270693
0.00200552933634775 0.0123629915764533 0.0510185021854147
1.50029087894155e-07 5.75554386208467e-05 0.000179323710186335
2.5455580199096e-06 3.84879968097541e-07 0.689756064637376
2.35320267319115e-09 1.01467155603056e-08 0.0555348881051101
2.28071424942728e-14 4.38353352877408e-13 0.00832907026341904
0.132702377008475 0.174887429555429 0.492010518632956
0.0398749625489613 0.816930234310415 1.52303498792623e-07
0.000105368661824673 0.229988219375762 2.42414988582549e-30
3.41491551100867e-34 1.01526985652933e-34 0.00395322330319761
1.85514199743285e-35 5.93045415876457e-29 3.63853065477289e-08
2.84544372441758e-49 3.13765595981386e-29 8.45748097391071e-29
3.13676835322957e-89 6.13272261791723e-107 0.38535343102825
4.55342546369893e-123 1.52742591263174e-124 3.37102483814363e-08
6.11906315627509e-128 1.03997809508643e-101 1.32845454607124e-29
0.573268732114659 0.110915221959792 0.551552296058604
0.532010645327926 0.0321421654023673 0.316447198264193
0.023532082784073 0.0860813599363689 0.113914280702879
0.517495501774693 0.119465739208446 0.631482166392376
0.480295304696441 0.942386384064557 0.375750861715253
0.126860677182192 0.645503785034954 0.0990430217409191
0.0751049740468703 0.0615753499701165 0.448690525250168
0.00767131717701534 0.000613806381426472 0.50461336207955
0.119256653120775 0.0522535460204109 0.667997594384025
0.529399462189968 0.939173220243649 0.439037054600772
0.000792197898924688 0.162930663562785 1.82596621899661e-08
2.2251991119392e-08 0.454205425014842 1.32321092638928e-11
0.00460043530762353 0.000196367526618485 0.583615786209057
0.000377078056983115 0.00200450897087285 0.035310145026164
1.93976218035969e-09 0.027889274881551 7.77620576601343e-10
2.9030052173399e-05 2.00869931793452e-09 0.636201897174146
1.05400280308212e-11 6.83330429526413e-10 0.000170253952741043
1.11565744056598e-21 4.70906104350989e-09 7.2324128398192e-15
0.88825667854281 0.696362492995172 0.604024870144785
2.57822031966254e-19 0.187187543781764 1.7148960755685e-39
2.00320364159072e-79 0.693490554671399 1.48380142487929e-144
4.72770562410121e-20 5.78671032548042e-41 0.363769350777569
2.37086225511905e-74 1.71360403974275e-34 2.05452438024138e-43
1.58656668417022e-141 2.74775186441132e-26 3.78650828644634e-137
2.515491551332e-54 8.30378766093385e-111 0.126665799505032
4.48529525649338e-125 3.8435576321281e-114 1.82710584759684e-36
5.09677003161068e-201 6.03990954770297e-74 1.55107970784917e-139
0.63823433245107 0.545222928794601 0.528288387048252
0.610707308169789 0.733744808377349 0.348881438164811
0.190683406142181 0.226318050628227 0.486257886021391
0.0429289279094639 0.0959370871941461 0.0300543996152179
0.150652565423684 0.115900848850783 0.625030698553726
0.00672229284236428 0.00851008439220605 0.447692972476765
0.0946714096952567 0.168758210343134 0.0920038094949229
0.000464277137388043 0.00113464847511957 0.124158628452669
0.127719891635075 0.152179185225861 0.514701033865771
0.905996881423227 0.876105735461087 0.858459047276604
0.151368728407232 0.176445543151588 0.524284388451477
0.684346958119774 0.759857783741997 0.000121494224988926
4.96327217179543e-09 4.15790581382623e-10 0.231494032547911
2.14631455710788e-12 4.53976494511138e-12 0.164133439096427
2.57759113260347e-10 6.02475514837728e-10 0.152777526929165
1.88832180823977e-41 3.31592523442065e-43 0.840539178918837
5.27038452419435e-42 3.4839787780307e-42 0.123834954066948
4.30095061016646e-36 6.30360506634152e-35 0.00691159411474421
0.294741968021045 0.203372945541962 0.298978153047281
0.511025587041636 0.770509584549933 1.58856595825986e-06
0.0195404860426669 0.760649792201156 6.18884576672014e-41
1.76609222891842e-112 2.41076483177466e-120 0.274628625143276
8.37867561721066e-150 1.90101860988859e-143 2.37474528787357e-10
6.55556395304489e-135 1.14052234805177e-114 1.70869842686093e-39
8.8029940084766e-285 9.82423933703101e-299 0.622882350595639
9.96292262827051e-289 6.69291981623013e-288 2.54624191669563e-07
1.45115510317322e-288 1.24135678353671e-276 9.36234925115251e-19
0.570270466499621 0.954861393561975 0.144061319241479
0.297152941861188 0.511103326157071 0.267075214866897
0.248203767847974 0.651332013557291 0.0761779125045118
0.213417741711361 0.323414494374823 0.375516516529821
0.627680621329329 0.993511508183616 0.247929741601296
0.0907270607253894 0.25851175340356 0.100810228653683
0.0424125730154996 0.0676084808284903 0.328056443026246
0.00148239824468535 0.00187963044457322 0.286962718422402
0.000625328367329427 0.00181318890592888 0.10711112813861
0.67357409104727 0.448731481768395 0.559024276293146
0.0542179126726956 0.678317086452937 0.000195317771659218
0.243794526475175 0.217336355333363 8.28547038767059e-08
7.30323755321396e-07 6.92850479940945e-09 0.687707064494428
5.0954189399903e-13 3.1753201838611e-11 0.0012354089553975
2.15525214197807e-19 1.12173519070513e-10 4.30987753210978e-14
1.324114169188e-23 3.68609592565098e-30 0.912654565527305
2.44166059197236e-41 2.72636192643996e-40 3.78440918678452e-05
1.06963711852602e-27 7.22273015497971e-24 1.24077278305711e-06
0.418316088974728 0.305779048815807 0.813097216441497
6.82107827073262e-08 0.921858051333388 9.55176709398397e-37
4.06930415533462e-27 0.538180416382481 3.13761183746989e-131
2.13241463419267e-102 5.38282777488469e-131 0.938108516912495
8.80484897080759e-158 2.26938604488229e-132 6.98055099028089e-36
4.37815073200981e-186 9.74627968721228e-107 3.95026187075974e-126
3.91041763314876e-224 6.121893565995e-286 0.300247652022783
2.59151000241551e-258 4.91371112819998e-265 9.71379289170786e-19
0 5.1626875373079e-275 2.61832299787705e-77
