TOT AFR EUR
0.572182622379279 0.441926878076011 0.794304750166651
0.501477786549024 0.169007822953098 0.231871805607047
0.892692816895322 0.250429923189108 0.013918122347649
0.883334199014153 0.990189117386259 0.762680069917856
0.365990011868159 0.48228026929162 0.53934707516827
0.075018788264629 0.242303022884691 0.106937109766899
0.0931926861414767 0.096737423421084 0.678452909096535
0.455081357861216 0.844858052798622 0.184669219967295
0.601630356966594 0.367520147425523 0.59951231986743
0.24591002497491 0.988227932460887 0.0156412180847997
0.0356405171085859 0.0669531607493284 0.289235860419455
0.245427623320525 0.411423265250594 0.334151800328179
0.917181690031055 0.807487420822315 0.803266682547387
0.398714177199317 0.604476830447826 0.357999050982281
0.000391656434578806 0.00184072204324604 0.0930652073798627
0.228753804567439 0.231669837227618 0.798116080454899
1.75651305165397e-05 7.78607809804332e-06 0.356389070206953
0.0149672732684092 0.094349716893931 0.0337231924951527
0.501485914617453 0.832988914286595 0.26972323678236
0.511799753663269 0.407695746790152 0.00451749253299463
0.0177442502268962 0.651693030899023 1.46200270836096e-05
1.81228072775309e-05 6.27422206646363e-07 0.716955009094986
3.35130258265969e-07 4.43061388013007e-06 0.0207010647158535
4.40252150816913e-06 0.000736852872020782 0.000203794592731027
4.94401002180831e-09 1.66468580697797e-12 0.264527605578035
1.58087078997203e-08 6.84057391508383e-08 0.0549814266654672
4.93221599407512e-11 1.49154589850593e-08 0.00058442444073167
0.129705281703154 0.306879800604981 0.244044782914622
0.539980943866404 0.448693384060005 0.871501564744068
0.0809479033040618 0.220048748714647 0.18881113355599
0.266653355887878 0.937219367243041 0.16027664921512
0.159353280861291 0.0725141279903041 0.717211013465536
0.799220700583033 0.292758157195879 0.522014634092449
0.117307189260965 0.62560729984301 0.00882440452414197
0.561070895105992 0.959874004294607 0.385922798017413
0.119741691834467 0.584773700020456 0.0977296307718187
0.463970847652144 0.641729014357705 0.572012287061044
0.279744941127764 0.622054865352569 0.062810486773728
0.567768130663515 0.654397864141356 0.731701056129587
0.0625756740591244 0.30976754479971 0.103038191160779
0.419813240363949 0.930317095640993 0.306827382045998
0.00577162912954992 0.196771853456541 0.00770703656162455
0.154283121799704 0.151837925307278 0.549050310283591
0.00396343314475592 0.00345247999461592 0.20091554233239
0.354231049041998 0.0993472956927424 0.862048624049972
0.532258400215381 0.993706484373396 0.409581901814278
0.00931592916738854 0.896397164362382 0.000763275284149039
2.91756237410226e-07 0.432300954365661 4.35238271588408e-10
0.00371421967332163 1.81695447359471e-06 0.885984864114946
5.2500539779613e-10 2.71464082932067e-08 0.000471311087897485
1.08242912307167e-11 0.0334859344747335 1.98385332701593e-12
3.30225790943869e-09 8.94790089784215e-16 0.262452442386654
5.71228170176947e-16 9.05347508454809e-15 1.85040153653254e-05
3.4002499662809e-22 2.25840518992055e-15 4.2043741410917e-11
0.682004993086463 0.678381357492215 0.97972245658122
0.252632419988011 0.149712224833677 0.196417741768583
0.862323262250874 0.687922546850503 0.181503640157359
0.830942872156973 0.711532987787127 0.51390961559653
0.0188108025064058 0.0124581593631459 0.633864766387151
0.439700988585395 0.477545445880557 0.726713635589877
0.482357388389354 0.485741763826358 0.923272038325442
0.0863483343373957 0.0446400681441485 0.27942809124418
0.445279780596328 0.580712754351929 0.130675852906196
0.359984932618085 0.361090493672083 0.912655871785991
0.0498847686296742 0.0230769429346277 0.180447108402287
0.487533171427229 0.205331832458924 0.0382852016666911
0.0282497582881879 0.0257466584622458 0.926609297304047
0.0176743867289605 0.0324996931765363 0.0689555545082746
0.0902469037297933 0.160532658899178 0.080263676197025
0.00188342497931787 0.00155466437767437 0.93110299523155
9.16418413227156e-06 2.58487027667399e-05 0.131204005643906
2.55668280605466e-06 1.5999465924932e-06 0.99017514391366
0.120084935306498 0.0755222977156905 0.505386782425338
0.505878918325861 0.324793371526176 0.200256063872533
0.979374454281209 0.365290731061979 0.00255930958862981
2.88868643884099e-16 2.38522262101232e-18 0.0815621992320271
2.64359379144513e-19 1.4840196256139e-18 0.025910952375376
2.45837290038626e-26 3.14927698587955e-23 3.16390653764884e-05
3.47655445197408e-30 4.27242835375958e-33 0.298491948315276
6.71387623945998e-27 2.15285648525225e-29 0.210252716259908
3.84444448171372e-28 9.7008991935639e-26 3.79895223017207e-05
0.983665745088484 0.626802389333832 0.364405696843283
0.583404354019491 0.875567647172419 0.29552339080646
0.298865596374964 0.242175299775731 0.989402922029676
0.587156567658937 0.490745000092942 0.871905847704967
0.684006424105423 0.637588442134274 0.980543884448377
0.685020515901496 0.705240360502152 0.857717356948347
0.251020109221848 0.10131176129034 0.487588008535022
0.175458302818793 0.134150350302591 0.930297211954237
0.415594211428881 0.746090971950473 0.194004256363653
0.0600195175360902 0.100437576516649 0.294796305760359
0.672909985746468 0.441649402545344 0.530635538247756
0.652527830835496 0.214090412396373 0.000281172278600251
0.00982632357468484 0.000970660959640135 0.298417162378921
0.502526544970265 0.878038251232211 0.0532719559293342
0.000271608712144382 0.0384373317293909 8.45171494751579e-06
1.01645537634806e-06 3.77107865704711e-07 0.410493431751443
0.00654715098860252 0.011426009790301 0.249440119216501
0.00112505905401005 0.067881727569085 0.000397831968376665
0.905205067966377 0.562140701639486 0.400474372186862
0.434390427345787 0.659933003370709 0.0078368341334168
0.057756879682518 0.349766237255028 1.05215029000865e-13
1.3924416331671e-10 1.07239816710955e-16 0.0659782572097088
1.36891357599444e-20 7.49114827891084e-20 0.00503445910935374
9.84901760249915e-20 4.44798438561844e-12 8.64320392857402e-16
4.58954882331989e-22 4.44726843723794e-27 0.560774153926132
1.36173600896603e-33 1.29064736317788e-35 0.00746570520583096
1.27136628663539e-29 6.88464426681881e-27 5.17495360903066e-06
0.773809682782785 0.794652160381135 0.896704840454632
0.707116015972096 0.926135676955707 0.519536230055898
0.656611940478852 0.321277319891685 0.289594977350453
0.799912759775465 0.578491475975731 0.578457182309391
0.392535629297305 0.474787780690996 0.622169149507724
0.422927513653206 0.756005505044613 0.239422433765699
0.834689548349824 0.712668663789404 0.788472584864959
0.872240022820593 0.250061980357113 0.0496398597907874
0.308701840879522 0.356299487347851 0.672094713740317
0.239567048007492 0.293645701791641 0.567702492100318
0.928643599444383 0.48206400966829 0.103287218996296
0.0551657230891143 0.287154435617586 0.0237667868801147
0.648401419426241 0.899766342715577 0.211018499293951
0.0185635008155738 0.046654317017486 0.190843542164248
0.000101928920672843 0.00063402189478855 0.0648848559101357
4.88037105593239e-07 3.71856928904691e-07 0.271663887432102
0.0037541630347131 0.00174774658504196 0.800137642880903
4.03290563818745e-08 6.187611402019e-06 0.00118345139346131
0.154350010106564 0.100543906873543 0.914232386641511
0.345315132240042 0.261345081417394 2.85169754998673e-05
0.569495751233427 0.00506125832972659 2.75286755583773e-12
8.63043649662127e-16 4.37576376623875e-18 0.567388171331055
1.16124987425088e-25 1.88657730806541e-22 3.42581171611173e-05
3.11714550097991e-24 1.26433663892237e-14 4.91865998143992e-14
1.1900123884215e-43 6.16974876611535e-53 0.723365501739016
5.16518272540412e-65 1.34539753415338e-65 8.46042085372217e-05
1.92495551508565e-56 4.55628999796706e-47 7.1248176154511e-13
0.174462055597107 0.441926897934401 0.0127871660997447
0.206249265935701 0.23541312941212 0.515896170673778
0.0971848099996371 0.0301235308410007 0.708956138944292
0.109767521762781 0.74740453475995 0.0156623426130145
0.131470617924451 0.308304523399932 0.255373332377305
0.272202076976997 0.0308078179136485 0.713849973078776
0.154150762659885 0.233938031226432 0.377050029006797
0.838555438818309 0.949418683912835 0.828764860494032
0.0212376422505647 0.285508863492357 0.0305715233038266
0.966852937521017 0.319045282971657 0.374743323435849
0.0129561111578476 0.345678425691217 3.67777661048662e-05
0.00723257179681164 0.701842103745822 9.87648228971878e-05
0.536725924555733 0.467865404846015 0.834052213847491
0.0495897247581894 0.420089655149185 0.0531463328271604
6.63918329456568e-07 0.0178678828739179 5.53083646102281e-06
8.20666351782914e-05 0.000143879480239578 0.0517479626981421
5.16091374614619e-05 3.68499716399952e-06 0.193256883236781
5.0020109219658e-12 1.04223706333253e-09 4.77915188462888e-05
0.45293714803079 0.265567298580194 0.95183194735988
8.56967717056316e-13 0.162659455892308 5.41804516617815e-17
4.43287543602234e-43 0.80430425178239 1.59121266529178e-75
5.12965729882277e-11 1.07968018439492e-21 0.619189663626216
4.53737357813289e-35 3.84995854036768e-16 2.56205616649507e-22
2.94420983292408e-80 1.89080528415581e-16 7.42314243256922e-78
5.20055793598684e-25 1.08669734445053e-56 0.804732893186357
1.39827966986479e-64 5.74199463181714e-68 6.31285365862747e-15
2.64422734333146e-101 3.60564935930918e-44 2.61730343074866e-62
0.655533103276757 0.538867995289231 0.467377894089908
0.536078830856064 0.664425362035065 0.353322929240411
0.115182406420038 0.101058332143875 0.890154709463633
0.584664407315483 0.518732558700237 0.697288113431861
0.0206957949512239 0.0219661313563816 0.705977874119516
0.245070284433636 0.487039571844804 0.0274295854175137
0.312422631524411 0.282985131153714 0.856990771560034
0.00076315372230366 0.000518266757604886 0.926812332040736
0.00940765750515526 0.0282257101265626 0.00923991169394621
0.0672980404435659 0.0864385677673163 0.383490212562902
0.493361852027829 0.44942734676578 0.795422747135314
0.825588265236758 0.486150659236174 0.0172223764059457
1.83090938202457e-05 3.12320596133352e-05 0.295414566735971
1.8899464718898e-08 7.01328160419867e-08 0.0692337019711268
1.28516698445512e-05 2.93657958665616e-05 0.188079971820017
1.27962930221446e-13 6.81616751376785e-15 0.263058382936507
1.40954456476482e-17 4.39934876410318e-16 0.00347340754093726
1.72070096663218e-13 5.49935371020342e-14 0.835648427422744
0.884057118194088 0.895941323493148 0.924081428098772
0.233900118104015 0.540165362446095 0.00102861180608498
0.0808954849781502 0.790051607432758 3.37745596492537e-16
2.65946158595351e-64 1.13357046258795e-67 0.855516345818094
7.71151259849925e-74 4.94320744448514e-74 0.0420623374080863
2.70585017536418e-82 3.78651288909338e-74 1.45270479975188e-20
4.02727221282665e-141 4.90291825494373e-148 0.931984802179057
3.73044257031024e-134 2.89521639737442e-132 3.74133970628467e-05
6.42363308217392e-135 5.08225562302329e-129 2.79004093848988e-09
0.326749264345144 0.499109122434138 0.348136240529997
0.660679512418336 0.862887192335406 0.144885755267254
0.413824072899132 0.289901984007524 0.767594581335037
0.0140357837673436 0.0189363998846067 0.359653262955862
0.0114896172236541 0.00242339602111107 0.723862075630218
0.0439578008561251 0.287349387866154 0.0118826452926689
0.0352373838446596 0.0207487135191374 0.870585712521016
0.118972760553002 0.105928340195156 0.756134002360503
0.000872188994922337 0.0015805753651554 0.185216150072308
0.673676615747543 0.499817619017295 0.680522075118802
0.889305213179075 0.191337773199886 0.00207317382063605
0.134915003107281 0.45411933798962 5.36247081253296e-07
0.000327699514700552 2.62817171904792e-05 0.801897829310675
1.39208051742237e-06 0.00013823225109655 0.000331991375544833
3.36596600159012e-10 4.94114528777667e-05 3.77489872052604e-11
1.369619376975e-17 3.05728399992547e-21 0.742342988910073
1.58526747153092e-21 1.16145738660864e-24 0.177484732596477
4.21573077171246e-18 4.78678190077637e-17 0.00194825745753889
0.50170009280459 0.678970159762565 0.48394500046289
3.46885201085274e-08 0.380403355991689 1.38686822820852e-29
3.73511988422371e-13 0.563723938286088 1.72070530105942e-82
4.17614569510092e-48 2.37925786825668e-63 0.47905841802586
3.51015751436858e-82 1.55249885661574e-69 6.78660840510291e-20
1.29389921174554e-110 1.25436181317579e-63 3.3692291734921e-82
4.19109054394528e-106 2.75178204296696e-142 0.479170792540393
2.03038464838467e-127 1.50629209581392e-136 8.04567415033315e-07
2.60376261458968e-138 3.12109593185046e-118 6.60166407275285e-31
0.664540532041921 0.730370925510567 0.77759123061045
0.609993258023996 0.730222756761129 0.643141850569461
0.739100219983216 0.41561077142258 0.369831332256788
0.567139667534859 0.580678411457789 0.0156181540598146
0.594033006094181 0.463366137010629 0.786793586059052
0.943382884197051 0.692774157726023 0.521608892492691
0.764727214213481 0.703734725918076 0.933896283155293
0.690683505319168 0.518049949810846 0.691809615418969
0.611986139415154 0.773873063161451 0.569635424478254
0.0369804300075532 0.0962493887660709 0.17241326780703
0.954997405813342 0.824380351727559 0.558544732488525
0.885495030704702 0.362991252551359 0.0312232376537654
0.00143429381265524 0.00125656011459823 0.471749427807718
0.00398272998050038 0.000696623346102993 0.790204146535522
0.00024814786519891 0.00889031489279286 0.00249044136931959
0.000163664263551282 2.9209336459863e-06 0.382081414264321
9.06068489601092e-10 7.38516643166267e-08 0.00310280319799907
4.11776991077731e-07 1.11325615842934e-06 0.0988949945756659
0.226191121055428 0.274373179796449 0.590459463325676
0.0692336336246145 0.549484147925475 1.69249516632214e-07
1.17369341456214e-08 0.943344819191285 2.95600491233321e-38
6.65897753141811e-36 1.74118471212625e-45 0.813904149456161
1.7190938563387e-33 1.63683707445114e-25 4.45604590571385e-10
3.76333942081768e-59 1.9822027981431e-35 7.80199021500465e-32
1.39897884023832e-85 1.39168012817666e-110 0.41195400709138
2.79952246874826e-101 4.9585902014308e-105 5.70055949009653e-06
1.36980379601452e-137 2.17150194106115e-113 2.97527516181073e-27
0.292355053170294 0.942373429778511 0.143901615495195
0.0752069778930256 0.528329309259039 0.00373524410389677
0.23483915125338 0.992422877797391 0.120026918314564
0.954987480343983 0.86894632499819 0.948286305583174
0.77384821733588 0.752796083044345 0.513917668215352
0.637174538448014 0.956749656337931 0.559250033474308
0.136284884575548 0.816899844587849 0.0715615279795306
0.0469398198977447 0.230676683099858 0.103593540962789
0.00724363578023545 0.0130230883988766 0.141386157456473
0.613302801309977 0.63925772221555 0.277933856241934
5.74052886573562e-05 0.414994542636285 2.4786595335273e-06
9.42292277934183e-06 0.412976338809407 3.53042074351449e-11
0.00434237698138625 9.85196179509978e-05 0.650272278920028
3.27491768889932e-09 3.85997432056921e-05 1.4028490214287e-05
1.70601688835768e-15 0.0365821484336708 7.83472689964824e-19
0.0108937566912879 2.48804862500784e-06 0.498207533421476
5.47290238527896e-06 1.91797947768238e-05 0.0129058920496559
1.03046925101182e-16 1.17941412611377e-06 3.07140153399924e-12
0.115656983899617 0.912764422202632 0.0441813145983578
6.74695298999772e-21 0.990483349289229 5.72787772515223e-36
2.93883669328002e-70 0.664643802334809 1.62308001971746e-129
1.19237135284553e-16 3.94414939598202e-33 0.461851787429391
1.12264168206744e-95 9.20696650860899e-39 5.23432160021645e-63
4.25342597400476e-140 3.05057593676539e-23 7.03623042779796e-141
6.07682697413661e-37 3.74473473805439e-101 0.285910531853313
2.20141361674454e-116 7.96255949226428e-123 9.71575316740035e-26
1.32937369735936e-165 3.54967480873289e-70 5.7379442241924e-106
0.627286729225067 0.662884196154833 0.753199671630847
0.955420983463091 0.91840490538566 0.815428283166281
0.602104374518713 0.504545801518376 0.512803658766165
0.185913448083325 0.17790805321224 0.966522073227208
0.411522443626422 0.581104632895307 0.138695950044985
0.375065044789071 0.338255941580186 0.808087817425723
0.0348897952039121 0.0214240462988835 0.496584941035326
0.682912511355001 0.78031271671019 0.496348826814578
0.362340594327321 0.1675516384223 0.0166255966551906
0.311534556219965 0.361729577729148 0.53422856577611
0.438296038966289 0.819292948037162 0.00739614138267988
0.00158341431109411 0.00858012099366749 0.00429687348068587
7.10842683833031e-19 5.7180920231925e-20 0.802692377584671
2.2538001445436e-13 1.24769243912131e-13 0.581231956629712
4.37967505120805e-07 5.76944912062841e-07 0.35198003072908
4.20753172564802e-30 4.33965568572888e-33 0.182263191190618
2.47107117873248e-26 5.53761215216577e-26 0.0591225573058395
6.18685601927284e-36 4.47467941837403e-34 0.000928306285193952
0.826929710263903 0.711563347263686 0.516480151091444
0.267339268924434 0.733323699326488 1.45410224384134e-13
0.000147341234009321 0.136658262707698 4.2053125702422e-35
1.94107995405598e-115 2.0694745778742e-123 0.280996651242658
1.31581763661803e-122 5.33490682504434e-121 4.72976667278881e-05
6.89204710856783e-153 1.14926474232854e-136 4.19915717529288e-27
4.13546127313043e-279 9.32525395598297e-299 0.179888385315163
1.92969735245842e-298 1.6618179408967e-299 8.03278508055211e-06
5.6761714615595e-290 1.23053770444357e-279 1.37738283975515e-15
0.335379941434022 0.569994272932342 0.259361705518931
0.467639004391363 0.346258444961713 0.807590533137104
0.295746400578886 0.20643207971438 0.874538855721037
0.859335226436594 0.819016431168442 0.95117898821197
0.612238735044317 0.482718472774751 0.770208243540953
0.206117725069935 0.911150410163442 0.0066696640337989
0.0124431552641317 0.0113876934848039 0.5255210484832
0.0383395877745959 0.067649761811453 0.273495935957981
0.00622675848921762 0.0247435021018011 0.0727776359652693
0.910937176539957 0.974458145640501 0.844459403795032
0.949892766455947 0.0846820113332401 0.000204151642960694
0.0114575121475767 0.828023392625956 1.53558561477444e-10
1.03887607108664e-07 4.32861035382032e-09 0.752970107700046
1.12796342028746e-14 1.72533681488921e-13 0.00488245668006132
6.62382007972782e-14 9.28439006140708e-09 5.04212170289485e-09
4.58767704136131e-23 2.84115579402976e-27 0.428378034082099
2.29306653555621e-21 9.20764703706801e-23 0.0440960744813863
3.81086603893934e-36 2.22298595785044e-29 5.97034817411419e-10
0.60566250305604 0.347206982266533 0.449497856764767
3.25608918275067e-05 0.0310616263959557 8.42704863234495e-44
8.63196918246063e-27 0.305932772261068 2.34818649410048e-127
2.27708372349106e-108 1.315765127015e-135 0.382300364817718
9.67345170861423e-148 3.15083727171029e-120 1.76220761312476e-37
1.75485418060164e-162 1.16391824130072e-93 5.30899490389754e-110
1.16550326817289e-209 7.79509964740978e-275 0.730460466740298
1.10784840893922e-288 2.02024796570963e-306 2.04049502483999e-18
1.32223876336891e-306 2.13191391258025e-252 1.58274766863705e-73
