TOT AFR EUR
0.66126832056395 0.995198843810408 0.325617936717257
0.765182035530017 0.749249572437195 0.976912168968456
0.791171520261142 0.892656584162895 0.760482812791223
0.127674360138389 0.139794353215749 0.613482834120101
0.814539260045699 0.94591886843333 0.52947211461168
0.231382223233959 0.233959820864623 0.772604422051257
0.755595030475565 0.909719953139207 0.613000039906644
0.0605563786770596 0.167616680949573 0.118632392356305
0.359327626242507 0.181801269354 0.551700139059668
0.613593638455953 0.789856706295109 0.568272679364363
0.313466900224264 0.491614009844003 0.382655539370339
0.599483493535438 0.748348605276125 0.58167076633266
0.0372417509573111 0.0421843871431518 0.524163959170855
0.807519010143335 0.9501448075631 0.68118451476802
0.0872278883661436 0.177419024240703 0.275986812561059
0.0650607027502623 0.069310405205827 0.565904975607659
0.161189525422413 0.102948976401279 0.902780872884385
0.0222928655548705 0.294287898226985 0.00126289978493938
0.0804757164593905 0.0611052290688003 0.890201199676687
0.371799449828271 0.528460743271171 0.000721101668854538
0.0288652993769528 0.743151585158862 2.20466691042946e-06
1.88967247431529e-05 1.51931527629352e-07 0.354985203182288
0.0025365304186041 0.00145721274210797 0.663635382293428
3.79539192083143e-09 4.80870872448424e-06 3.12847288947843e-05
2.29808782417758e-10 2.80393563375256e-11 0.404609363361376
9.40313538854018e-12 3.21766894936929e-14 0.580510647446903
4.24452441951584e-13 2.70329319882193e-12 0.0144358289724859
0.399687023371205 0.509960650844516 0.587466428484254
0.170207996537715 0.169450111731054 0.477477335143553
0.274611738792226 0.934034992626062 0.167082272653918
0.103689716801268 0.46187656990649 0.116785223894215
0.498357484687019 0.817096907068581 0.474489658713453
0.661851286516404 0.387901509917279 0.869174592739404
0.127073736981596 0.431739181922024 0.00589300180037739
0.381140234292198 0.312317499874776 0.787858330250146
0.375325039984908 0.894317296294135 0.283570829044163
0.515463858468859 0.144729593451306 0.698800339876261
0.583426780257042 0.160271207785163 0.612532300771214
0.453116254423535 0.667450721559761 0.16018986412632
0.685227248756216 0.245112937173514 0.680600346740175
0.57528512305486 0.0657951229212572 0.415335271581177
0.390096447509459 0.681568676361331 0.1322017934462
0.728406520849509 0.933587201351043 0.588100244019551
0.0583464219628323 0.202197657188567 0.132543085168637
0.0649731319197043 0.292693211637397 0.108346095773468
0.0909053141926803 0.345089817675954 0.158897002353577
0.000270398363243165 0.0987409636500192 0.000735980092248801
1.19102880402524e-13 0.156616254915682 6.23295452765416e-18
0.00121853127778368 6.77462940589754e-05 0.381708434413496
1.20366860470883e-05 0.000853312842194937 0.00211920668632227
9.10085179849611e-21 2.79971715310028e-06 1.1712600986078e-17
5.65011144161919e-06 4.89595242117056e-10 0.272420850063578
1.09028816579444e-17 2.50639508234006e-16 2.53232237704983e-06
3.75650489454778e-29 1.6776800467226e-15 7.92972103721981e-16
0.297089225296983 0.343055879729287 0.432398549941672
0.702050820979333 0.988916399671635 0.0979146684302858
0.054571075504442 0.0565466156444971 0.738009652715164
0.892214609028351 0.965385618060849 0.646585110233335
0.866186704230903 0.729787614373231 0.482218838480516
0.95022337858238 0.66625046975938 0.0131965456920373
0.877464365137746 0.646774173909493 0.0964538147657445
0.290273025815027 0.364365162795299 0.37275266362263
0.0129656216990645 0.0125303973052922 0.78174534262213
0.560520230012996 0.725800983465307 0.253003017502823
0.645714382043646 0.501642870490622 0.33688751229033
0.32302159178322 0.304479195033896 0.948648662330223
0.0513207407616039 0.0385893635057439 0.695886923233713
0.0249392190518225 0.0232800433341315 0.891215465463713
3.95804946704707e-05 7.94840017483072e-05 0.152416830576755
0.621651671539167 0.511757653629709 0.502728127089003
5.46436257067117e-07 5.17856146256829e-07 0.569351461764216
0.000300371993007508 0.000175166755978807 0.696595167327243
0.572118615468255 0.427443995362977 0.248851125428943
0.651755341341739 0.322861185860043 0.00892233958687244
0.363765920696369 0.0753937980867351 1.23024425268221e-07
4.20948834787527e-07 2.83184258050257e-07 0.764508818929041
5.04047557178717e-10 6.42471760912879e-10 0.212963714864548
1.47336204985016e-12 4.05303054005225e-11 0.00134107771659345
1.05500639717775e-25 2.38612299753451e-27 0.750088895794198
5.462078881234e-27 2.39240388751911e-27 0.372969520278503
1.74640553580619e-29 7.49734417044749e-28 0.00266284363752586
0.826425389579106 0.673657943311648 0.710293124867621
0.668509756607792 0.840432347384256 0.509853349538077
0.0492987634429086 0.0471502131551989 0.585316094673915
0.463874949273424 0.476507274897317 0.834224988763306
0.0266565118486857 0.120305953532267 0.058478986931409
0.836751786339214 0.946161014253867 0.728020188776741
0.560310359408833 0.886036533324089 0.277187194160193
0.0758747264986245 0.0653212025375491 0.713748838738728
0.839051566471824 0.808803361481571 0.984860172289343
0.720435007480768 0.76967188794253 0.799576495952664
0.933710441370483 0.779199230051359 0.72247859430518
0.0370236402650844 0.331708244838245 0.00463162038615647
0.0113174386745391 0.0379999192682196 0.107839614897404
0.0155958104132858 0.0520631688931783 0.125828801681236
0.047351855417407 0.239579516833612 0.0313545191024023
0.000310147239080003 2.43839140038059e-05 0.913846160863563
0.033068999924737 0.019006593305984 0.88573491312971
3.02743738297541e-05 9.08385608052634e-06 0.578693664361914
0.579448047359794 0.878371179265148 0.287447113350152
0.0139917471495647 0.407392570805753 1.13248432946738e-05
0.00812855545931129 0.764058843418273 2.2056016152957e-12
6.7354150478489e-08 2.81238935908153e-10 0.756458125058194
4.00682602828029e-16 1.51183544251647e-12 3.51758563651717e-06
4.90938539622945e-16 6.42855797148578e-07 6.21728962361311e-18
6.0317955098765e-31 7.13282307209393e-36 0.183935908197051
1.08326533376547e-29 4.05404122415883e-32 0.0358678809830925
2.34440416056416e-24 3.68063203879473e-22 1.57250959643997e-05
0.260647713360894 0.401155749663793 0.392605988981229
0.636139533906545 0.757441246611932 0.671936486245263
0.2753836243163 0.872505152201128 0.0316857513404186
0.170943913418558 0.221891870340928 0.535316420307183
0.638670555740243 0.185910251622858 0.127822017785458
0.972726194451954 0.636507538642094 0.323897414110183
0.457767545496672 0.744408369909209 0.312580209663626
0.277055597973917 0.166407528862275 0.712637145391896
0.0839059893049281 0.146526265419085 0.324649458355425
0.161946015054534 0.486247243603684 0.0878476509618507
0.01404570120577 0.0992661146748374 0.0305150453194589
0.261033640040605 0.872778308973416 0.00310472286449496
0.0418883494901244 0.0125691225803601 0.631924161880583
0.470584911282075 0.287175214184602 0.626671535982859
0.00543860282783462 0.194567737493471 0.000638536289639504
0.00469548944567724 0.00253207285394253 0.775842540207636
3.59867717237118e-06 8.34628574462169e-05 0.0173883546713765
1.25648421781359e-08 2.90392192247144e-06 0.000286159884361928
0.343480673251013 0.497719962534864 0.442443417750472
0.358982214757974 0.305174311824181 3.42978788978035e-05
3.45884810921319e-07 0.26641518640352 1.92804217489435e-21
1.64984247008665e-14 6.64567658647301e-15 0.094576771040954
2.31114541002037e-32 5.95386003567017e-28 1.82541225329881e-06
9.5309908441606e-35 3.91111593676426e-20 1.7838262605522e-19
3.260590488994e-49 9.46767459203939e-64 0.542489468053213
3.61254033385739e-55 4.62667036417535e-53 1.4318347681618e-06
1.54270211696895e-59 1.48717840090623e-47 3.9376725724114e-15
0.21490533121118 0.0276913196635948 0.824305292025393
0.92119642952133 0.439980604945096 0.432123510445476
0.201675477888266 0.300864263886768 0.413783196420689
0.408179904042028 0.159315288357343 0.939891585451679
0.0933064318927662 0.0249011493607764 0.715216348553237
0.624578922338843 0.904248340518829 0.442798978496103
0.650361370891766 0.200244241896269 0.615482344324925
0.0184110496862295 0.0544237178687068 0.131930871056675
0.932659579240537 0.846445425292546 0.777952007341164
0.164184522593916 0.245092121590637 0.376888903550043
0.000260728287790484 0.166498066519587 0.000196216179380524
0.000263814923630124 0.597557246776368 9.53813134191801e-08
0.0194285683872578 1.73859756167428e-05 0.624330206437578
0.00747918316581037 0.0156544117549794 0.138150413205801
1.7221379908762e-09 0.150930788620109 4.60894245004349e-12
0.0842952816196451 3.63121937012288e-06 0.0804463922298463
6.58984023205408e-06 0.00272218242055321 0.000492981452844596
5.47436135453418e-09 0.0185827288301303 7.61877806899649e-09
0.155735324069412 0.053856698388982 0.812878106035368
4.41548040547091e-12 0.715945852655419 1.28989413266547e-21
3.00900823648459e-33 0.113293781488088 1.72863883678951e-67
8.19859364071735e-10 3.88763476349687e-13 0.0351233351841481
3.36992596251185e-29 8.81508663667991e-12 1.43378217060886e-19
9.28898431691945e-69 2.38462163469233e-20 5.20053463336163e-53
7.47305327452309e-23 1.88844395930066e-56 0.762979755051418
1.65999856635394e-60 1.87517512172312e-48 4.15080273560936e-22
3.35332165928097e-112 1.41297671238113e-58 4.29084058914071e-63
0.0807477893375841 0.0558230561690659 0.556981420366746
0.646191822051147 0.538891723351929 0.479318760870015
0.541537873420347 0.671299300497378 0.325774493122621
0.966324451352609 0.913703335780694 0.776865014413999
0.835772190905302 0.918377576382414 0.580125061827757
0.562073785468261 0.648026318655428 0.478665234176875
0.00729368623451879 0.00501361427608645 0.755041423474247
0.0479909362240023 0.0597531236047024 0.448374038014806
0.0690729584628852 0.0630014688489532 0.978697707590955
0.879436970490436 0.967743544578651 0.574044328526991
0.677549310327333 0.447388577530886 0.0927457084670907
0.608405592981747 0.901125496875354 0.0421576036734299
3.43793096751509e-05 2.19281709309954e-05 0.998446245133672
4.63732238747681e-07 7.35630493354884e-07 0.286833028342159
1.08792238116511e-06 1.02279089060642e-06 0.613574451219718
1.50243462082426e-15 1.68076568040857e-16 0.794265355255903
2.21198772800603e-17 1.37377038442969e-16 0.0331497998024982
1.28360159898673e-25 1.49002792377662e-23 0.00119597193612081
0.867033992851137 0.754765778494262 0.527441371886992
0.558948890000162 0.518039067212105 2.3263852671915e-09
0.0372168868989688 0.846859196805653 2.34818728919406e-17
2.7762957906887e-66 1.48986999596047e-70 0.772081499289219
7.96950706144252e-58 3.35383459070856e-55 1.37778719435774e-05
6.91537532235964e-67 5.71603236940899e-62 8.57158744052785e-11
6.24373287738235e-131 6.04002913012654e-137 0.784001900135594
1.71147831657941e-155 5.85135221414524e-156 0.000654753864289239
2.73433180109673e-137 4.09614382018802e-130 3.01310855279671e-10
0.2643816833261 0.204707920784123 0.983970899469653
0.973376853085322 0.899031374915522 0.729820741416053
0.898641485040178 0.994050841191947 0.779822440113409
0.764771415830453 0.648971928416676 0.804630283755101
0.170283768323854 0.109108935983239 0.910929705405348
0.000604322467355269 0.00308482553845755 0.0430595198845529
0.673470251162945 0.401782875840435 0.455152782890054
0.00607754497582136 0.00746271521359478 0.370800123515088
0.0316452229637393 0.0490787096320605 0.325907278451288
0.569379724679612 0.979016763736834 0.173989180241272
0.496077954587526 0.325262635127664 0.00019773703515022
0.241963902391665 0.2703584692413 5.56269537718074e-07
4.75246842516656e-10 1.65550440939974e-10 0.191468282046527
2.53826163591036e-05 4.35551584430703e-05 0.164273296414463
2.82992850979369e-07 0.000536746528073641 6.42065191719932e-07
2.40271368273847e-20 4.2350639473459e-21 0.0267218601941433
6.40244514114288e-16 1.49458346515221e-16 0.043619322028979
1.31532084144982e-14 1.56030900148279e-15 0.131428163687436
0.433746288679267 0.272474967165585 0.662915698210941
0.008848230815616 0.30433980138097 4.41593203271852e-17
2.84688272937499e-10 0.530438405988375 1.04361889503778e-60
1.62021336908629e-53 1.35939884816886e-66 0.586745932538466
7.0093223255154e-63 5.31231717080216e-54 1.76739362871819e-13
4.06445185319588e-98 2.26780290720575e-55 2.43658551185741e-74
1.34747894600864e-116 1.2457141628e-149 0.653914660638174
2.16845860103754e-129 5.00281497827329e-131 5.88281719384518e-12
5.77169762671359e-160 3.24618268235722e-131 5.449335567442e-41
0.884216066620339 0.960977830431929 0.82073295953673
0.0920071568720955 0.0660325889900343 0.909451500178931
0.187064999047938 0.456596167466935 0.142561027644327
0.299595995862943 0.150777557740554 0.577582764306728
0.528500570842622 0.458004525078824 0.951499572986855
0.990900279152106 0.735292571966943 0.47503766693389
0.33807252496013 0.52054538650079 0.368577254133299
0.644396364734484 0.98508891793674 0.274239990436175
0.00842692651282512 0.00771973834994909 0.567346416148714
0.11772551694196 0.167581730595186 0.447350998003354
0.0553911870355373 0.183614730371826 0.0948724598623549
0.00156503926345668 0.0479761384372325 0.00196215416487578
0.0153781449587683 0.00954632025215517 0.810010024452901
0.321728392042506 0.266074843904349 0.997579209168162
1.06385691541795e-05 0.00442711866541287 1.20374118383739e-05
3.22181256152277e-05 2.29558084828704e-06 0.921411554212568
1.21101366064145e-07 1.03084616317604e-07 0.198247793927175
4.27181591396517e-10 1.42799498413745e-07 0.000478477813579237
0.532320865106988 0.691219719994175 0.554088602165245
0.0200835941675777 0.608421521583 2.21341915100984e-05
4.97897466446716e-08 0.685016798236411 6.37204525944366e-42
5.54897228121988e-29 3.29785661245405e-39 0.256357184053294
2.301103836139e-37 1.05461085846025e-34 2.68622045107248e-05
9.11311338727016e-50 5.8720085147623e-29 9.27066951544932e-29
9.73091549727567e-77 8.97874945336865e-97 0.77793448173276
2.29660359312132e-105 8.27587153647556e-100 1.18727056838017e-11
2.74170174896266e-131 3.36020724034827e-103 3.68573798967347e-31
0.438740610048497 0.546619602770054 0.604105815184826
0.299297816340826 0.698628803618828 0.0827437577652052
0.318387353641252 0.604355518978639 0.376938359200963
0.048609880878924 0.182306391688049 0.136631250497257
0.660562192819301 0.738616976484086 0.380756532826721
0.0948617950667948 0.570827579592095 0.080087748508634
0.224351966307147 0.168742485220368 0.654393866464933
0.0856452971045316 0.14893803271408 0.292778646596894
6.09512916553009e-06 0.00497492164533068 0.000285725238492907
0.658893550287338 0.700609868563471 0.796404711572446
0.00757407107305924 0.934559221429269 0.000452264095308894
1.06357064434269e-10 0.849430157323655 3.53928194542776e-17
0.250780269902079 0.00692617493577789 0.427317453724436
1.10217487505638e-12 0.000633024541895604 6.91556647526643e-11
2.58325308490699e-14 1.54155519650047e-08 1.29559290251002e-07
0.000236824000995488 4.89176869104446e-13 0.237397284584092
2.32639025751694e-08 7.5091973313272e-09 0.0123735035593666
6.35839627623508e-18 1.35816851878401e-05 5.79181014815937e-15
0.804953653789214 0.90809468654428 0.669411802514531
2.50187535197525e-28 0.435206029518819 1.78968430201682e-44
3.77337740911976e-61 0.172464905723865 1.55156965365641e-120
1.53194791639933e-15 9.40505969336192e-36 0.961434165658656
1.19971249786221e-69 3.34730781760253e-27 1.83572632064453e-46
9.42252124125609e-156 7.18938871193817e-31 6.28649593230218e-152
5.4603689494992e-48 8.73638347038507e-95 0.0682251152559782
8.70957155059676e-108 6.30265239815727e-103 2.53505524430352e-29
2.73743161722285e-181 3.48920450487713e-79 1.68545252095806e-109
0.733548012103252 0.973447502504722 0.0573198202195156
0.205753987941645 0.183694268907016 0.879633371996849
0.623941001487145 0.706068384886238 0.534915914305145
0.0224177489521463 0.0126532708863337 0.478060295823535
0.00777101949184341 0.00994003467148273 0.425654570524513
0.00164634179079597 0.00131847133622308 0.949961027607452
0.0182225568966518 0.0100166356412043 0.387624052227252
0.0186575276723574 0.027162127765102 0.299782837823939
0.0672290299164712 0.0793308106670469 0.551375647459998
0.113480400858231 0.0906567664790956 0.719019525692501
0.969457751375322 0.706539172424354 0.0369807128765857
0.647167615436821 0.958768533394518 0.00627188215670921
1.06524666338583e-09 3.00432203183419e-10 0.871572169885148
5.31936862827589e-12 1.77315045200939e-11 0.0958211421947225
1.83812162716492e-10 2.0741067206104e-09 0.00366387910423215
4.70204341946423e-41 1.1077304613478e-41 0.269146144410902
1.1118604877057e-34 4.18691265827783e-36 0.818567580238846
3.18481269198548e-37 1.33684755247868e-35 0.00145092711045778
0.836547678710663 0.945737833158804 0.422818793445828
0.0466127251823323 0.45603321883048 3.20875159285822e-10
0.0125101416988078 0.980471188098869 1.15545355506237e-37
2.72009474245112e-122 2.50087317124797e-128 0.822169180927667
6.82272579086155e-129 3.09976649535021e-124 1.55534377809027e-07
6.79931877869593e-158 8.19892058280307e-144 1.78154359459963e-26
9.04208892144896e-273 6.75139000260502e-288 0.715364163946991
1.43470349639944e-284 2.37687548059583e-289 0.00124651406905058
1.99829311476327e-294 1.35732128850102e-278 5.20313998315392e-23
0.964414017925629 0.341953294917254 0.0709161216286242
0.501972530619938 0.806490243763216 0.273005873011846
0.563410864708161 0.633728014859966 0.701741077036164
0.835477726661189 0.91541083472652 0.787126034926576
0.645621396870267 0.847461772656842 0.120546030615596
0.010855171597837 0.00917530231798804 0.541811832521746
0.000396201745359397 7.03945451919281e-05 0.969027986981284
0.027932635387369 0.0132848808017298 0.975545189821992
0.000255944903642865 0.0016588567854339 0.028379601538908
0.674297988131151 0.255941231780118 0.189231363744705
0.00836725272616931 0.219859571976146 0.000209179158837762
0.00256876287009763 0.613957467022791 1.66901640084594e-09
1.90518809001408e-07 1.47818740152272e-08 0.652972689750697
4.18649386605127e-11 6.24988100925438e-09 0.000360806449835612
4.14497747094259e-16 6.96953775237572e-11 2.1119973482648e-08
1.25010272420283e-18 1.55029087847757e-22 0.704759982125058
1.29851352317157e-35 3.4640548896141e-38 0.018178676794074
5.09905269745695e-42 3.49860404477645e-31 4.21425037132209e-15
0.0817240146355476 0.222677984382561 0.109197157253948
1.70966305557733e-07 0.768397794435376 8.61888742993069e-35
3.67369465886163e-24 0.519160579606081 1.06938673485486e-135
4.98720311555009e-99 4.67347792186651e-130 0.487122914849116
9.18114063221935e-143 1.98639807619854e-121 4.9033663798502e-31
8.52390193366582e-192 1.19127923389631e-119 1.72196772585881e-105
3.43964088670078e-223 1.30166421526239e-293 0.681375949367002
4.48162770622768e-274 3.72577813042994e-281 1.24894487387275e-20
2.66231433294294e-316 1.04926408419457e-263 3.94184202013042e-69
