TOT AFR EUR
0.684707997525689 0.493476780035564 0.679165091637782
0.557867224001115 0.29892570405471 0.410596079553493
0.764348472800963 0.786219050748685 0.220751375114932
0.930525524701073 0.580655314321014 0.334693737291946
0.72597242238631 0.885835321054163 0.280174701623375
0.000462174237479647 0.00126039856869386 0.17370531804932
0.247877604095998 0.228321794160926 0.858499209297378
0.258778398106634 0.0582742444699471 0.217294946046637
0.722711636842495 0.625225214659335 0.870695542400967
0.0275049300384821 0.162115218969403 0.0288895812771073
0.119304662016814 0.0497605280991376 0.622549163854041
0.44418572152528 0.549252689815017 0.595831027157448
0.0442305282693488 0.00787230117221019 0.457090435070246
0.196870243179136 0.186670144297652 0.802615422364058
0.211033323622161 0.671051693879956 0.0401189809982603
0.551320211364645 0.98048068656391 0.177155794903613
0.187895690787476 0.0831909222918817 0.641180258358397
0.00746927522748965 0.106730177072455 0.00337277024472169
0.724915541140478 0.907236017747943 0.545492842907128
0.321103733122879 0.965046586871728 0.0149179863624137
0.0131560922475749 0.633659582533659 6.06913456627348e-06
2.43060154140442e-05 8.7536187362031e-07 0.817579341417437
2.12938313832727e-05 0.000115163831042564 0.070301267925349
3.20551257590795e-14 3.52066023380074e-11 0.000104677637030331
1.13536857846668e-09 5.35553689407532e-13 0.413770801366851
3.63969103801417e-10 1.9840776363366e-11 0.593923184379221
6.11624981132827e-10 1.95837417224627e-07 0.000142712157098324
0.899528132958443 0.317754852906537 0.348900138117136
0.429583189481015 0.614055372927169 0.135446655170873
0.888247801995656 0.319185796985426 0.504897725507204
0.22100992495886 0.550827243889231 0.262877275304846
0.565842121079638 0.435761297369924 0.924802358964973
0.0145253965415423 0.0332399277155936 0.157846662913612
0.255905669864586 0.0854612602986079 0.963775629938606
0.0427224731147999 0.167785507867221 0.131473435863601
0.224871962275801 0.0313629902253596 0.906386257342503
0.168626734282548 0.583627322794664 0.177431402378712
0.365117096832947 0.475095894903327 0.559051142394102
0.198643959401296 0.301339407264319 0.388519696245153
0.92636234857324 0.833289737100899 0.949722416668518
0.0859130580262075 0.550018001122464 0.084610782380041
0.00324126601719239 0.284147577316044 0.00271688790912637
0.100640618624912 0.0104214155428379 0.99618805522222
0.000618997920644621 0.00388013319150238 0.0524656840170354
0.00100160596277221 0.0191681786932224 0.0152699356925663
0.0689868154360961 0.477746764145067 0.06388464413683
3.64055022774125e-05 0.437597236957482 1.41195023070037e-06
4.32084365676986e-07 0.185688201656939 9.05291498808675e-16
0.0605693441905846 0.0153787124989471 0.654311360748114
3.4105909564786e-05 0.0149173167021137 0.000632861208407219
2.15119106176202e-16 0.000306165862261158 8.09124746642364e-16
5.27982086166597e-05 5.54207026646705e-08 0.377322105119207
1.75827840176053e-22 9.70751364963078e-20 5.37673709120036e-07
7.29487655863406e-21 4.32809822519187e-11 1.06768184907527e-11
0.924261420950602 0.705525263849534 0.247593301559544
0.730598237618657 0.527593400475635 0.171270698965382
0.211250038091484 0.191665983849091 0.880911665512687
0.102816675334069 0.0413856979042283 0.0772428739953087
0.9717756939302 0.990331390747194 0.811275822320138
0.338462551304838 0.411126266511553 0.491153489404907
0.146816269643979 0.0652567483076804 0.0269726428388804
0.391780470774002 0.268770839950823 0.295661550350546
0.600835058604572 0.43330117297459 0.32863647946304
0.556459914741329 0.757368702158194 0.110390969891014
0.279999479923683 0.322068343978683 0.537462217504994
0.675990877195769 0.682530972150706 0.914623440190841
0.303609604176283 0.342946469425681 0.656823123629951
0.0165575997556989 0.0105398551431305 0.632321455586286
0.00565785563761936 0.00655030161061305 0.537001108786882
9.46628274881675e-05 0.000111078617556131 0.580843024090825
0.0109439127149173 0.00328922361254375 0.134771992157684
0.00114204878800917 0.000566142655607183 0.577794235441303
0.420101022572577 0.214664092266822 0.0140389218747895
0.42173905743734 0.146739117372562 0.0120277213577157
0.630393270455103 0.424633010669802 7.43593426682515e-09
4.27692041540726e-12 6.59651171858735e-12 0.164207975510617
9.13329527598546e-09 1.13860512206878e-08 0.308760328809174
1.06443429772995e-21 8.19876922107601e-20 0.000234132806522546
8.72792917588907e-34 9.82322341930865e-37 0.397847117258107
4.8045480961257e-33 9.98139227903093e-34 0.24829229228377
1.08821238971937e-28 1.72127593512548e-27 0.000324021310682097
0.088542980240405 0.116842871663817 0.469430413991647
0.20336772955221 0.117026937152784 0.855246132270566
0.00983778312188813 0.0137065539068455 0.323739460585698
0.846038762639105 0.682881319743735 0.683338384668564
0.316278505421256 0.290762864275587 0.87424978128827
0.518752649821346 0.254139505819305 0.363080835225802
0.690022892465709 0.65598620993927 0.985517996226085
0.930348703450409 0.652125499792068 0.483429309599409
0.75789709633903 0.853736163246641 0.242845648280034
0.066200346018831 0.0402467722897194 0.995405189413926
0.627207186325011 0.131849703541325 0.0526645365007546
0.77837941639376 0.357742308168574 0.00804222759685595
0.0433810182538544 0.102681685243143 0.196272154791461
0.228125194411913 0.33403950320001 0.424306616142079
0.061421937287256 0.113862234012239 0.265752713900511
0.000292938241704283 9.07769273007308e-06 0.414033246900913
0.000243602346695666 7.16694124991248e-05 0.750656277754077
8.55416308272925e-09 1.53982699833354e-07 0.00486657676410394
0.348829387202826 0.981784402897748 0.0293984908966428
0.0459921206697964 0.810600192423749 1.19308912112681e-07
0.00345946501374173 0.484413188007005 9.75066936752119e-18
4.68237652816644e-12 2.6400695189712e-14 0.644355743907385
2.09495375544509e-22 5.760159771424e-18 2.70205628214638e-09
1.12981021368324e-19 1.48011705381304e-12 1.36486958234488e-13
8.53568561513055e-21 7.53959215183079e-23 0.0367854140190039
2.99757115234349e-35 2.89219087815433e-33 1.90012447163643e-05
1.15404328323232e-39 1.1431360245116e-34 1.06714086733166e-08
0.035446291071037 0.115751106793259 0.096498146288058
0.87725389660645 0.889551795560062 0.520081590182907
0.287302525313966 0.33548042866847 0.628570145272568
0.507611054211009 0.869307311713355 0.24306228813234
0.968012756001762 0.844396628540019 0.619470732191945
0.925150598412952 0.832845267485516 0.504987044661664
0.0816890511242882 0.0865603299328451 0.631148863967337
0.300183115212438 0.0730534225324583 0.200698733977161
0.515575079409113 0.401228201492566 0.8146709765625
0.210599967559097 0.740872509613465 0.0272986633184295
0.657697645097784 0.761979260943434 0.706146808640864
0.0589335487330934 0.227677350770304 0.0769145790255079
0.0432685071894424 0.0190916168374296 0.879884185369844
0.00214725319472681 0.0118384304018095 0.0594721479962262
0.139641355504087 0.496082563170675 0.0466055490646242
0.00068459602043111 4.91186662398221e-05 0.5748555945199
1.44468163913032e-11 7.8337451342482e-11 0.0363211924289209
0.000127476366380479 0.00270454721667457 0.0100934192662597
0.0208046973019551 0.103683798031653 0.0446634776929678
0.134862630797688 0.428936624294183 2.50955638682913e-06
0.00299527135228047 0.673904551901094 1.75095142823461e-14
1.94863774660126e-15 1.06831616051074e-16 0.260259999267199
5.36374110972339e-19 4.58468813400142e-15 9.6635120316234e-06
3.41536303617567e-26 1.96390520996993e-13 1.80283490391432e-19
3.39490477740189e-46 7.40067829624086e-57 0.730666605759097
2.23803717535087e-62 2.9391664927782e-59 9.16690776477382e-07
1.89321493841572e-60 1.79246497286543e-47 7.03235855520858e-18
0.911929856149731 0.821165271445601 0.733406005362184
0.297163362352153 0.925285819740659 0.192877087354631
0.149516439817942 0.294131514923536 0.305773294105801
0.67430265491631 0.32304770876743 0.77298140742028
0.00615802634512515 0.236534729914868 0.00769126998144386
0.0753641578454355 0.130315108352734 0.282692680349646
0.38250604648355 0.313951672748881 0.749019588690011
0.756913273388703 0.0163712718083432 0.0822538722873025
0.00206579596185304 0.0294776271192414 0.0258483214046749
0.623450360602541 0.949447016275309 0.477614149919552
0.00295849622294048 0.23575623741549 0.00360748999165581
0.000383782027933535 0.482807381897077 1.05591688175505e-07
0.761776267014322 0.331047858542601 0.643828656146588
4.38156047343634e-05 0.00108788902668892 0.00822685939411593
1.09077261750692e-08 0.00480851376579735 2.02292096473446e-07
0.172418003263705 2.41056158928335e-06 0.0255853295678545
3.26053878453547e-07 2.60912429619767e-08 0.0355949333072145
2.42957679316888e-11 0.000160696240537342 8.11544131366883e-09
0.0210230312403911 0.0681785198710807 0.126117139482272
2.03205254206157e-18 0.0927101431688384 7.61897199783074e-25
4.37992347843278e-42 0.972610579218819 7.48568420572691e-76
3.56784224374e-07 1.05074678397764e-19 0.384856055688015
6.37750221461861e-34 3.91360232888854e-12 5.77514502427366e-25
1.27442059798979e-70 1.65368717495331e-10 1.74584400279769e-76
1.7962155029834e-22 9.27757668544341e-54 0.770053113362726
1.1947510335762e-57 1.0107116132514e-51 1.68001988686721e-16
3.82654855652698e-105 1.6955277815387e-46 2.90288816205262e-64
0.493355302859694 0.539741821028276 0.654704265271177
0.174094106373438 0.164225727438398 0.988571886693674
0.33103008755302 0.452369589009966 0.274232556451112
0.150424404867313 0.109997782862186 0.538783919828388
0.0946646288478359 0.145842802787479 0.190425187896888
0.118604324457766 0.128782604379151 0.701667748476691
0.0801861447709428 0.0710816202939313 0.963850353483208
0.11240942228033 0.184614947707976 0.208899095112893
0.165241867566802 0.259914635338455 0.137046450659681
0.867807569790901 0.773866755976002 0.530230475431531
0.254267624429533 0.312502288219572 0.439891921194873
0.95040030731605 0.576975851310258 0.0140228139704798
8.62852707741263e-08 1.54457412200923e-07 0.18964924867282
8.12035864461878e-08 3.3112169436465e-08 0.899579631997098
4.86984496393671e-12 1.04519882120286e-10 0.00107555952545401
2.46620300208574e-15 7.11910324035218e-16 0.833392370478965
2.28092946582787e-17 9.63948830766318e-18 0.530896636318958
4.86859035798383e-18 3.96232636308972e-18 0.337260281433086
0.936301581966239 0.782262690104639 0.352492878814246
0.34451057921206 0.113476608646461 0.000471958937064909
0.0119627309425029 0.356234258604834 5.9722812380021e-17
1.85717846454711e-52 2.82447839963427e-55 0.766207523932059
2.69010448566309e-72 6.47874303050805e-69 7.34728092226264e-05
2.00263340141472e-67 8.09217603659107e-60 7.87955919773028e-14
2.38390751529403e-135 5.05790331117711e-147 0.0896987551510556
4.68960047730877e-145 3.47986120955385e-148 0.0385283573952982
3.60924964915065e-153 5.87132778233008e-146 3.6081536468884e-11
0.473157165672578 0.886801435138001 0.175513303538394
0.0767152711348218 0.324016101757367 0.0294421551515261
0.182618319055299 0.251262771650024 0.467829249581326
0.722570773554822 0.969174839475365 0.436611882412871
0.395222178998241 0.433926563838616 0.70489027778527
0.710062947398265 0.65252843105789 0.946577708900661
0.916116566223817 0.801248697821703 0.440686314046749
0.0177542880540667 0.091842012306861 0.0321790848233187
0.00368238461109489 0.00405503075293869 0.373126549286485
0.992215118175565 0.472870695839894 0.145253538954519
0.5913982496271 0.443667336176087 0.00343017750390601
0.0025580111110133 0.0540630795354364 0.00111641870685382
1.72862783943974e-06 5.07950526059752e-07 0.429456579109962
0.000166337936827576 0.00164519325003352 0.0186728475207021
1.37104875063981e-08 4.66065400152796e-05 5.00165863232189e-07
2.97903091964984e-15 5.39673807798527e-17 0.199529776386673
1.01117510573405e-17 3.17077966631057e-17 0.00671439528657801
2.66600395665852e-26 9.02625582896939e-21 2.81581109506461e-08
0.713641329403268 0.385974503821357 0.355937326607267
5.29621251324531e-07 0.774357341469465 4.45358166140069e-32
2.81582526152593e-12 0.712208239355793 1.97203696276356e-57
1.370066994366e-48 1.45983720835781e-64 0.592402885282971
2.7818064316062e-78 3.84897917221363e-63 1.44038012022321e-21
3.27664713580184e-99 3.86059670519702e-58 3.65927454223132e-67
2.55090965522599e-121 1.73971378339977e-151 0.404341781916995
7.61833110900753e-134 2.85472746408759e-131 5.8861502340342e-15
1.0422098703101e-124 8.35938625900703e-101 2.1725240081355e-36
0.967775330002445 0.811265604653758 0.571602603396283
0.00226355311316308 0.00412440413563262 0.242632510665623
0.356068381735571 0.897846101193991 0.0749568366133331
0.254144777315291 0.285700995889132 0.675755684049689
0.277384482323703 0.321652510589621 0.640224520769493
0.846911420521226 0.728796762756521 0.795612357319696
0.767919483374252 0.791539417136766 0.251162058054117
0.300239043904053 0.295367092527744 0.815322391958066
0.0590200133281643 0.104237926353342 0.311391751435429
0.873811264399625 0.982388107185765 0.695670403425593
0.199082677041709 0.569377381228708 0.0741137288855136
0.504038774423857 0.415149354846461 0.0017853511828234
0.000449623574063559 0.00201610459648048 0.0916347657190644
3.27268699867387e-07 1.25939979635979e-08 0.929387323544334
0.000609950604472629 0.000831032347237662 0.311095772355673
6.20567101443589e-06 1.57428830486387e-05 0.126105089031891
1.86700359235696e-11 3.30853245717588e-10 0.0109211066955568
3.01586769260973e-13 8.48154906514323e-13 0.0396432972583953
0.469729396161159 0.937038603584438 0.140985443883538
0.0125575286213711 0.806979959289587 2.49550647231929e-07
1.27636702962161e-06 0.95436674159478 4.08087841126317e-29
2.10443298127006e-31 5.67047760288657e-38 0.638851293817427
2.25902507456303e-46 6.60686384738482e-33 2.47778663892326e-16
1.70555233988701e-50 6.3880459358158e-32 5.47160591251237e-24
5.04359729413491e-83 2.69259311149764e-103 0.611932165260745
1.74759495343845e-95 3.24078273609619e-94 1.0169835176941e-08
3.40573515974045e-127 2.71440431165806e-103 1.17350818634008e-27
0.0566872723104463 0.496844449221486 0.0476609715020116
0.0628716249555227 0.226613136918125 0.146329463150965
0.572043351214641 0.937892837278747 0.412435540495446
0.00149338125228709 0.00217453244370794 0.108367753716212
0.462873902498135 0.552332436055184 0.640564178801306
0.341538712319066 0.157799752265577 0.954588170253708
0.873386421134709 0.659910228853586 0.554149195296486
0.166482904568713 0.230649711592398 0.411183741782915
0.355204268756895 0.690841203416452 0.37540760918382
0.685404646086253 0.702053226890535 0.82866225466197
0.00831185180639434 0.738248746648278 0.000144778902393163
4.04103822132775e-06 0.548116272922272 2.93041333550481e-11
0.203680582051516 0.000888976976892592 0.247540278620406
1.26323630719276e-06 0.000985713187998562 0.000257431151142008
2.47211114399475e-12 0.00290828539240534 9.28600803904617e-12
0.00926264936169368 1.09453686987065e-05 0.785598222972876
1.91223654537117e-12 5.6747004317153e-09 1.15100623369481e-05
1.58899910177492e-27 3.20648119450452e-14 1.20943959122444e-15
0.713167277333291 0.240518115760531 0.608725635474704
5.40114480315764e-28 0.946841490987974 1.07406174516447e-48
2.16477030230931e-80 0.544992889759251 2.9892546200845e-136
2.83293450775472e-10 1.64665315433224e-32 0.100358128795484
5.81639362193134e-67 3.04594644392505e-35 6.34822259652956e-36
7.9917663048644e-131 7.87490077865385e-24 2.47160145369617e-130
3.0162666887471e-42 2.63620461514515e-111 0.394992242632509
1.13555510372947e-126 8.2486476865357e-123 1.75133559859904e-33
8.25197679705117e-209 6.3144803786182e-96 3.66317881294605e-122
0.892554918231274 0.754359480180233 0.397814833165731
0.342506345738782 0.443323297300508 0.303510621463301
0.0719102944432984 0.0513030145219343 0.588143911180042
0.0867396861795775 0.0603374284937351 0.514594924146089
0.672964273333807 0.517928634577524 0.275986829367779
0.9949692874338 0.931823226752883 0.696342357589398
0.0165296019603693 0.00808163612691361 0.335136149135313
0.108330219964018 0.0494258422557438 0.0948334204553443
0.00168176656258905 0.0024708726299378 0.357980700012027
0.647005142883908 0.805224558970317 0.265208007243088
0.870141630551664 0.728138457816721 0.0107137652238601
0.512124325001081 0.630693350329953 0.352949535274931
7.23897608911918e-10 5.90259700033247e-10 0.538502139175232
2.27084340340428e-15 1.87424620410844e-15 0.387809686368311
1.74602720825828e-11 3.59111194504017e-11 0.19325177495507
1.56861943688133e-34 1.27578268419546e-36 0.727372807035503
2.36007556494182e-34 8.69505858287191e-34 0.0364958299874156
1.46812117995927e-21 1.7442782435934e-19 0.000100830342094298
0.984811989065779 0.734892770554536 0.115331553834418
0.989478680631865 0.226873133733612 5.42729116333836e-09
0.000125116027630099 0.0935840361935804 3.0609996100398e-32
2.02737241910955e-130 6.9910000875421e-135 0.249112596408194
3.31993775363683e-158 7.27242082532489e-156 3.4934934367321e-06
8.52282240803964e-129 3.18477302154449e-114 1.17251272803067e-26
1.74454570309717e-260 5.31534308963553e-273 0.673296127386939
2.68913472405666e-296 4.18210057171148e-305 0.0137368352049125
5.69242378073063e-317 2.56046738194036e-310 8.84210204483548e-14
0.651743436674201 0.720755654991868 0.750874017202711
0.644414485764708 0.848308618081514 0.128426508992354
0.0725795065633672 0.104649416592047 0.392519628881095
0.580833570985007 0.342237284167676 0.507764544120975
0.0332402445950294 0.0500764533647202 0.322271297660658
0.0339412322757577 0.0343060397042411 0.541357121421776
0.983787498010526 0.371331729342552 0.0631370165593213
0.00963821718886588 0.0046112837792303 0.848063286862156
0.089385917086565 0.24001624270506 0.121222161951062
0.690870814466345 0.644500816557414 0.982489968151782
0.697608394989578 0.0177465876743807 5.72549264006448e-05
0.00824978008848052 0.63838922376008 7.07444106573751e-13
2.58130022376016e-13 2.64346689769494e-14 0.144898069279551
8.14646734249403e-12 4.65382426007617e-10 0.00132942565731718
1.99688844415223e-20 5.49662655609136e-12 4.18938344931054e-14
1.09720270990162e-22 2.101628625261e-28 0.841473452174265
1.65447029852979e-30 2.12849382449956e-31 0.00439928899770229
9.85565507498307e-37 6.41454108133334e-27 1.12647749190715e-13
0.430326323495531 0.671526270422444 0.346381950336401
1.7737255315499e-10 0.69999793664318 2.70209910533604e-49
3.29616747695854e-17 0.159511818872477 2.64347104698769e-118
1.60385379102001e-74 2.55401888802499e-101 0.325766091697482
1.60207130934716e-148 4.03642854854761e-126 6.03575347769666e-33
1.09139925931479e-179 1.17800783479158e-111 1.60073170151654e-109
6.31621801482301e-225 2.55684678400203e-284 0.196989695678914
1.87966616385342e-278 3.55597777880611e-290 5.13362574420017e-20
3.73708690410454e-312 2.12241161394118e-270 1.94132844620247e-66
