TOT AFR EUR
0.136526873991387 0.159108574957487 0.613855003796846
0.953993399019334 0.845931916341313 0.605860993507502
0.55019041499936 0.700665896243432 0.0364908488065004
0.265868989552732 0.356893286947279 0.525112368265492
0.559185498154988 0.307135564693859 0.456605301484606
0.815269509671597 0.938918777685035 0.708155748743176
0.48995234693442 0.2707870277849 0.534224171117836
0.273919485833045 0.662451976160061 0.12963070039886
0.469619244797444 0.385923972312545 0.892299839606652
0.680805508273984 0.808193370949292 0.629637400442925
0.151749083539247 0.149526813195957 0.761087489135172
0.795558860599196 0.679253370981948 0.822564019800316
0.918756971517076 0.604570273351744 0.221058029286542
0.0119909691491051 0.0118025306408707 0.513970348610091
0.311837703630949 0.689914940063229 0.149336981290803
0.223072760266586 0.17917490323433 0.93643067313736
0.1027155594943 0.0838297468430735 0.808057668741347
0.223912346467018 0.266041797940162 0.630393792536014
0.333033625476956 0.241264453116921 0.886864178462148
0.481731436557848 0.889943332574366 0.0526850846580957
0.352123668977318 0.929257367911198 0.0149582638661023
0.00658471233997232 0.000144457764562286 0.192204814328878
0.0226139232430869 0.165161404321047 0.0139033086992769
5.83564574410345e-05 0.001274923016482 0.0186051541557356
4.26499501722911e-17 2.89898470565543e-20 0.731251089336931
7.56376878526587e-16 8.51107784398594e-18 0.501570876362715
5.45745410538221e-17 8.67492808775924e-14 7.58686526217122e-05
0.759479694311825 0.419472834325054 0.816267731377205
0.225326222238364 0.990302996703665 0.109998323767584
0.296435439636136 0.347544514467845 0.022835573203469
0.245739998320326 0.485194530823959 0.335787063085075
0.0414961578055672 0.129679502684542 0.147085557273143
0.0977855250632728 0.0960989254416517 0.479847612657238
0.784328745532609 0.762070266872585 0.521304802483333
0.535701027659289 0.930872583550412 0.446025159613882
0.94431672745578 0.882815549968702 0.974620735628562
0.165121846919325 0.294404612651256 0.35047002112533
0.0476672603541875 0.898780296797484 0.0056525653094508
0.0244422619313153 0.537495058256717 0.0112021564422572
0.0619551319890459 0.170145155517827 0.198657544244162
0.232587984768738 0.774559646671689 0.0634772650043873
0.00727721059727364 0.533474702886209 0.0028990460006698
0.98631115730259 0.35266121809625 0.435831179322817
0.284713928412826 0.0693575724172546 0.925055523580278
0.000486086864274861 0.0274857490510252 0.00485598341225867
0.853185996577134 0.90247058968201 0.888771860495192
2.15575731702397e-05 0.639369036914295 1.01419305238395e-07
5.81345684601919e-08 0.591059923040199 1.85210049133461e-14
0.00442516844014906 5.32667531353787e-07 0.498235416752067
6.12984125052867e-10 4.95674129094817e-08 0.000445861644787413
9.04142831385223e-20 4.74462980472887e-05 2.9913406903769e-18
1.59288444905917e-05 6.60453889277147e-14 0.832239881102361
4.20840319857351e-08 1.50469049280401e-09 0.0265784340064179
1.7222803779151e-26 1.83188270538131e-12 2.23015879465297e-17
0.237690902565832 0.361603615054706 0.259604257023511
0.3674871129259 0.369772317279782 0.886696229257077
0.0417572645921105 0.0227499319030677 0.195531031043795
0.598264420994729 0.554661766227965 0.812232318041394
0.519910923393891 0.635521813616893 0.318157182710193
0.921455604131317 0.807693803834322 0.496670969049395
0.251857349089225 0.189940003217912 0.530708480178713
0.345631916095687 0.281397813905724 0.444949777672039
0.0952364400047709 0.115701964004787 0.521475489837154
0.795472325407135 0.802356988717416 0.942166743814488
0.871471880110881 0.768828821346842 0.424552198691977
0.426781202559882 0.56636025853335 0.21635866336027
0.156975908714614 0.102389909707703 0.432375728318693
0.160180650843661 0.253327584873556 0.160438037909797
0.218206086924441 0.313396873543849 0.0632564049039519
0.000572401069708295 0.00066669745240386 0.528014209401375
0.00728937112389654 0.00727981376481844 0.814709680485112
9.66553027248081e-05 0.000146792150393792 0.292839885280295
0.710968184458692 0.49958396905389 0.136023845689771
0.171506640914585 0.402116496620704 0.00568246554764207
0.469928041484236 0.659423536005716 0.0911218070427178
2.22157890490003e-13 1.87720078410694e-14 0.690639045432969
5.27219725819444e-13 1.31954141313329e-12 0.0724600871272856
2.31673236094963e-19 1.50474098254441e-17 0.000596121519431348
1.45187979575983e-21 1.62141241257092e-23 0.397344799472344
2.00818127485114e-39 5.52028859116102e-40 0.195149225739626
4.14316081523563e-40 1.55776886744426e-37 0.000210738199856811
0.0153458477811849 0.0038951686709585 0.748216068747742
0.811300024939553 0.703177718526415 0.816028035977983
0.392880852868821 0.583846692705904 0.370210461252372
0.392297015764565 0.327166611768693 0.993894971974511
0.356524124994306 0.208447817138251 0.629750191203135
0.338571833219659 0.610383594098618 0.247451883304212
0.0858370702469477 0.35076970541736 0.0238257282599146
0.303143565281165 0.823296249594057 0.0563715148150403
0.310591954335037 0.412131358134295 0.509039655066533
0.393135454743111 0.243044897720007 0.67442678145992
0.228617837604768 0.814428264042259 0.0113300601305056
0.13146338122771 0.438648852524518 0.0354938759580084
0.0842086460586038 0.0298606608952808 0.691115314549973
0.00172728369994486 0.000361934393719 0.977563558040971
0.00992669124574328 0.110184007094731 0.00420231494793609
0.0109456725737962 0.00150933745237831 0.579026385664655
0.000510632467402406 0.0022540448097211 0.0695163959015278
7.9103690884107e-05 0.000328500293175311 0.0727822787021762
0.20980516394314 0.152273515217712 0.942751389376426
0.00441072356428889 0.139725368989948 0.000437540053136356
0.0196041723108245 0.936913660836937 4.10845725114205e-10
1.08055110748679e-07 1.86996687932887e-11 0.3793274985092
4.7037120785798e-14 5.70498430004057e-14 0.0165198113118559
1.52072818032511e-18 2.08765582119088e-13 5.42624319338693e-10
5.38477901397148e-22 1.23534988257722e-27 0.881148843625245
2.28962464341927e-20 6.2997594907974e-26 0.597397484293849
1.7175208031157e-27 9.05043660320614e-22 4.86603625879109e-09
0.0451745495840665 0.0379788877552538 0.728783200288794
0.944919403782369 0.773863545016794 0.480960575351827
0.329753786433309 0.621555125869762 0.224612668755285
0.190117258313005 0.0517787211993583 0.333763338115211
0.611710218706329 0.249058272071313 0.240660588028457
0.445887130949673 0.633975326895815 0.44321371255377
0.47712974324813 0.581200307805219 0.614716503621276
0.00705693005773451 0.0336316372312513 0.0629528600711187
0.222118906273756 0.244114952106948 0.695508183837689
0.0629016121438891 0.069573434098215 0.585842119589769
0.0285265301165737 0.0507215860287309 0.317592904900692
0.0566479250248567 0.62128317485039 0.000569114753586956
0.000904350660194653 0.00452296881934278 0.0741509086129538
0.000209052490591733 0.000344678573388324 0.23135502651043
0.00202247421092867 0.0343159650470656 0.00717257248052631
0.0046224293023671 0.000596041597526521 0.615334011060257
0.000830477566084266 0.00779583627926148 0.0323880141494889
5.8083511633207e-08 5.3758903457214e-06 0.00246423400811461
0.131996345379085 0.385973474024925 0.105915804170611
0.44218940564115 0.488766109449332 0.00186378423085774
0.0207376913022282 0.216281480284347 8.62997101854163e-15
2.31867869357313e-17 4.96554651856508e-23 0.376990946409662
1.4581027444537e-22 2.88185073802333e-20 0.000575864858150177
1.72133446220709e-38 5.30402322005559e-25 1.33407930038475e-18
2.10544559806109e-45 7.3557470844189e-55 0.552584915981872
4.69528129776408e-56 3.1786336450323e-55 2.15986919449437e-05
1.59648257150335e-65 3.77886531904222e-55 2.27699289847666e-13
0.849741591688707 0.843207846448712 0.675037649349502
0.879723027574421 0.559373508511245 0.771275035769137
0.915379179878752 0.590574169326758 0.537545294293331
0.816481607175671 0.872962591250924 0.665104976600472
0.483019548578782 0.9218324892876 0.3050279005091
0.790782907658764 0.919013331227312 0.663218295929885
0.0597915634865474 0.0138151136952813 0.700678480053917
0.644261277260641 0.675918793242742 0.338707952287332
0.471929501073735 0.726184212913692 0.509020896506314
0.003057882637517 0.116442522882508 0.00862153514705403
0.0637958877466687 0.576520091126226 0.003514854143717
0.000103451565801705 0.367168114056771 1.0831786209776e-05
0.220196433194702 0.0070780672291588 0.512521611357113
0.0178314172525561 0.112714507820467 0.0694395952501897
1.7607773232356e-07 0.00264861203153846 8.72867754581878e-06
0.00631508937165395 5.23250686567131e-07 0.491667049578081
1.3999536970977e-07 1.63332587061769e-08 0.0387753190717575
1.76106871641437e-06 2.50839740455624e-06 0.0200172653133054
0.570569515996526 0.83625725542543 0.350264047546813
4.84489371842233e-17 0.489169297345138 1.48427735534878e-32
9.27087186730685e-35 0.978602798336258 1.48820281214115e-62
6.41265879194339e-07 3.65467020654187e-19 0.28863137249134
4.56503300515484e-27 9.34922641242301e-13 8.28614362042171e-17
1.76731676346668e-77 8.00502580493916e-12 3.02124399030084e-82
4.62599341427416e-22 2.97412831759834e-53 0.803971895238316
2.33667676085352e-69 5.62418111869133e-54 1.3224376088742e-24
2.33663796998691e-89 6.22574285609325e-42 1.39442631865299e-54
0.467101729479114 0.473616503368524 0.890020170097718
0.864455863971719 0.80037014596881 0.719442382339399
0.362874994167305 0.312269152728676 0.689379252285239
0.981651295434887 0.950667017569739 0.652210736934685
0.0806754093337205 0.071964119707486 0.968981773541163
0.482957052202487 0.678399133623621 0.109288566587487
0.000387970717170869 0.00021482506826724 0.748900563062178
0.0925277860575026 0.218345933532475 0.00610948828071812
0.0498585345260142 0.0526488464178851 0.724396755583222
0.642514079653889 0.674147972517525 0.820010490433959
0.914095325858524 0.811071210028257 0.482307089126507
0.934383829352232 0.366262671652997 0.000110394376497713
3.92401572847238e-08 1.39291876176025e-07 0.0607589626927795
6.16470478985232e-07 1.14391284716097e-06 0.250934801120163
7.92455160360925e-06 0.000311553096530729 1.73792614726478e-06
1.5648875550856e-16 8.97518295547067e-17 0.474014994979336
1.49469278721215e-11 7.66342790001434e-12 0.700724492050984
6.76458567561305e-15 2.3812051328684e-14 0.0783624140678199
0.929632060600045 0.872157228321574 0.718107433747851
0.472927986448811 0.952247861299274 0.000477451614806847
0.0541595772717265 0.630443243354297 2.44049422889783e-15
7.40952373984917e-67 9.29073201765515e-69 0.316448028882732
6.16865303844696e-69 1.88994052925391e-62 9.98750957130505e-10
2.19542072953447e-67 1.17847544792023e-59 1.0077204440958e-13
1.32655135140651e-131 1.100301959569e-138 0.996026291497149
3.43471930205112e-150 6.76335031352857e-151 0.00101079418431883
1.12811347216134e-128 3.54087553268329e-122 4.71956779322008e-09
0.684144648290666 0.418093649141016 0.497571845002645
0.148975642741456 0.18690278678292 0.505673822978644
0.224377151174425 0.356778646567667 0.324990441472943
0.492916436984382 0.805581486503565 0.266870768892069
0.00831239578163234 0.0234634146514434 0.145198027243213
0.360445022635025 0.278380461337177 0.915901394407476
0.0107468192729369 0.00264245309566969 0.762226866163329
0.239045187645443 0.101420715986085 0.544745030616339
0.113929961152338 0.798030856846457 0.00225661904317121
0.823942107863453 0.773017358437775 0.940832072283817
0.262762703087892 0.951853640833902 0.00440423009584185
0.151796466749707 0.796741834025478 0.000140207721359347
6.20973490945722e-09 7.51512866931079e-10 0.383282683164214
1.27891774493568e-07 8.28367945764637e-07 0.0273152570942172
3.11726098430669e-12 1.3483252890229e-06 1.94892869473063e-10
1.67468255146323e-11 1.51143456289766e-12 0.190609799848062
5.0630284654774e-18 1.11587876631482e-18 0.0338790808428035
8.38844870513385e-21 3.93270023548133e-18 2.14753537460553e-05
0.870467999018433 0.93390068600182 0.570771497905091
0.010260918224401 0.163393004403075 3.68608759876882e-20
2.05370027952274e-12 0.899578440837765 3.23708686856575e-64
7.21461611887833e-40 1.99821780017573e-55 0.224211548356589
5.63555470634186e-81 6.12028754151674e-69 6.64472122285973e-18
2.45545926545985e-80 4.00661068083351e-46 8.59092141293839e-57
1.68114797565743e-111 7.03889784500719e-159 0.0118984225182487
1.19990296388036e-142 4.53621816215282e-144 5.84882573638584e-13
6.24362632018761e-138 4.19568659127444e-120 2.43765348516054e-28
0.116357224857646 0.0955879470844978 0.861737172365175
0.416429129464112 0.194738309629331 0.455203375247531
0.359583244844365 0.670401719840051 0.222988420840247
0.793506611294235 0.592651985233375 0.099890196935225
0.611023789407542 0.738178424667252 0.634932544654804
0.00201662200066553 0.0277944612704847 0.0138110116589037
0.377856896724918 0.245674560604251 0.736925542345568
0.734414807935879 0.916470161467178 0.311670085024402
0.114412217149562 0.379650568113787 0.0740964870648885
0.0282226923890888 0.0243967998897866 0.687311078160152
0.155536703376541 0.690810236078621 0.0136682248982148
0.0600375925627157 0.824627203229063 0.000101499109521021
7.73276450757016e-07 1.31627608951842e-06 0.154081702633473
0.00161838460404073 0.00603502611563331 0.111450733363536
0.00211579854175361 0.0114243224614526 0.0724978987176604
6.34663103088959e-13 4.58050207814066e-15 0.723677012082995
2.22731017735137e-08 1.95219720814522e-08 0.188367081959478
6.47948883301297e-11 3.54400710148119e-08 0.000228561066181416
0.542284149056265 0.572654577516889 0.812327543989859
0.0924704008953452 0.250861788826685 6.68200630672241e-10
8.47558811689414e-10 0.102714940760207 3.36215688233577e-28
9.12195862595096e-22 6.85221967595006e-30 0.277846821669297
5.23585702085709e-45 9.57357229316865e-34 6.30260261481439e-14
3.80168509062224e-54 1.06776553448238e-34 1.66250693699657e-24
1.09980481012955e-94 1.37929510132074e-114 0.397763538800357
4.92742057885701e-98 2.74736626011385e-97 5.95879806915532e-08
2.69444200856152e-162 5.06975333749482e-136 5.53536511145479e-32
0.244344495339127 0.394279904529164 0.417247092921122
0.676470322166402 0.873071938387811 0.488948839196992
0.0374865706271301 0.0660577279883974 0.230729001759868
0.0445661562672593 0.0817049563650587 0.237313800361147
0.220498658546668 0.253475641226217 0.509054605048094
0.466599614500637 0.699327968294199 0.517483278328947
0.0147195784486433 0.073597676877005 0.0850022321925652
0.00145397858123059 0.00236214335499771 0.0986633453675437
0.0338213081535982 0.227992753866734 0.0688145178526108
0.07962328787345 0.996589626679112 0.0198379199881526
0.0203258609439268 0.668084485169797 0.00633057358921063
9.45879080743606e-09 0.411173007007573 2.08969680962563e-12
0.582753992200669 0.0189782194225897 0.221969762135931
0.000835475500861859 0.0189139548609852 0.012991696632928
1.74787276298122e-18 5.313245512626e-07 2.46084545463736e-13
0.000208777150518504 1.20047179125119e-09 0.810262897501549
2.11402589493795e-08 2.46819397247588e-09 0.0204185434585016
1.39332452295319e-17 2.38987201035899e-06 2.64466583582331e-13
0.207023991323869 0.435347124101508 0.0175702474401577
6.05339259006074e-24 0.47772152634176 9.23897896950452e-46
3.07334003236004e-62 0.254680474766639 7.46103645646765e-123
1.23067051147407e-15 1.96274376406405e-39 0.617777181584683
1.72774452293609e-78 3.20934312125037e-40 3.71735871224395e-42
4.53905027703796e-154 8.29077109412152e-32 3.68665102160941e-143
1.08366700421499e-37 1.23978219653976e-104 0.293075183173485
1.32298653879534e-119 5.24276882245228e-120 9.06351274449072e-30
6.86420762134907e-195 2.12388997434668e-95 2.72351406787461e-107
0.856389515652882 0.741700491003846 0.454762963049967
0.398832295441196 0.390221235296026 0.978058536770228
0.814963754142782 0.750400970174485 0.683019317690843
0.500747740719782 0.432330071968156 0.637080941023527
0.0261074734741965 0.0328743708754636 0.43584297497932
0.230296061410323 0.166420993439836 0.456530682387109
0.000665033558694105 0.000639960349831066 0.701018774640047
0.00192178926088655 0.00231823189657493 0.51016636918956
0.0726878576372966 0.0889352213825007 0.477136340883574
0.838814427933524 0.669134823511574 0.301428765953582
0.310582087189121 0.416672266478592 0.258401455478764
0.940472044339519 0.714252199699281 0.137217520840382
2.17217860976628e-11 5.86654049589765e-11 0.130660789218225
6.86151156357265e-13 2.41013029003652e-12 0.0687593871736377
3.18101510798899e-09 5.30503756348874e-08 0.00242269345816911
1.96160872417316e-36 7.58259388367004e-37 0.217777265223083
1.23652910249385e-27 1.21147999404228e-28 0.693094452703496
1.40306826318138e-31 1.84241841802492e-30 0.00937742862501676
0.513418756180051 0.352247570317447 0.210615842384322
0.323702318695577 0.934804715477515 3.78818619633146e-08
0.00189183837406017 0.291340663353148 1.28837971383794e-25
8.27407473661759e-100 1.02807817905323e-107 0.176866722856168
1.4100371762405e-125 8.84013273113892e-122 7.91931294700057e-07
6.6424956149496e-139 3.3010507089222e-125 1.31794739459902e-25
8.58549756954056e-274 3.77283903816868e-287 0.812071329767207
2.88246652754748e-251 1.08174485253858e-257 0.0225468934151752
3.04934796769614e-295 1.05317902682966e-283 4.62147516095966e-16
0.0264517723847545 0.0266981022844811 0.516450825024389
0.937397698579125 0.887240461301614 0.630103686076406
0.743910611419667 0.82300738689421 0.205082161644281
0.0166375583633901 0.0195019048343664 0.416341045908091
0.0294542088654649 0.0106221139381699 0.84436839085058
0.0965591078446925 0.325573585311332 0.0577851034610526
0.000121831057733822 0.00056621978246871 0.0574523912313446
0.0697052892111403 0.0349628312678401 0.916838790067724
0.0323358916245221 0.010249072776832 0.754102190531501
0.611603537089782 0.475672179714181 0.778578648928241
0.131306981808602 0.628479932047492 2.40691783919427e-06
0.0848769173999508 0.158654694161352 6.74711275664196e-13
1.76590983128933e-09 5.38592390503987e-11 0.58812151946919
3.94487865707657e-15 1.65452095990697e-10 2.1327849989037e-07
7.15040690115297e-11 6.06211210889232e-07 1.82013602938165e-07
1.54129419241945e-19 1.33589170071619e-26 0.359461268279563
5.81877727817713e-31 1.62405460086014e-30 0.000603447779545626
6.16480761434264e-29 5.65506630009225e-22 2.20777833928569e-10
0.434904444226364 0.424476111905275 0.857713191402314
7.77517919722287e-13 0.242054805289824 4.48206200385996e-46
1.71744090281433e-26 0.83249216667795 2.61163715300707e-144
2.44327058348262e-92 6.89952811245659e-121 0.489299894580852
1.24823182262976e-144 3.20865623275852e-119 6.29894148768006e-37
1.31967085209174e-165 5.47909334788391e-96 8.95111913601772e-116
1.32005825308172e-219 1.0092304766092e-292 0.360245410026825
2.29291878682536e-278 6.29893846950345e-286 9.09321378451037e-21
5.22503763497189e-285 2.23853765966077e-233 1.80702349578367e-77
