TOT AFR EUR
0.469741498969177 0.547618812729165 0.6864564893051
0.0459757010780929 0.190052584515971 0.0265457310247683
0.0304939472022333 0.0380273448996425 0.49887612571182
0.732345011437522 0.725931382206192 0.156799619216038
0.114422295279081 0.198969111307203 0.336640595451536
0.625202582749265 0.153611460726026 0.09650561176944
0.403483745137168 0.725041636648103 0.209624333941521
0.0761118997114527 0.0149458540532946 0.379639787086319
0.961190692754032 0.969888047182214 0.971661300672737
0.312035989112382 0.346533678969427 0.68163642997175
0.659158570628195 0.481593560788751 0.680436951110088
0.0296664741032778 0.659515908975453 8.64069021202961e-05
0.721218654382728 0.901900130042449 0.60376363687492
0.382679274333682 0.954530859420188 0.0624547443136876
0.110799587685707 0.0404634632790669 0.600318055474594
0.149628538716853 0.12774698985373 0.841882126301072
0.0107193246506462 0.00223226437893846 0.644604191664555
0.339661905221276 0.933386282176441 0.0479726735709667
0.323070328969153 0.3485837101409 0.734200751685016
0.633514257685264 0.116098799863351 0.0502849864146062
0.705348972087343 0.297971830628081 0.00115236174510655
0.00535037627395061 0.000317003601862309 0.426085239775332
0.00053898865900496 0.00174242673160416 0.159986219511226
4.02666997403627e-07 1.06248921533771e-05 0.013186600138031
1.36711199666315e-08 5.93848921462572e-11 0.795851435172869
1.93127011383746e-08 3.46022345402586e-09 0.316455842123377
1.7294672299611e-22 7.42204250614672e-20 0.000293457741428043
0.146877368550125 0.879880148486084 0.0722268394086325
0.120423515451981 0.514321987909033 0.126485906909725
0.324477182027411 0.335036044474089 0.631432549107993
0.149744008344891 0.0528505126703771 0.792423758009995
0.000224235155644566 0.00404393600032662 0.0117355161345847
0.132907904966076 0.567494763037754 0.133920377528704
0.0239412577858913 0.00297158219597197 0.638445846926861
0.47168534233179 0.295926826069926 0.914296884537308
0.529271287798431 0.779357768919397 0.285399273671136
0.997302845877833 0.58443022792164 0.65476080493757
0.0442979352388444 0.0163407394316933 0.542362715021194
0.000531048577358422 0.0538384348660675 0.00311778364738664
0.376098436562307 0.0183413583198427 0.35502856828796
0.41815982711709 0.821794897026637 0.211931771670416
0.000144711054196895 0.0277501464124277 0.00100748874473827
0.0564172248092017 0.00386757472090776 0.901351419728545
0.00114071752398439 0.0286677579627958 0.0112287355720051
3.26266168280333e-07 0.00522045345061097 1.131984779346e-05
0.630728159370733 0.282298611781574 0.1181922453161
5.09543911882517e-05 0.745393789328799 5.76668866820289e-09
8.84366315019594e-12 0.409616449562069 1.32685201921728e-17
0.024354885042966 0.000775160011291102 0.947000445588761
3.85113446940879e-10 0.000861478777307366 2.9685050744762e-08
3.10352786708042e-15 0.00185231737569034 3.36832445127205e-16
2.1214556791958e-05 2.60554547136765e-17 0.0791605583881096
3.36901752747382e-16 2.60815824449109e-08 3.7192344592423e-09
1.96859968895379e-20 1.29628684274308e-11 8.55842019021177e-12
0.814946615746072 0.900835129116789 0.43599657764513
0.151046765927684 0.132655549979073 0.911995687035131
0.241087045919556 0.333581480804493 0.180575215062018
0.801345611852274 0.773424150450787 0.880292040850931
0.623470302933377 0.742547939923685 0.346378786032299
0.161028166567671 0.25959097925006 0.145735706519278
0.67994154404896 0.691208371242133 0.870506942764611
0.0933536223056714 0.0922512170484773 0.868127083145281
0.00637957400917177 0.00454015731103047 0.766815177334685
0.594256946317107 0.642554178768019 0.706129650724172
0.0284447874526538 0.0453380366137069 0.286357013944174
0.66856042232108 0.739414682135466 0.667778731588744
0.00390665238705558 0.00263462016408174 0.797435809587605
0.104255503822647 0.135660535132446 0.336265999963759
0.000629969250295005 0.00225460842786774 0.014230253842159
0.00211163555018573 0.0014421243026858 0.864462271051501
0.000991529826712468 0.000212458025347604 0.141079782420092
8.99201683425984e-07 3.79648850260181e-06 0.0279531238254498
0.40722090197308 0.57822952126796 0.185778070224638
0.10950214529355 0.26728744425375 5.90539764978817e-05
0.0229097153465862 0.196765954718822 3.52279629935249e-06
3.84585964325464e-18 8.56020271438869e-19 0.783764828383248
5.98826334378106e-16 1.16281307471257e-16 0.949873859321722
3.36489782557341e-13 4.18894986125848e-12 0.00287202604179443
2.05767537633626e-27 2.3749580871158e-29 0.441731240455385
2.40494235011205e-31 5.75836636584679e-31 0.057106079027332
1.99964425284524e-33 2.95721947144743e-31 0.000487806897981549
0.116978697902596 0.0882096002836492 0.886566214756438
0.626420746853124 0.68432221086539 0.784066770990273
0.100081731487052 0.0694309150673896 0.949034911222311
0.908652371365045 0.350576493615082 0.119792624039089
0.458339596873237 0.730082186080539 0.303236722706896
0.320261823358527 0.412237343785081 0.476342293308764
0.246163016111483 0.0799143425109329 0.378742948822829
0.665334320893915 0.227538858980763 0.120467487821348
0.585352979262981 0.192119653373444 0.134963505760225
0.00333491386016924 0.00640638647328351 0.261934391776802
0.0974084340143551 0.111038985843165 0.559410618559923
0.625743191494992 0.391811088273267 0.522514123562165
0.084227073253402 0.0227322174850043 0.452084333217296
0.148826466231196 0.170633273818696 0.570045710668369
0.0160388260954702 0.0445932042258916 0.122383239784238
6.45403192220588e-08 1.21998142601066e-09 0.919249467772739
5.68474563992771e-05 5.62244087910341e-05 0.242699471204373
1.6237823681476e-06 0.000194800454635836 0.000367327271682788
0.705851953899017 0.85238123561846 0.193049227755469
0.173082615544351 0.268491455581449 2.2722428049284e-07
0.000155402253268597 0.354955505022253 3.74815173397888e-15
8.80365628044537e-09 1.261831070747e-09 0.324282262265484
1.68286584024304e-16 9.57234822047664e-13 3.14808084906832e-06
4.28490471322689e-16 4.68840479246146e-09 2.93951618559189e-13
5.31173323840568e-23 4.83717488824172e-28 0.199377931548126
2.69244648214454e-27 1.81529841478019e-26 0.000120208748147524
1.68930168712933e-31 1.5740400935901e-26 1.16212759731111e-08
0.807625612095355 0.933594639090032 0.69370659020014
0.586638294722983 0.317545539287055 0.424407841911554
0.194324172897574 0.133673066968582 0.928365749329457
0.0974001991071392 0.0546762727073693 0.91515024015909
0.679259372295918 0.558103684023515 0.804386914453091
0.207944082690585 0.146130323799667 0.948718730813803
0.470813273651504 0.442722710544623 0.935336532141022
0.253126215097521 0.171331466218839 0.840973742273502
0.627056787249608 0.255718647945312 0.239894007217981
0.9129622306704 0.261060843822106 0.0401132709129939
0.1592771582282 0.629535749852509 0.0298542721121865
0.438285515178486 0.601355105878842 0.0059383482110913
4.2532590668935e-06 6.71973588481382e-06 0.171986291201804
0.09630229577199 0.12672082812074 0.489276975695874
0.00475539536869179 0.0280072309244559 0.0500345642342831
1.00051827354741e-05 6.07787714708009e-08 0.307949410042593
2.49325800062411e-09 2.17262319332028e-08 0.0302295147229014
2.56330925767811e-06 6.43086227132892e-05 0.0130965200832122
0.380073489893095 0.297178890837244 0.901069009980966
0.0984168391726075 0.942069249189573 0.000227501660928423
5.88100120383537e-08 0.472127546262131 1.69763139355161e-30
4.02074799238854e-24 5.58939983381386e-30 0.808735728131676
3.94034343956506e-17 7.50401551934455e-14 6.30567774388069e-05
3.39548764638271e-37 2.49200063125657e-23 1.06922861184013e-18
6.55303626453188e-57 2.34459610424058e-69 0.497805370618485
1.17944357829171e-42 2.89733561903298e-45 0.0181217640945828
3.6620089642575e-47 1.27929964765134e-41 1.90649683299332e-08
0.164343984388895 0.308191353979918 0.330314073462232
0.55869001166229 0.443639085661625 0.906249808753668
0.302547322802311 0.764879483332217 0.106118058279451
0.112218022977645 0.223128525036803 0.2787964634451
0.354673515522797 0.416717136577465 0.602186912540842
0.916185227672751 0.423214808010287 0.584428629752378
0.304694468517352 0.964968531938317 0.156835081403994
0.0868861569808077 0.252655096271791 0.189505165691313
0.37327977453703 0.464218637250255 0.579970917476686
0.360123879908079 0.160240378371404 0.985906721329661
0.74487051128498 0.881505255689275 0.757681070966988
0.0198162213469381 0.135145668607787 1.19323811795116e-05
0.578548073132639 0.152612432648893 0.620362410622067
0.060156034124147 0.445169767268954 0.0639739712025276
0.000256041539771999 0.00954147300639147 0.00704443984976526
8.52191394843957e-07 3.14899340742497e-09 0.162322123621751
1.87858335819491e-07 1.15639289566771e-06 0.00399949001867319
9.33292678446959e-14 2.96906318514572e-09 7.7079989648125e-07
0.951888905776696 0.984355400127231 0.922403292312431
8.65040814452321e-14 0.722707322719225 6.92823130517628e-22
8.87716693139214e-49 0.0431120663190907 1.34426619847995e-70
2.24632941893104e-06 9.26414223742118e-16 0.611178796040017
8.62293636383479e-29 2.58129482917664e-16 1.32042692018297e-14
5.46789246563932e-66 2.1642567817244e-11 8.996938094403e-66
9.54901363591993e-27 5.69928657408724e-58 0.605716180572117
1.12595068261415e-64 4.06477248353924e-46 1.52625309150427e-25
1.03570881417423e-103 1.6425299158939e-43 3.40615440169342e-65
0.417866226181061 0.234254916892135 0.0666707100218173
0.872442926786291 0.778836028074697 0.598749493805666
0.312042964815969 0.533305881541462 0.0481228132990086
0.180917134907468 0.170355007811881 0.997551397101322
0.0732393555589437 0.078203808548871 0.70503328770671
0.612717028961972 0.60757105714212 0.977459509934238
0.0480196106469262 0.0371525219718682 0.775011294773325
0.00374451008218447 0.00708752666741575 0.134997061605394
0.177673741422537 0.161114261567866 0.935551224774334
0.546335850500386 0.539017052586411 0.983657817918619
0.675721064023418 0.895812955888398 0.130246572013988
0.701174259101499 0.355512668481862 0.0033991506685255
0.000117940782662911 5.09679764964543e-05 0.599584840426808
0.00411207459383217 0.00399217561052856 0.731513775938462
1.52454125010676e-10 1.17539923690995e-09 0.0166437126990206
2.03677047767852e-15 9.88201208055931e-16 0.623775691789497
1.47394251670953e-14 2.48430958035274e-13 0.00208365294763441
2.14535044633724e-19 8.46059413681599e-19 0.0711758889576575
0.635527898805226 0.584539719372413 0.757806231654041
0.414161964357287 0.853309163681732 0.000139288986781675
0.155268070349708 0.725498179197326 5.52025769795962e-17
9.52445098608167e-56 7.42805433279818e-59 0.82708876814356
1.24450677702612e-77 1.20712412554065e-74 8.47218963735659e-06
4.68250171739942e-71 9.91577731848298e-61 1.23547619404919e-20
7.38853825807369e-130 1.96857399721703e-136 0.935854758588798
3.49044946117179e-151 3.37765886020897e-144 1.2283536827579e-10
2.77730445583403e-151 3.20211613974195e-145 6.11559788008006e-10
0.6154884319953 0.843458042188784 0.425359734662362
0.252129688976301 0.357501366498768 0.432115884926307
0.0628186564762137 0.161179215162802 0.144793027683082
0.0216100230172278 0.0216676414972924 0.524711451015734
0.724620175788879 0.954595328895318 0.347658873903101
0.809535479045975 0.400536673883725 0.247075780542012
0.021265740948946 0.0526136468296889 0.151877208710359
0.0246266176710651 0.0442034299150974 0.246499698156938
0.385435992098736 0.264768664104222 0.761690662807968
0.888468217965204 0.922446580057622 0.899455001746837
0.232232646824496 0.944578056791571 0.0078637200339691
0.134605377094396 0.643236628434991 0.00715597360803283
5.10786895761807e-07 3.57053503646781e-09 0.642815032530817
2.08769788516329e-05 3.29534807709241e-05 0.13700117036633
0.00047512243463718 0.00912441421079659 0.00502584247115832
2.91229173537422e-18 7.36054823297025e-22 0.499366166768148
8.69298888915024e-18 1.52132707945698e-17 0.0117860653150721
1.11131066027488e-24 6.85607011062339e-20 3.54090723494017e-07
0.783483918828877 0.866592747417953 0.32830022794333
3.98523002157165e-06 0.836809302717379 5.82841897323795e-23
6.43728359114066e-13 0.78162528300286 9.11626917629563e-63
3.26892506587782e-51 2.73857610302958e-68 0.617270553831956
1.7341230952912e-71 2.01681393370142e-54 9.89307271493173e-24
2.47918083971989e-98 5.50492055856216e-55 2.63843605400839e-70
1.12177554774823e-105 1.18881172037793e-140 0.57790284969144
3.56224839491875e-141 9.22748131323594e-142 1.11046144792472e-14
1.10156405056538e-147 6.29252334440832e-130 2.59242179793732e-29
0.788857541341408 0.977611558870317 0.514112335942902
0.305587796594461 0.236534258636448 0.951549597009602
0.347275335658852 0.429005891103849 0.59641118268549
0.31574852592914 0.429644971501453 0.508979065711867
0.564082950139376 0.236224654012298 0.265708351191884
0.170465283486943 0.42759851944106 0.127106629846358
0.906796642428121 0.99128329131439 0.806127693311094
0.107272222493289 0.0752374250477061 0.961706191404223
0.00735817444367366 0.0181512433926025 0.178454616032918
0.886157952186343 0.76734739798696 0.784538241325256
0.264431411253962 0.805387415692821 0.0389184295960502
0.514540519338486 0.670355575858833 0.0198439616164759
0.000394885850830741 0.00099428732176784 0.18078433253641
0.00105995449686971 0.00285717800524193 0.161050530486447
5.94595426419092e-05 0.00746732796740487 0.000199699179499728
2.23459656787819e-08 2.36740024785181e-11 0.435077726115094
5.60071206577139e-08 6.14274258178124e-07 0.0234254143862535
5.58308001553085e-13 1.33085483111206e-11 0.00727929029366215
0.0893152202326147 0.0348453314732231 0.67138572745085
0.00888958486554992 0.875749503869977 1.14743045970431e-08
5.62561163199432e-06 0.770647777250686 7.07862210053616e-29
5.81957079666241e-28 2.54040062835924e-33 0.654299731218619
6.18019928977209e-46 1.08435972016366e-34 3.98627695795853e-14
1.13420513335107e-50 3.82884976872598e-30 1.05117793906299e-28
2.39668887279625e-85 2.32270526475848e-112 0.29431634080584
2.50342262694644e-107 3.23752281028906e-106 3.14024964959696e-08
2.32260045517567e-128 9.38012627551213e-112 2.22773998668157e-20
0.177453969640869 0.0979695406481437 0.712208770573962
0.858893524059926 0.87201615323344 0.708863873932005
0.957889922771467 0.27818239436434 0.317615184338283
0.120579418069764 0.269560916932724 0.25625889141423
0.148735709872742 0.669843962785289 0.0208753328665087
0.155918189696157 0.836282919934671 0.08699706990169
0.592407801201149 0.337161554975095 0.922287121525551
0.0525106804288602 0.562109544068814 0.0370939459467777
0.207242192224387 0.705951822391136 0.0458839549494891
0.67509557312889 0.893943011772224 0.658074163655234
0.000360551605099264 0.44776431595215 5.45375186774321e-05
2.48924585312993e-08 0.759715139855815 6.22969198756899e-13
0.00550564548535073 0.00188979797829502 0.307657676917332
6.85411874325859e-08 0.0143021189710182 3.93832419130957e-07
8.00726741531594e-11 0.0944696852022203 4.58472478745383e-13
0.000132987984102908 1.15096066372413e-11 0.440953343112191
4.15192508560026e-05 1.01654625928981e-08 0.494459273653457
6.44140322368785e-19 6.11982975945259e-13 1.68962947729637e-08
0.661093150515435 0.604493646328839 0.888969892068536
9.42658213385607e-23 0.364838326648323 8.0573461246987e-44
1.02444265074964e-84 0.448441024792528 5.4194860361807e-144
4.75912368478962e-19 6.01482451816899e-37 0.321768725653352
3.48939405569804e-75 1.26668310991604e-34 1.16656667814054e-44
4.34094642101935e-141 3.93989604894879e-24 1.58632014473015e-142
7.28581944831136e-47 1.02463523019217e-109 0.755363598861943
6.51167182683757e-116 2.47983822295133e-100 8.28940281249501e-37
1.68395911461499e-206 5.94349172265544e-87 5.31314331941132e-132
0.121898992484554 0.134297654965437 0.650730848005187
0.363182305424286 0.483463715450733 0.2502860501788
0.949833672963527 0.765572053620162 0.257530557720186
0.492242692528882 0.417517959394372 0.575279633522091
0.000598827075191239 0.0019497521229005 0.0339741014599241
0.605650577641102 0.581903548635006 0.920238719821891
0.315963480092298 0.200909870474854 0.217383867750935
0.104232895119168 0.0944141571549709 0.975711627164478
0.000386659863121863 0.000386301390573042 0.665694547638586
0.934146017772971 0.773440618021085 0.315135094386455
0.0212480678674267 0.0495587219558076 0.062622457244145
0.453017946271371 0.648625135643658 0.105870224069023
2.59414833371122e-13 5.07237053957621e-15 0.10885764520787
2.94739624658732e-15 7.14311116112539e-14 0.0015052853811357
1.15895990262427e-16 4.24539584110986e-15 0.00123148794170317
6.6420428200728e-27 7.8552824744211e-29 0.480461969434621
1.16855675767597e-37 4.41716503701423e-36 0.0022630756301284
2.98114166141331e-31 1.00299279875116e-29 0.00256607888665577
0.620624892225936 0.503804446902615 0.430783919488955
0.0116023337964895 0.29383370140929 3.00183129708176e-14
0.020067824630523 0.980670587965052 2.63820164105156e-32
9.85740775297246e-118 2.95850493122954e-118 0.0060053031525443
3.71901726179523e-118 6.37399114250056e-113 3.08641319979525e-08
8.08206043895671e-139 2.37818502494685e-122 1.30586442710534e-33
1.32416936922087e-288 2.30335227119845e-306 0.579937343750374
2.86973253935752e-286 1.09404096222389e-288 6.62083648352719e-05
2.26866877037416e-282 9.06449816940963e-266 8.11371109156779e-23
0.619996117746871 0.677614498433661 0.760381172752182
0.181415588588149 0.204201093960162 0.614916420178943
0.0221839179538157 0.0668575911316961 0.109173466278761
0.627382251061602 0.506684271031814 0.810539636774501
0.209360820510367 0.546656725538958 0.0980973154156183
0.617451377434459 0.920981815559825 0.340428032508455
0.141185336468039 0.0297895655772927 0.298320492166055
0.0183967880616353 0.0515647492073252 0.134409170532368
0.0305981303943846 0.00467022166929095 0.442855190739202
0.193219103417201 0.122272111522331 0.87824598640627
0.0412626191263862 0.289626653315404 0.00887471691587208
8.86730292561592e-05 0.354683818851371 1.55334734008319e-13
2.40478380574099e-07 2.525415920949e-08 0.509850117763487
6.495378867216e-21 2.6116015802472e-17 3.70842152215141e-06
2.16713948942765e-13 1.80739796318061e-09 1.01795247603408e-06
2.83773700743265e-24 1.52552010095348e-32 0.525450307557309
1.39369599780508e-40 5.41080221456184e-43 0.00325039235726139
4.7298244105424e-40 8.14430343902383e-34 2.82024546472479e-09
0.230336033311735 0.109554902903592 0.63884244488639
6.17702663232058e-11 0.6950981151896 1.69705880920973e-51
1.11118544138667e-23 0.797236850033954 3.15937386566319e-129
3.50757006602933e-100 5.086388089241e-129 0.986351827921054
2.2582469926001e-155 4.18618740609386e-136 4.63805309678911e-29
1.36171551169841e-181 3.83810672298751e-111 9.03671279160078e-112
2.7525940510197e-222 1.03684448793224e-294 0.517926126506918
3.78193044928317e-271 6.0010622894695e-265 8.49473886809293e-28
2.03555046086594e-320 4.84753321506327e-278 3.78898422093378e-66
