TOT AFR EUR
0.197674632138803 0.505000309238102 0.0956694778611637
0.256253165361197 0.174042955816507 0.831932329487783
0.502756774504512 0.629858570871699 0.572952003293285
0.0310262053192765 0.0583702527763449 0.249676664601125
0.735238752546604 0.694267427103961 0.982914355183597
0.164685791122047 0.313704995387048 0.277149296671055
0.0874681089323663 0.076202481330452 0.776520300844254
0.600000524173813 0.419304157873402 0.639383049026314
0.660959717909192 0.641360254497789 0.956433613353965
0.968507211551805 0.807065688498231 0.705377485999816
0.240066235000347 0.139116641575236 0.759375275924807
0.24104008745595 0.418762644189597 0.282497343484054
0.327149056357901 0.351710751390099 0.738902509632043
0.0264130968851738 0.139079543927192 0.034341533813308
0.00501145680873981 0.0226954731142044 0.0638589944249792
0.0572267332735565 0.00347963803958513 0.167357053746448
0.000105795273419858 9.57578704640981e-05 0.407825363015609
0.000726982097412895 0.00114402836470031 0.258837731440965
0.676201907121033 0.405427050476581 0.0108487957357242
0.0376645415861961 0.128055401061524 0.103913006098908
0.0171054306395578 0.687282707804083 6.78986557384414e-07
5.22588722547457e-05 5.21188262759387e-06 0.926724320706959
2.60723622297502e-06 3.63315243474168e-05 0.0140540155961026
5.07448301562644e-09 1.55628067078124e-05 1.03487891047085e-05
3.566764023824e-10 3.619245457194e-12 0.888440926805198
3.49665427539577e-15 8.77442063291696e-14 0.00484014594445638
2.89395209754484e-18 6.26293893262493e-15 3.42487955562661e-05
0.467035726713333 0.847066915608418 0.426025792846504
0.483750858392908 0.429020653048027 0.108299398899506
0.71351229006473 0.816740745012965 0.775094151331498
0.90625661372779 0.449676883208257 0.397474489180512
0.666382989060997 0.721140615185428 0.35735243849642
0.237265576218497 0.454175335922296 0.332932165035563
0.943548490451136 0.471763681064181 0.648587185882745
0.0641425354718056 0.423224536284866 0.0787315631884714
0.716308388696371 0.498736982222578 0.905193581323857
0.846480993010334 0.233265241103328 0.473100217375977
0.325532990291201 0.113930999180658 0.936520370237701
0.724657668866236 0.103672801884789 0.365831703627714
0.112981189237698 0.431959679119305 0.137577702944481
0.144765766197896 0.826813673901727 0.0788439447661319
0.0112424832286846 0.168211809581516 0.0373257336731397
0.573161432485274 0.614282173134774 0.21530176432716
0.0336709028774486 0.233783824025953 0.0715318543407357
0.000114261474666576 0.00225385498714364 0.00987695433262776
0.0605030422808019 0.047242140239454 0.376934736698741
0.0115626155101127 0.407934172173181 5.61181702662503e-05
8.82542064142453e-16 0.352917916106519 1.36547785174004e-21
0.0585114223067464 0.00844413295650836 0.746629941815035
3.9338463656899e-08 1.92925479397254e-07 0.00641626841317016
2.44941397601271e-11 0.0905499435982486 2.13553519696463e-13
6.23572890511449e-05 2.73626987935523e-12 0.865801594637049
1.55433442153078e-12 4.36045799785439e-07 5.30357870464889e-07
1.0214622772263e-21 1.00961341592704e-12 8.44987704134191e-12
0.523786250387591 0.558506156317312 0.744878113431974
0.462603183010422 0.356098832368072 0.444618106275807
0.272642441276891 0.289504239883155 0.777020327283776
0.0556011957022709 0.0457511825751072 0.872109789340346
0.442762585130686 0.629715014263365 0.0455503805052489
0.321756555773683 0.445681999844523 0.230230353336206
0.121728050484291 0.205206822216245 0.0996835306199879
0.213575089211051 0.220014560621425 0.806417309210237
0.000959927319585156 0.00137776571071095 0.413059855299545
0.460959098598383 0.53674159700736 0.385192944657597
0.388359351313448 0.687201219379891 0.0118967712778561
0.00438014883481779 0.027708610695913 0.000846231174503008
0.178440565752663 0.142580360777002 0.723520305536115
0.00723285747498831 0.012548968726829 0.241713596680628
0.157441190293476 0.216251226576066 0.221949261011657
0.00105467861298326 0.000435658179643542 0.462046510096152
8.725863669728e-09 3.69520097907611e-08 0.0689925266368763
0.0142240511410243 0.0127389954689797 0.909115716704759
0.224391316606581 0.325882148355502 0.120433869546079
0.665793904013621 0.596910630162711 0.607491668600965
0.285744828057837 0.790260173974139 6.34355054798478e-06
1.01831073107555e-07 1.48862563831829e-07 0.36243206417585
1.31050478849161e-11 6.20732087450378e-12 0.808056651423167
5.17538966336589e-11 7.3491943655569e-11 0.216313686414349
5.1088095144156e-31 2.01209296620137e-32 0.785960092536083
1.91219869850718e-31 4.92956156171222e-31 0.039707136261746
4.56738581467746e-32 2.47074425885685e-30 0.000261063329933024
0.14212911109297 0.285059369151129 0.204833808028789
0.0826316844928159 0.39128635208822 0.0135342882115839
0.646608705138051 0.988512117227924 0.261988976793821
0.0389806730789536 0.255176795766872 0.0105739700782232
0.12739542736185 0.21774969719178 0.329390011208475
0.734080136584112 0.924431715282346 0.35006534457119
0.0335055257043068 0.0149214273016102 0.997807756451074
0.134044217976881 0.348685567447612 0.145721506959408
0.426519563776444 0.185832908058333 0.431438635972248
0.393121444836751 0.641454672662689 0.36135940386231
0.165414002041091 0.603619273780392 0.0389894260086259
0.0668885434596622 0.246704280718789 0.0520599786225806
0.434756896091462 0.0968962821444369 0.13272961801348
0.933997691756752 0.254466596309085 0.0140345105848813
0.00337365498775483 0.0166326606401919 0.070794643163855
0.00283586534813776 0.00119408159310068 0.790922478915444
0.00136709959483108 0.00340427977006941 0.137185048956691
0.0475887480633661 0.0646031910742608 0.312758597384567
0.058482189961922 0.0830146756092976 0.410940994082938
0.592435701198956 0.225712908640393 0.000103527286601958
9.79270960689541e-05 0.788126330701998 5.04465920055909e-17
2.98910292429495e-17 8.87704549847894e-19 0.209405169248306
1.19066735918017e-11 2.96896798956173e-09 4.29372835876784e-05
6.10916330925983e-24 2.53702861023382e-14 1.50248685455031e-18
1.493912876643e-22 7.39263163844901e-28 0.505172383358646
1.36260486646339e-21 2.38535366736255e-25 0.408698971626804
8.65810534210264e-32 2.13480209285223e-29 1.08560101172206e-05
0.268205097952826 0.116912035144809 0.526560966444626
0.159700263887204 0.292603640234039 0.284769488448351
0.108814156100037 0.0367428827612909 0.558796707995868
0.0705204501016285 0.14782192796692 0.240589395607976
0.064318482816398 0.158908019259358 0.176538735189457
0.0364206103210544 0.157561652158407 0.0669971949796326
0.420279677817783 0.129472409794123 0.213773210420882
0.796377924277708 0.966411051049759 0.499605493108747
0.00679823450107415 0.0336288473159657 0.0689969428988763
0.99575174980967 0.561649440018577 0.238839345757859
0.679586081678526 0.890317786367089 0.522081085485251
0.254077494592645 0.914667412895498 0.0221978007959456
0.0505529961274344 0.032640499604092 0.899960606150682
0.0496377893976508 0.208802625241715 0.0569274174513806
0.00510115415817335 0.021070819471152 0.0995952381659538
2.42813097437835e-05 5.20388465724911e-07 0.571723205317345
1.11558010519802e-05 1.53734347996061e-06 0.821947440628902
1.78126045109396e-06 5.42088671371039e-07 0.479878060379659
0.287250570718523 0.451936819806272 0.373275788288153
0.0292796216712403 0.706719255477073 1.44376530990777e-08
0.00463344807288824 0.300188761438287 2.09575488742567e-18
7.13917122493344e-15 2.8069998091973e-17 0.607994927143868
6.11086148084578e-26 8.81978482526618e-24 0.000188978302095657
6.79420858809959e-27 1.56505000590404e-14 1.94601813527535e-19
2.18245289802296e-44 3.44221906624691e-63 0.0184871179497973
1.2884491254494e-59 1.52724028224811e-63 0.00270184512257729
9.13695202702027e-58 3.97331447714606e-44 7.48853755083278e-16
0.934700240261528 0.414673288127512 0.429159373025777
0.662946799305927 0.533629458100557 0.965669053989042
0.0679980477740032 0.270021849015438 0.138869944153399
0.413712812486078 0.886066989630953 0.331162826201887
0.0603533546700602 0.0520431548885749 0.398818929105653
0.094718506273273 0.549819662800024 0.0834082123582134
0.292193567550025 0.154390042258493 0.872996584617814
0.864651962611174 0.196278707854994 0.367788553498815
0.168059140132944 0.243822973050828 0.40365213483078
0.369713728122812 0.865550002549372 0.291634788589438
0.00985638557707536 0.70625377648286 0.000163925323105992
0.000353816639758755 0.840544094414219 2.99609235149101e-06
0.00866403370219774 0.0364213632117813 0.0887257305071669
0.0997296122429196 0.159976311712978 0.322256142000725
0.00232794069975657 0.691329872061408 0.00022155272388338
0.00155710455261821 4.33499146231866e-08 0.670643127998742
1.4634837389095e-07 1.11322550047414e-05 0.00102514025005353
1.07316692207509e-07 0.000449867497639541 5.53631157262769e-05
0.653766490387964 0.569434902599129 0.915683148865219
5.82465896139848e-12 0.613012603890912 1.90190551789586e-21
4.03737389933803e-46 0.679291437784179 2.28360904080811e-83
1.38645807067972e-07 1.1677409597217e-22 0.17615350435165
7.14457425526634e-34 3.80036880534936e-20 7.05434430561675e-17
7.27883559040774e-75 2.00478134633861e-15 2.49599296370748e-70
1.75279460291993e-16 1.03171061555657e-44 0.444218295508331
2.64397919491716e-60 8.33575444684378e-57 4.26860128303989e-16
9.23017302072405e-85 3.90188887523032e-34 4.50416824827152e-55
0.838672857723438 0.601631246888825 0.14051128375916
0.187299985833976 0.204390162230818 0.653160207314384
0.370959375973113 0.372160247390647 0.898200176930958
0.0746063966611149 0.072764257746 0.868709368215351
0.278508875706413 0.218443998196341 0.544256276665249
0.00476671980934486 0.00273505473356366 0.575574211694395
0.162272414794385 0.155580107434279 0.948083733641905
0.0111873133599457 0.0120550872442691 0.64864616568685
0.012403680474775 0.0193515629060699 0.267081526511585
0.369526372676167 0.402591735484098 0.685871734570833
0.334142444637606 0.425707995632045 0.371953316078335
0.376779711401576 0.77482311663783 0.00109598703962128
4.38278594591623e-08 2.1409679293849e-09 0.0519642803741929
1.12604439137951e-07 1.17023981017641e-07 0.482121492669725
0.000931194228153492 0.00346536240195669 0.0123670576376657
3.8089615054926e-17 6.97258499050094e-17 0.169754196532418
4.02934990479217e-13 9.59581235622795e-14 0.952167758351705
4.43286116686548e-23 5.40903194039249e-21 0.000261160877255103
0.753886213948322 0.888075863751643 0.389969860810855
0.0674061700589275 0.203475648603447 0.00509258884422085
0.0217825219962632 0.628202569122222 2.15537853723724e-20
1.42448407297461e-68 1.57479176800168e-69 0.0932117582378493
7.25664350103294e-66 3.93821036901942e-66 0.0377602927962134
3.54913819448675e-62 1.91934815940393e-52 3.2707522092005e-19
2.20106431392522e-133 1.53684442346322e-140 0.962649751936034
1.15114384636677e-139 5.02385566960729e-141 0.00590263173161643
1.18788967246213e-158 5.60556219410829e-152 5.05190572134815e-09
0.992377522412267 0.884415589023913 0.771848989197184
0.693831904424002 0.736755434006522 0.822111444447953
0.195498562033138 0.417943184282104 0.15955451692855
0.280726887947994 0.155452586524158 0.674828964733772
0.539479246783519 0.74309067571754 0.449134418621919
0.0788350287523682 0.366268564756154 0.0231476049260544
0.341820200387437 0.545389475430182 0.320491887331238
0.0788472546614685 0.0138556330238133 0.32559306905074
0.0459042126061198 0.0175306078383433 0.840030791262468
0.253902886385051 0.531709670468173 0.14290687415323
0.149207622539813 0.330945124395994 0.164275206343893
0.00746637396847771 0.661031833523724 8.81602297894095e-08
5.19410307370828e-06 8.51884965218244e-08 0.555210969485185
2.6681103916246e-06 4.1107501575058e-06 0.130535438849745
2.35959095287925e-07 0.000134657618352907 2.3522349729207e-05
2.4168170085894e-10 2.27791947797524e-11 0.299667064667228
2.48560913875632e-13 8.85109748303003e-19 0.230213912107397
4.56297502469261e-22 4.36488333181988e-17 1.1081605673721e-07
0.12228796236868 0.42031982888358 0.0458798019462636
1.67296582195065e-06 0.843941439571138 1.30208536537502e-29
2.02702500382632e-17 0.0927771094137689 2.58427997034918e-68
1.40582507236822e-50 1.46529698078182e-61 0.422387627793178
8.11817125860716e-79 3.20770887802824e-63 1.14891400562409e-23
1.03213645155964e-95 6.90934737410594e-56 3.33653110956415e-62
1.33847976075665e-103 3.16232811700822e-145 0.0486382079901039
7.41317821047243e-135 1.24828588054187e-138 5.33498295611652e-12
1.75092789757926e-136 3.05742775870309e-114 6.17863637364905e-33
0.99215382116748 0.786911889141318 0.602685322875389
0.149014522880797 0.303030315204373 0.2287968669217
0.558396670922596 0.879663117382177 0.314084360479286
0.461916215401595 0.908425194837354 0.146173848943645
0.425674594983017 0.584910077469902 0.47769344940751
0.824975010051892 0.961886956412485 0.690144309340624
0.00042216994875432 0.00286282764644243 0.0476259994118659
0.00980890775710177 0.0896643924296373 0.0135309081958721
0.320163713202536 0.419285227343856 0.540510152501994
0.955230457163132 0.939313870559858 0.979491162500128
0.479494190112532 0.668020918502587 0.0171047469010088
0.00139477793057796 0.180318031581846 6.19719145608643e-06
0.01342789620471 0.0649232013299818 0.0586589159898221
0.689467768997124 0.703269860093638 0.0914763779296854
1.59651997536965e-05 0.000141617806299346 0.0353884875034585
0.00299709749712628 0.000690029935447565 0.878728534407979
7.37692534485443e-09 7.00670924799063e-10 0.537546633100835
4.08865531674003e-10 2.72113820102194e-09 0.0227782880780232
0.908765962628216 0.526117907763748 0.323756800597784
0.00919433109037509 0.585894367527151 5.06300106408641e-12
1.60922503636937e-07 0.922822128195633 1.44855774077156e-31
3.26642327440342e-27 4.62277466992067e-34 0.870364590474261
2.01403748781268e-41 2.90889765396653e-34 2.47105631270119e-09
1.51792246728482e-59 1.02242528977719e-32 6.46801154331134e-39
8.00681483131266e-90 3.71652369830977e-116 0.368702785750194
5.11067938274771e-107 7.58619732542122e-109 6.1879067277279e-07
5.04958157195774e-113 9.96287674031964e-94 1.10783556220575e-21
0.61901968402516 0.901391413301762 0.576141046904251
0.305248079768684 0.314298546417999 0.616025385024793
0.00190603132574875 0.172062819319939 0.00322030468921717
0.8068870689802 0.561698985402133 0.862235791858531
0.847111136287328 0.359548693045254 0.292733719706404
0.00206886521783987 0.0018297459397507 0.146376945751976
0.13530611270234 0.184247435559086 0.401937216049793
0.467453499321848 0.104913669804884 0.669207211584626
0.430785540327457 0.966842618366472 0.30903304608505
0.314441485902923 0.858887817620946 0.136546724310367
0.0179240973274001 0.75535272465068 0.000616759577056846
3.30429624415167e-06 0.684036905400825 5.19656233107842e-09
0.00443580912059068 5.87300922638899e-07 0.604535115025569
3.07090521823871e-05 0.0478591632536509 0.000117721247297165
3.4554187516324e-17 0.0186471436641748 3.4695747652706e-20
0.0315437025677222 6.9031613950273e-07 0.190435740262382
7.08539202525239e-12 1.36051360242269e-12 0.0023340715339778
7.34619914692744e-15 5.42137103864042e-07 1.84190445141668e-09
0.646151321691391 0.905942637125324 0.473743845818714
2.48968038891565e-34 0.0480269800658348 4.75525608820041e-48
3.81909985488486e-75 0.174683838020117 7.27304793888022e-146
5.48742432232011e-19 4.16411969247856e-34 0.143357130207518
6.01962529180028e-80 4.39437039903433e-38 2.26138311559392e-46
4.25289852351235e-151 9.61504863491692e-28 9.49765037735502e-150
8.4251445869504e-47 3.97600399425325e-116 0.898900982249765
1.93033508058056e-124 3.24202277921356e-103 1.88895452771263e-41
1.92021493730827e-173 3.6828221003626e-86 1.2419508243727e-96
0.286917269013932 0.13360534502652 0.0480286868945626
0.423559456750135 0.610770826244719 0.12240725585353
0.26859072177483 0.288906754464631 0.703057765913307
0.0262591374657974 0.0224926804087893 0.996094267525029
0.357012872121125 0.48190765424734 0.226349352037416
0.182299376014567 0.206977908213026 0.592908005116389
0.000286206026640813 9.29119961065938e-05 0.364739017633279
0.0111980692055981 0.0100428295754332 0.898431698970827
0.00734536970624611 0.00434629518374518 0.635424708641674
0.231678155344842 0.385532980244279 0.0765582074603233
0.595802104758585 0.673759507063507 0.562509246475884
0.00691114434165839 0.0860933627634674 6.92585174848236e-08
1.67970201707027e-05 7.0267457220326e-06 0.676744618307792
1.66121729721716e-11 1.31836438153389e-10 0.022924260843039
9.60331034743631e-08 6.53391922394887e-07 0.0184620978583828
4.58541983714332e-32 9.20996587055887e-35 0.295074537636661
9.32341720148649e-33 1.19198435287597e-34 0.81247722599015
1.30625150564541e-35 7.83958740466045e-33 1.18065047177383e-05
0.431681887222093 0.484090936865602 0.596172710746204
0.418362490055733 0.875435564933042 0.000347461756407452
0.00848121846218024 0.807482247364995 6.46490598056861e-34
5.33478993275809e-124 1.01196118451571e-129 0.779619905367356
1.84762972242105e-114 3.22850400010932e-111 3.47025194171453e-06
6.03053818592056e-152 2.31684743644426e-138 2.54892526417279e-23
1.36408023563918e-257 2.31468007625873e-271 0.9212798089662
1.67609656702647e-271 1.47163336710349e-274 0.000694791541704692
2.31113858452041e-281 5.01802437737511e-275 3.52052080576322e-12
0.595119560635103 0.320895017989029 0.421517799948262
0.456128342440384 0.307553087981735 0.712361237076133
0.187944330350313 0.618657210697336 0.0363306169542587
0.108200528437929 0.0520687947768132 0.813448720177874
0.00264222327082693 0.00775741178328381 0.131539357074898
0.151389376792757 0.495445815988688 0.0401382341322319
0.012092577601742 0.000656324957442975 0.238042349562413
0.00223658053204431 0.00151503407651922 0.531925058453313
0.0237118265664658 0.00586530190570518 0.697743598296336
0.985658301330836 0.961223839894363 0.955207458793982
0.0006691030708501 0.134451401792787 4.79790494689684e-07
0.000205771098899606 0.54075918810477 4.51001382139242e-13
1.01637525521238e-09 3.22847679265714e-10 0.17457777085469
2.24058040044455e-19 7.86304541147017e-16 7.19101306287313e-06
1.23821748471624e-14 6.49521792025002e-09 7.70758647828338e-10
2.49182209438644e-31 1.43045670600991e-41 0.466497386812186
2.29664724119684e-34 2.19248575530247e-40 0.224215236825691
1.83167555704537e-35 1.88380898920707e-30 2.15610984542629e-08
0.783634360334373 0.486495228849084 0.417745985402027
2.50275095861488e-07 0.825320815364613 1.36424802814062e-39
8.15989179123475e-29 0.66095900964326 1.05624607353222e-138
9.69561589791398e-81 4.53185830976801e-112 0.118263927518634
6.56527954788002e-136 3.73998744083233e-117 3.34227617794521e-27
9.66266533499029e-180 2.86519968161382e-107 7.5123857762421e-115
6.84965249868409e-228 2.41553986877868e-297 0.893334430244993
1.29137752469388e-287 7.08720611604718e-295 2.29211112441239e-20
0 7.28889497382196e-298 1.07530179568526e-100
