TOT AFR EUR
0.410851475631501 0.413381458907738 0.836496031852935
0.304514765136978 0.571559351461761 0.213222513276149
0.743221337853371 0.467732271654645 0.467884250412178
0.0607370800263303 0.0805793914000762 0.461566929973219
0.711825902667917 0.994412361411117 0.44176613405519
0.194002172749158 0.184958995895329 0.775977097216472
0.296941225890158 0.176346937285985 0.721761911203229
0.92118975242204 0.956279805528678 0.71072809836422
0.0434867702453093 0.0357423817422587 0.707270845557725
0.362459501605122 0.476711254611842 0.550991596587492
0.441791539530724 0.254174031442603 0.60928861937953
0.667630927081907 0.716530175784629 0.820472698393424
0.647304410873756 0.848914963287908 0.513963698603658
0.40443358366986 0.282275769160216 0.785225245707802
0.0776830225169335 0.198287045970026 0.154441924116653
0.287278375208577 0.312965466576424 0.725494768994401
0.00700543166420842 0.000783745347867518 0.541812994244725
0.0860376844699006 0.0665565116214533 0.822159333779441
0.88319823176175 0.82603940818222 0.912393238848201
0.39511671565802 0.958296030385734 0.0504014947131507
0.424337112478542 0.99842493820104 0.06610949823904
0.00510450824226587 0.000108678241819668 0.139272656486254
5.05151416180066e-05 0.000126450484190801 0.109942361649168
4.07678109812958e-06 0.00338736573597334 2.02756429371849e-06
6.88172774284585e-11 3.10345729627146e-16 0.0606025709696121
7.86632236509177e-11 2.78875200596876e-10 0.0653991990564091
5.37752664410668e-13 9.499887689374e-13 0.0517584777714488
0.0220531762942798 0.124129973635406 0.0909799753351456
0.584229578372312 0.420198138060771 0.15670722144671
0.13903219644909 0.0217813521051681 0.981002522483594
0.214526890164112 0.423906166711128 0.0154571179234192
0.523284523328685 0.714033928447768 0.580918602934417
0.0664122651553932 0.416742996940425 0.0794475051797914
0.588524526168008 0.896865422681796 0.550964733422096
0.970145157720848 0.624868234177094 0.721077895870498
0.623596036540002 0.326494349920252 0.826314834882965
0.0291401707337939 0.153687544692332 0.099299459555963
0.255458303839858 0.965720086859566 0.142973306770587
0.0513428595643719 0.863451988983185 0.00497151850011162
0.781175129579327 0.215029322421826 0.159190217705442
0.071317102443136 0.769362890120614 0.00915124325139383
0.00282017132863563 0.252233512000111 0.00250351166644796
0.427837019107773 0.0456738529766115 0.46325020944454
0.683716515922216 0.115170744692813 0.430068361621519
0.012930307004241 0.0492215629972403 0.120705143688475
0.822095775221202 0.52595510547617 0.802433979672272
6.6548422557037e-05 0.17645093992372 3.10254309698631e-05
2.22842586584404e-14 0.22403664245199 2.72510627475256e-21
0.0131612093681626 0.000526295757876437 0.662536708478395
1.50299423859764e-10 2.65103199011126e-07 1.180066302374e-05
4.17023291043197e-18 1.44073762472675e-07 1.03336329068633e-12
0.00310401516445329 2.86617995609459e-09 0.365771037926837
2.72769087459818e-15 1.62847670282297e-13 3.04355639101033e-05
1.14494449275786e-29 3.00030732522825e-16 1.03780541696181e-16
0.821836295666044 0.875007709474233 0.139262709861524
0.717579905930406 0.676216913850565 0.830251381859228
0.813664040157648 0.92978367925766 0.506872459255275
0.472560204573368 0.644897746219685 0.143824040495299
0.000864940395033944 0.000336421703185006 0.392205536945544
0.296732318081537 0.319111818173331 0.718117910490636
0.024671022059722 0.0305000348385092 0.599435439874016
0.439378521146034 0.583803621571257 0.326465929788006
0.511496351096322 0.386919276987674 0.237768832517392
0.854497674323188 0.900185161862832 0.0722860935847628
0.684917461830503 0.942875586670067 0.0894603648455199
0.988794740739644 0.661222272438278 0.0218797563190798
0.000344860991058662 0.000222569744710802 0.906169539633749
0.00109178391121899 0.00222005698434954 0.235891359365978
0.16862773744697 0.283665437992282 0.111801565375117
0.0363911262745118 0.0104328204679634 0.0340009018974592
0.000183662674110319 0.00105680090259204 0.0458268338087688
0.0431038795143744 0.0840656833525843 0.0493535655296989
0.63414076519124 0.625190171829522 0.999737343256831
0.241832048709999 0.44786963414657 0.0321502299452952
0.927337604465786 0.672938890401602 0.0103197710924633
2.01314111736948e-18 5.66886888073607e-17 0.006480483569852
5.0998175842498e-15 1.67882098789481e-14 0.0321536627353489
3.34908334000391e-20 5.72215650424493e-17 4.06984785565916e-08
7.70557540579507e-26 3.22844250728513e-26 0.339895896827065
5.03026369047061e-39 1.00571943760507e-40 0.768041368163443
6.18773740199562e-25 4.52791206153372e-24 0.0136266699737181
0.110176418837551 0.219352763462517 0.236243714601942
0.0559514726400651 0.0505187405267522 0.67203622735395
0.654695317807197 0.740383424435064 0.69320855273485
0.432049137713614 0.478694142918412 0.708566686583207
0.408154672564751 0.656499060777294 0.296317235288619
0.0375262005592177 0.154607818097969 0.0500711324419594
0.612379655509587 0.565747334410565 0.995746357820711
0.804386686479493 0.839802840998201 0.279710192668943
0.01227692549831 0.0714081719347245 0.0290719676529585
0.235739478064828 0.351526783293301 0.368150773309446
0.559158319003145 0.118879920003643 0.061246721289875
0.858404541992222 0.51825627384205 0.0735176811764846
0.0140516832565204 0.00536060327626169 0.898878638303461
0.467681476400561 0.470112098080729 0.842446088234093
0.000124182309807184 0.0101037445581322 0.000482115348588022
0.011075801215759 0.00160589495112722 0.64410903067066
6.03624740685853e-05 7.96154276557939e-05 0.179473225965625
6.80952783075099e-05 0.00669115679912278 0.000100908202308762
0.478524941208344 0.330290487177771 0.714409314705385
0.0104034662424941 0.865933465459865 1.20868869560834e-08
0.0141157984042968 0.54304822435301 1.02365813421201e-12
3.6260702800882e-12 3.95818222448314e-15 0.807533923656505
3.14472375964929e-17 1.72308545542678e-14 1.96037702376717e-05
4.74205300203473e-22 9.83933081239631e-14 1.46739132446398e-13
1.02468680917406e-28 6.5490128555957e-34 0.20749282214949
3.22358145629272e-26 3.92700477071805e-29 0.0503286829444708
7.11031605604171e-42 3.68073241000814e-35 7.39244254859121e-10
0.804011010604543 0.728680670724194 0.880858089907769
0.447260932969256 0.281127111105199 0.61498926529443
0.0517271417314565 0.0404563732416471 0.806486252329429
0.862844411151907 0.69526771079966 0.240850838172946
0.645513023153956 0.391687640871377 0.461947796345941
0.317836608531389 0.142181734542178 0.482672182549878
0.938115334132498 0.780983141411808 0.451319044355883
0.4797541195239 0.397550224544007 0.912037642924082
0.207893328222468 0.216735535038149 0.70726020845489
0.626007028139419 0.474228850860213 0.720136835860091
0.97263543608513 0.535216371777232 0.187563885770667
0.659019510837815 0.725779022327544 0.0874294387549241
0.911915930351033 0.816331453180192 0.48117167486629
2.93216455048056e-06 2.89944657750296e-05 0.02973488911368
0.0635720086426994 0.542810110395815 0.00325851859090336
1.12937543977367e-05 1.15588803422432e-06 0.935981904305138
2.76352728143068e-07 7.01819776525316e-07 0.0998682859433872
0.00109740163787897 0.000134369953623667 0.722879686194742
0.659515331481723 0.623491615071004 0.0534736971266044
0.0154099758146504 0.746715103047253 4.02083520252842e-06
0.131066577168887 0.14220706543914 1.09435976377456e-09
1.03767772016056e-14 1.45337730960505e-17 0.737042498765227
1.91432317146996e-31 6.52401275546385e-26 4.50318054443288e-07
7.27840988511322e-25 7.3716368444639e-16 2.99498793630335e-13
4.842252053786e-38 1.41894459330737e-48 0.831195866925126
1.86938818046329e-59 2.11369497863059e-59 0.000124582031924771
9.19014452008296e-70 9.28851927739512e-57 1.85398434531475e-16
0.0359339855742639 0.0414212827416731 0.289867741415473
0.38416866102792 0.0564324791016227 0.632629086216741
0.0216563556882338 0.665577703411623 0.000554665248152033
0.898207378551401 0.344466090214064 0.325593159137579
0.048028591334886 0.0178253832409568 0.548319189457467
0.190222688410342 0.634146959306144 0.033510594905678
0.0224402448032438 0.000129526029489935 0.805917576838439
0.541591753530309 0.358968258746962 0.972940350408606
0.0386714118677813 0.155927428278211 0.124751338937035
0.761954575285655 0.0921081103256642 0.0775497791314405
0.0765072400561681 0.364163987386574 0.108894708571578
0.12691959121403 0.341562648807006 0.00401110498223294
0.876516266106878 0.5023869953258 0.440132461815843
5.84497973594897e-05 0.00598356028914063 0.00233944968758906
9.38603626790734e-09 0.000873334683072209 1.42047535073078e-06
0.104320108414536 3.66647266934476e-05 0.220371243766602
7.31625174589808e-08 6.58344595288397e-06 0.00082827003100972
2.21964990620334e-11 8.14559955967525e-05 2.05141225775198e-08
0.464550421868151 0.165533320328497 0.857164455185273
2.9159063346028e-13 0.168492012317366 2.37242523546359e-28
2.39060710911298e-41 0.37750308395724 4.7142063127379e-67
1.36324482937516e-09 3.90223981023365e-22 0.8876272532763
1.06435961378248e-33 1.86740319826175e-18 6.6124725999976e-18
1.44612499666499e-68 4.10692070006073e-17 5.69061309190929e-61
6.87356565857728e-30 1.57824151403491e-58 0.21173170962929
1.58192389566329e-50 1.19474941913146e-42 3.05106427727658e-17
9.21655965979397e-91 1.97058492388343e-40 3.01770393233421e-55
0.385492704625284 0.466016970450431 0.371410099845425
0.428069438912517 0.330911941000064 0.404462785586738
0.0724876122164969 0.0970202080093333 0.371709685898301
0.479675268456591 0.481934357609525 0.914676891258107
0.655957127835729 0.706796641873358 0.696599034690969
0.698666581368207 0.305401334754908 0.00300943875709843
0.0533493447954911 0.0259454571498359 0.211010702925504
0.00674348577197258 0.00793639798489908 0.604322130232009
0.000456862744195084 0.00109837613234533 0.0943626353079264
0.873469423537233 0.774145768690774 0.55679681055043
0.634489157544029 0.731104560139323 0.4369881710617
0.9207753857487 0.734029458260003 0.0156432924923435
1.42190468921947e-11 1.38732837711364e-11 0.398776148269736
6.15237620215277e-08 8.74555505369608e-08 0.310643939456158
4.18126265292416e-13 7.94855602554359e-12 0.00817354996928214
1.06552113398122e-13 8.32261286495063e-15 0.463795536881371
9.59196879447648e-19 1.23083945123347e-18 0.253578154094682
6.67104531560308e-22 2.46302664666171e-20 0.00281765604966178
0.715613968865068 0.565333273236741 0.345791841393148
0.0581413156951232 0.398454293930778 3.50523717243977e-07
0.0256068467382996 0.51610533247536 2.06100841401882e-19
1.10988417218587e-64 6.41642866613335e-70 0.231689845848661
1.41062977271117e-57 1.72365193482548e-55 0.0010481350957407
4.85410851332366e-52 9.19905432436655e-45 1.47171362951547e-16
3.73943366436913e-133 1.79879605293586e-137 0.127915276951312
4.30765573740158e-136 7.9453270126759e-136 0.000431060121988667
1.97721863391149e-145 8.29744737984616e-143 6.67284385463066e-06
0.749367534014362 0.264776242575312 0.10963355703317
0.691837723110573 0.526775007537298 0.707333078981612
0.144858603742598 0.524220423438324 0.0277010544293507
0.462054989729332 0.155412547694372 0.219812895322555
0.153037657329334 0.218640986180312 0.429262046861473
0.890607993470127 0.760877616239669 0.753335925883749
0.012215545680283 0.000889111192942672 0.284476069785477
0.111309062954729 0.159142405445365 0.396658040531281
0.0717740908723839 0.419151683957766 0.0113454500685219
0.312868088266692 0.713001290758067 0.122010034088816
0.45667144228263 0.389552044426119 0.970576085225779
0.0499308371589614 0.638812588622832 8.93898675583779e-08
6.60427671023385e-07 2.08895567113604e-07 0.329294475486613
1.99382597179843e-08 1.95221872727098e-06 0.00098039243261901
3.6297540047405e-06 0.000617659221437175 0.00010957325731844
8.6524142233618e-18 1.88087104395256e-20 0.289618158854755
6.74712156315061e-12 1.73827702426309e-11 0.0289304434144592
1.91932100944169e-19 3.20373904116887e-14 3.10127277850886e-08
0.977355929157591 0.98719791859243 0.972797611544873
1.22070090339034e-07 0.138380779440602 1.66388530397627e-20
4.11693119020559e-14 0.7446202670046 1.83215738414366e-73
1.96265110274319e-59 2.82429730316369e-79 0.387507031524877
4.96952059562523e-77 7.72146451606724e-64 2.66986472009541e-19
1.86553799097487e-85 3.07113043036908e-50 3.03408687869959e-55
3.2095152186244e-111 3.56688560065205e-153 0.192759746018676
2.64983631611152e-130 3.73329997081964e-130 6.67556351290958e-13
4.87812693202038e-148 1.76806363372492e-130 7.44585898367084e-28
0.261814059781861 0.253966989748135 0.811879670807895
0.588366200795796 0.529713486875851 0.962041388780243
0.186466557063331 0.0521380211999584 0.363221970184326
0.699730760773106 0.840292523923057 0.195670305350625
0.521917788666488 0.823570921836969 0.325445661463674
0.00214360049255146 0.00772909235480434 0.105348451845421
0.649985348129632 0.277802409002575 0.249054866598909
0.148172619664416 0.123493983211111 0.869347810898524
0.33691309151035 0.94518387382896 0.0448282196280349
0.704002280760198 0.445632145777129 0.487939699526627
0.146867976484317 0.423664161974218 0.0954693129169477
0.3397162105021 0.871731433528733 0.0567923721928197
0.000492733922804547 9.73452087228667e-06 0.283685886872757
0.0007044191193026 0.00174772735886643 0.182698528000761
2.0937593043063e-06 1.86240929053517e-05 0.0369856537380426
5.35609288545169e-11 9.18071769682029e-12 0.281338417081955
9.0588850790884e-07 7.963797807305e-07 0.235846131808268
1.68425807535609e-07 1.86577948831088e-05 0.00114593204183324
0.430739725384984 0.740804497361788 0.271355284643522
0.0156671165736598 0.822348843440863 6.58512828465701e-09
1.85582635866193e-08 0.555081763405896 5.93675814770333e-30
3.22963511655886e-25 4.15930085591451e-32 0.772211740404148
6.20761940623812e-40 1.43685539477518e-30 5.76227229930296e-11
3.77580177745791e-55 2.4076329995475e-26 3.80750375927845e-44
1.01921614666056e-84 1.46266693616483e-113 0.154816729232215
9.73603935584739e-107 7.62290620363111e-106 7.48293557276408e-09
3.88491277207976e-143 3.55551079062998e-127 4.20199465379518e-21
0.987355040301387 0.696515624661555 0.75777848021965
0.0289936792155634 0.62081418596836 0.000864059469014545
0.156402813455993 0.450022640372915 0.209000372741169
0.300769679501588 0.428276734597533 0.479978189192026
0.15024527357716 0.333127702921361 0.274219041235018
0.472597074471332 0.805112691835487 0.241773559702314
0.0950934339062252 0.0362355254031636 0.678614069145953
0.0468887279180452 0.0114451630122635 0.629999064199156
0.6811367809288 0.731938091933523 0.402159300564763
0.714345800698566 0.805548801108565 0.779313566132116
0.0479343925903307 0.285606314752459 0.00040140203401526
1.14498389404052e-07 0.250537014245027 1.4640431391885e-09
0.420246439606435 0.0974457096124038 0.701246366976965
0.00117005667308266 0.00369367606766277 0.0659751805963708
6.69812398941454e-15 0.000607358906123383 6.39864395412296e-14
0.0120895408581539 4.13489813575234e-09 0.0915696449646061
1.80147175542499e-06 0.000220233654674361 0.00165957799397924
1.3192249721308e-20 1.5576009416656e-11 1.87593845936242e-11
0.830987661616011 0.544808623030175 0.817881972253167
2.93793114964872e-29 0.879324417343719 1.00128719434461e-48
7.60471042142871e-77 0.845735561873287 4.4155232046192e-141
2.44394184531272e-11 2.06573087678825e-36 0.0723638844360949
5.35534673627098e-60 1.98928674666968e-27 3.20628064840946e-36
1.12717930847506e-145 1.80325189877382e-27 1.42375136507883e-139
1.34979399984644e-44 3.63845333947339e-110 0.68027597571676
4.47556091452679e-119 4.7608603309794e-96 2.56778363904081e-41
1.14075676640282e-189 1.7145878604559e-82 1.53291958449669e-113
0.482854608921288 0.448387249909306 0.858334332330558
0.721389070514928 0.789163605217021 0.620392677910268
0.947406665528662 0.961333609231771 0.91728698341481
0.294814253723706 0.151457704526199 0.0675065463451666
0.693988298847862 0.831653763856376 0.314692889997394
0.00375298244764371 0.0096688159172597 0.0514947635264707
0.0270256262721654 0.00910753725033682 0.0869312285504811
0.00132932214749454 0.00110810604106641 0.89420509690388
0.108748684797468 0.168235459673047 0.170491184757689
0.392689312031755 0.462796004896763 0.486512580426819
0.00828133478404925 0.0276954816140793 0.0111890636158031
0.121458206642829 0.34393530040411 0.00279425922753883
1.78496936543064e-13 2.29592315064864e-13 0.295360325040965
6.3453352327528e-10 2.43259861789968e-10 0.954325035148078
1.73006318801416e-10 1.17367665861317e-08 4.36863832050345e-05
3.45117506664435e-31 9.94316239917626e-35 0.0911020036392876
3.49191122743834e-36 4.30582310047903e-37 0.447066494828887
5.73047763088653e-38 1.04617843553156e-37 0.0863059487938022
0.302913190110476 0.251021287355055 0.677143070801252
0.302079984499348 0.833178174242294 7.43030162562811e-11
0.00259429931529925 0.657730063600034 8.35927350334978e-41
1.95174738912376e-126 6.62535547819563e-132 0.565694530771924
3.37014615704861e-122 8.1700680817897e-119 1.88655847150767e-06
1.70638653678244e-140 1.18389300559511e-124 1.40922907821344e-23
1.26969725837468e-262 3.62236781822915e-275 0.626372929085137
3.33103966876568e-279 3.90426370227364e-284 0.00134223407461847
2.49341026121871e-302 1.07015660518096e-292 5.64771479238871e-16
0.0550935438568597 0.0261683838215852 0.919620519406732
0.869684974016715 0.409953689411973 0.170896705081243
0.532657628021477 0.617739284942776 0.659123257361771
0.263012989680864 0.46425772229287 0.266316419855801
0.560941403648801 0.7275636681041 0.515745476096827
0.0915022094445508 0.078523475484226 0.761180030792074
0.00765038344432171 0.000380344185738521 0.259561693275091
5.21783040490429e-06 3.46150735718345e-06 0.268068771368361
0.0659103595480732 0.0501684334174144 0.796388030607973
0.493100068105931 0.692031735289257 0.425147729614898
0.0615926720519828 0.996224342776172 9.8872237351747e-06
0.151724468495483 0.152515017859165 5.73741102380051e-11
2.75595532808918e-07 1.78504103941497e-08 0.729696318888124
2.68575456991764e-13 6.43896770860603e-10 1.43047803563914e-05
1.23014732389549e-22 9.7756131737357e-15 2.54649441014277e-12
1.31255998758797e-24 2.28729615015332e-28 0.228593465251041
1.66153406834135e-24 3.60215523216949e-30 0.574568582380499
9.84313972409386e-31 5.83201530567395e-25 2.61424377705201e-08
0.718816391062393 0.437024428968914 0.454696567528385
5.55958641959549e-11 0.58582160338461 2.51609963864561e-48
4.44740535338517e-29 0.833136772558143 1.43110314007106e-157
5.15403720957985e-90 1.98012091330978e-116 0.931672229775483
7.46012449685575e-155 7.12963160987293e-135 3.9446219240556e-29
3.25046357113783e-177 5.43015279053043e-101 1.40042033679059e-120
6.06233891405532e-216 1.63663565139784e-289 0.334099113413235
1.70753664285811e-263 1.45399772793712e-279 3.13676682301546e-16
7.328496637591e-302 5.84435009151721e-257 2.75439924651077e-69
