TOT AFR EUR
0.771711658711527 0.929501632954602 0.658384997472174
0.719781558729379 0.407346520877663 0.448003587457359
0.354842635297831 0.218722352063715 0.697528344278126
0.827876602985145 0.756497435689489 0.88797387733183
0.967463649810872 0.535624342448646 0.285352100723383
0.640428826100691 0.491868338725162 0.753228743524206
0.992093941970681 0.934519102973567 0.840724533510585
0.942457399530088 0.919858503291224 0.716836776018888
0.2865353735022 0.410325514589152 0.395405077513737
0.555261810007876 0.340957934515323 0.56103027834793
0.780914981526884 0.759832490348313 0.995556131628232
0.481608759460502 0.859297397298692 0.159311435599149
0.723182912974999 0.399958908776621 0.400743607855297
0.797399180943925 0.98694667574639 0.623081331760652
0.186574592401478 0.539580899094944 0.11632973071626
0.128450771495135 0.240784399127803 0.287506330291222
0.036606843064755 0.0927918197510513 0.166342693414124
0.001971592646381 0.000636052944570368 0.903889562360659
0.559569387815131 0.406553194726953 0.728184034854272
0.0159099690732297 0.24079483064553 0.00399180813267482
0.125259614705742 0.414002841477126 5.9663382825962e-07
3.88647682587622e-07 4.48639329816384e-08 0.73034856432431
0.00178340936988412 0.0147385753979626 0.02819971201912
0.000213242444097401 0.012549810484733 0.000619631549593509
3.38699978107594e-11 6.43320330339103e-13 0.542765891512661
1.61244733476711e-12 7.95543819451017e-12 0.0206267994686525
2.33543355237806e-20 4.62020677516076e-17 0.000128123552175849
0.576464267618334 0.286049697298347 0.861656274641659
0.283646434314042 0.762843104800296 0.245046927293043
0.25550832235009 0.310891554130356 0.491512613540685
0.493825634259341 0.451522071738759 0.791372952064519
0.271534172665628 0.933980425451246 0.174608217747691
0.0311016017262342 0.0188769468181263 0.371076145738538
0.824761984431158 0.53234809163018 0.405587451957811
0.430572162696839 0.595045348770578 0.54064784375994
0.0503905065165362 0.248445244764829 0.109256644523403
0.753015377788808 0.744494404290415 0.882254002760112
0.444170053936667 0.945644789146565 0.336497030580325
0.17098474437035 0.895636857504591 0.0701472833412182
0.859300634063978 0.59229026304102 0.836775423783153
0.3111639361134 0.791904422254492 0.111113599799309
0.112499951008673 0.0451239853090904 0.75293273473207
0.450818389734935 0.837852336205248 0.391855301065832
0.232577274475939 0.502795295540516 0.323553489558195
0.00288256907284342 0.00070004720201617 0.233928769536397
0.35699188228744 0.289272796145223 0.734507690094319
0.000239446319822477 0.595589377825636 1.79312523237572e-07
5.93778763317648e-08 0.84467967873877 6.58356343026775e-14
0.000701857911625943 0.000278156450367482 0.160661623765074
3.41078378664206e-09 0.000228351977669945 1.67276453959679e-06
3.59462877939473e-09 0.054437799768938 1.23102108297182e-09
0.00150865957050256 3.28003362205684e-10 0.20304469958724
3.57071679428694e-15 2.11853314611126e-12 4.7863660332643e-06
1.88757479159736e-19 2.17029268664235e-06 8.83531069310818e-16
0.609428444216767 0.798005210433309 0.340272222336725
0.759160441028299 0.778800762284655 0.883406243043284
0.438803145058363 0.504327013242885 0.539051408029717
0.983888268802364 0.921289933187638 0.484032596267139
0.671608551766945 0.720369951834818 0.658541644531961
0.0207818849232032 0.0331770625948642 0.126675393080927
0.873690174186985 0.936497431961857 0.178689665077913
0.255877215975843 0.176554872273292 0.347088580815039
0.743960289165825 0.726801320085388 0.91325182895699
0.451052557829832 0.471926022871043 0.805127554529253
0.267655258180987 0.155694351337578 0.269999360757487
0.752690199774506 0.972433118284431 0.0733577257088222
0.456039571103165 0.42018998834986 0.841427396545065
0.275921056035839 0.296437015071699 0.727632663509466
0.00203421295963898 0.00249021592766767 0.423606899512348
0.00220205973455987 0.000968355103092595 0.402496167677291
0.000250667775762853 0.000145117968559172 0.834085366723301
0.00106370453764366 0.00222224439060991 0.135623364252981
0.568844230819473 0.431209935791795 0.247835733810074
0.861402283919788 0.938900606389716 0.214414858158985
0.654531456234592 0.916455745422345 0.00140297976492387
3.05755822894106e-18 1.5480699322108e-18 0.446345544868284
3.29537089560579e-13 1.25306787341429e-12 0.0321340666245238
1.81289840983843e-21 9.78614572870851e-18 1.58633884787591e-07
2.7878640360705e-31 1.83551800406467e-32 0.6685129211573
1.83660868002907e-24 5.49045370721303e-24 0.038112511319838
2.90001985378342e-39 2.49467897467799e-38 0.00491419749776143
0.761504796671295 0.940394322163683 0.342495565183795
0.613834603362292 0.511116476649853 0.0191022238553883
0.00540726438477554 0.0239379343295422 0.0560982898443589
0.18384972546429 0.240248550171909 0.504743943722282
0.736830930508437 0.839259642042845 0.719091890955877
0.365134872307679 0.142764359010474 0.326708335424117
0.1705554682466 0.0842504229380902 0.695357364445091
0.509472192184667 0.364124409326277 0.757408403627366
0.870728466126893 0.821904774327555 0.934598065232896
0.749319848505296 0.482106781224968 0.438070264532229
0.397479224235757 0.601830949160033 0.00157692337546222
0.267712151672246 0.174591323841112 0.826331962792499
0.202685298081917 0.298648194222762 0.347954854271546
0.00349565748168797 0.0256194411377223 0.0221152425513746
0.0257731164070352 0.0495126122592322 0.221492181326075
4.38271262168207e-05 0.000132992267497826 0.0821317267840558
0.00319782416516819 0.00501639893732396 0.29023494886685
1.07129881884272e-05 0.000369201616173264 0.00343971989805599
0.263283170029274 0.362661412280132 0.451710437458644
0.777867836922966 0.109194133969827 0.00267969520088306
1.39667147162962e-06 0.0935019472793314 1.68215617284467e-16
1.89354097506033e-10 1.04590254045146e-15 0.104730610701691
1.49524652273343e-23 2.70793807171882e-18 1.84651820369079e-08
1.17344256593412e-21 4.89985011468693e-12 1.26560865433039e-16
1.83009106953928e-25 8.15451836848161e-31 0.479509301718601
4.21239486925567e-32 2.20311464558201e-31 0.000239201270098905
2.49294865180288e-24 3.0864632349414e-19 2.10787403211374e-08
0.147795382084035 0.301181711767105 0.247237526487182
0.902800624182562 0.3928057981657 0.0437493778555413
0.141959840885059 0.0386170906255371 0.410188705950419
0.989052345495694 0.912269564662123 0.846604339206216
0.717712667938154 0.709058067647201 0.129563513121367
0.524744959415682 0.487411940520918 0.96406800155837
0.0868462061047665 0.0865442621730211 0.657461729945531
0.123179812721938 0.0182683744658496 0.178918150703678
0.356714386180286 0.205450669187882 0.653581451841696
0.703136962694819 0.731588383248435 0.865055102047204
0.541193355110883 0.391851301657229 0.726754185079303
0.188588623994976 0.478753132081753 0.116129557134493
0.455152057889292 0.46109320351828 0.828540937685258
0.0461610546525302 0.00487460557354691 0.257482206405338
0.00239144009049844 0.00487581446476062 0.243691215739294
0.000269775640190303 2.33473874510971e-05 0.783200646932744
0.000149820708667684 0.000423161588480985 0.131010133371179
4.43379874432259e-05 7.29933507040736e-05 0.230067692469473
0.130773952605285 0.0154546911201964 0.158798368001518
0.0368399862098568 0.700916575863971 1.16086021218423e-07
5.33099455201452e-11 0.00901134328537147 8.45562784616179e-22
2.76888570716838e-19 3.12154890408916e-21 0.221375861879441
1.21163468889913e-20 9.29244570522025e-16 5.95135077111792e-07
1.05045017820517e-34 4.73767039980855e-20 1.18119977108864e-19
4.14141342031483e-40 2.76202173850908e-50 0.719856456080376
8.37994682641304e-58 4.7104554288394e-58 4.7883375861216e-05
1.66428298614924e-58 7.44410735293563e-47 1.36109558738088e-14
0.197629653200617 0.366094303922193 0.351866503505586
0.21532594872673 0.255730495416382 0.510552075925451
0.0712794387561707 0.42351615151307 0.00182345503968796
0.782014625084921 0.662484923532127 0.999063791933693
0.910404323443028 0.9371194700531 0.824425395661529
0.835860156888388 0.127612436523147 0.314097097266865
0.166682482071081 0.112146173304619 0.619233285451556
0.0042555265386649 0.456379512822101 0.00145741371836963
0.0143037552538919 0.0700956238856944 0.0777391992005056
0.926972919827016 0.482410549574791 0.631118318342834
0.117622355971846 0.409451534076453 0.00559957582379531
3.75490659815328e-05 0.664288419149654 5.98795436511473e-09
0.00162549855050447 9.91541491840011e-05 0.332247525026308
0.000104716779042711 0.0598244157282418 0.000375334790993686
0.000128197205591446 0.437390165376603 1.24973715076488e-05
0.000604632971699865 7.00329003468511e-07 0.703970344266749
0.000513699033126163 0.0109244010854423 0.0133064593532343
7.93782875694151e-13 1.34441612897743e-05 5.63014768894545e-09
0.468508116008232 0.950582150733626 0.307997142480453
3.04102252041117e-21 0.475824197817618 6.94417030489872e-33
4.23948843228102e-30 0.890271993416871 4.98406654930656e-52
2.25640401884156e-13 1.76297239451312e-19 0.02833054431247
1.3930474576611e-37 3.53923462816934e-14 2.94648867972068e-26
7.91521042415543e-81 4.42376874854762e-17 2.45768208555089e-76
5.80094062775389e-28 4.10877510289968e-67 0.685756159444088
1.33283728159709e-55 3.54015585084185e-46 2.38498844915895e-19
6.3310014070764e-88 8.28388625635219e-40 1.95120998777864e-53
0.244049325092763 0.332540815082099 0.335086018174734
0.490061171943286 0.419256869458764 0.589413866709875
0.995747764462312 0.667353522538038 0.0420853295298558
0.260695657280689 0.162254870946002 0.249963739990012
0.966308485216627 0.912024942426875 0.733179408632573
0.0396172776138891 0.0495029989007103 0.465270721290358
0.0983731320722543 0.118924632386937 0.530569077928884
0.098010700993508 0.136192067214922 0.278826403567537
0.0985912413467906 0.0870613473712126 0.925576412787613
0.706594525201813 0.425749854109311 0.0622340859847643
0.757640966539855 0.546239701779565 0.122808258501075
0.0711512918211011 0.187804135630077 0.00647924066493006
1.38891713260836e-06 2.55835011353542e-06 0.19510339054247
1.17473294554599e-06 1.12444957926695e-06 0.567669963977862
1.61766585538502e-06 9.34917792072794e-06 0.00500277174318066
5.02080346307717e-18 6.37764890022455e-18 0.262551282850136
2.61617259113895e-19 2.96510676611041e-19 0.185385991834542
7.64093883442678e-16 4.57367846706891e-15 0.0225806891661422
0.296940593616858 0.247493609745331 0.686779661403334
0.911679281511909 0.279339120328649 2.66357081769938e-06
0.836672433312137 0.210021156251691 5.82710773158576e-14
5.8671407921428e-46 3.61241157406181e-49 0.41208119270693
4.59581237356922e-74 1.84552703198444e-68 5.86840553296588e-10
1.11517174891484e-60 8.12826409107186e-54 1.10604823039106e-13
1.30236000651515e-124 2.30570009593432e-134 0.201707103826403
7.71320276195824e-128 1.08003943622211e-129 0.0214391635489351
9.13042088923792e-141 2.76575048008809e-132 6.89361995553938e-11
0.177056229271605 0.398676833448161 0.184018555220823
0.947149170166449 0.978904183581447 0.916191337595958
0.854501115500989 0.834863898145054 0.391931233783357
0.935811875003091 0.764243776956413 0.430779137345764
0.0142471808064334 0.0780919410340079 0.0362599547282124
0.870076717013831 0.540617891622204 0.369455472549171
0.357007906591058 0.220888213214175 0.673801157053778
0.0600161563446125 0.00752978834102635 0.279447825594599
0.00759436478509124 0.0036766314593434 0.808685884859391
0.710855966065369 0.457569027145989 0.508678447092715
0.385049358177673 0.566073392815808 0.00140431006326814
0.416622765754547 0.49806137693193 0.000922791731708744
0.000211121798598035 6.098818143108e-05 0.689299910514016
1.50108201202421e-05 1.34998676609099e-05 0.252257525575042
4.24637927691335e-06 0.000401109898788858 0.000334423727981308
1.89067702520777e-19 6.02126228521655e-25 0.78735393430303
1.47545857984235e-16 7.38200419223528e-19 0.303185276915633
5.07487462307395e-20 1.8793859929636e-18 0.00064788746782668
0.461693814346349 0.714883832470444 0.328796781125227
6.55302594600814e-06 0.749273170976231 5.91343203013688e-22
1.18529350226677e-08 0.0643976272936489 4.89575332170143e-67
9.2639217859979e-74 8.64897310347051e-90 0.213095375913206
5.97584002505958e-63 1.71108338357734e-56 2.8878601671616e-12
2.7535684272915e-77 1.12381615891605e-48 6.56986200088298e-46
1.87908587752331e-114 1.42551359264893e-145 0.627922149251683
2.55413067147114e-137 3.48760061150564e-131 1.69023641628186e-16
5.98352548505599e-144 1.74825781569815e-107 1.65425316939417e-50
0.323461586540753 0.102561172330707 0.278921012541672
0.661913628516205 0.417960552876942 0.518414178006446
0.3763064509955 0.330212616694247 0.971528882653213
0.323474487058903 0.466557426725766 0.451183519406426
0.219815401740251 0.444754790250669 0.216327254634832
0.199264413122466 0.264502421285708 0.501412522058481
0.685744764500093 0.602943903237728 0.0491033501849006
0.579654988431651 0.705141956816792 0.621175656349425
0.000590514665171764 0.00462352527033158 0.0425107907305721
0.767200983447724 0.525038350955887 0.538266189338429
0.392496387384341 0.743644103767969 0.00853758089932128
0.0724811820820869 0.960690223607893 1.91087313485527e-05
0.00295486058288167 8.13608571027957e-05 0.212000199457564
0.000520358050878022 0.00221435438950789 0.0948670850233448
0.0112457012671576 0.0398776896229327 0.117239620518403
2.20929779661686e-09 1.13412138867422e-10 0.579557650180683
9.876068825286e-11 1.10002585568912e-10 0.0997121385160564
1.40253840877326e-15 1.34660022128898e-10 2.03989032730971e-07
0.459093026270425 0.797365548691293 0.0290194288615088
0.0105294108529304 0.805717048483426 1.1481341847773e-07
5.06971761536559e-10 0.662412194921408 1.73099890947627e-38
6.00186625963353e-26 2.64241718832021e-30 0.443392459746694
3.91799736686761e-46 3.91687518749369e-40 2.22442897625031e-08
9.40526088912488e-56 6.58692703604348e-29 9.11862513921951e-40
3.08464217041086e-89 3.46803976846399e-118 0.311215762599603
3.56561470968216e-112 7.810433274518e-108 1.72947464316674e-10
2.63555119747517e-119 6.68461323186504e-109 2.55100899337381e-15
0.755382399660372 0.335081362824031 0.217333800176116
0.544422758464185 0.789418955481548 0.300419903687971
0.0786985008344685 0.354124970882489 0.120441722771778
0.506906654348257 0.271981668862679 0.0726905472675919
0.311717115574328 0.191371194580564 0.82562098726058
0.0958017459415473 0.597326315398045 0.0791515462044113
0.165652125179719 0.766380549919322 0.110816168596271
0.419966426560447 0.948524739105093 0.310175341866942
0.0701264982733681 0.26652330037053 0.145866129668811
0.942270647433784 0.93015433463571 0.862039876143219
0.0275348812565363 0.369582362129989 0.000198089940350712
6.55902388957805e-07 0.0837928986593409 3.91775705594894e-16
0.0510480946740525 0.0533837901095168 0.34478066939088
2.87990531868684e-08 0.00116293564575489 3.52106781106796e-06
2.6438853059494e-11 0.000641245150640525 2.48513103888037e-09
1.36505179073025e-06 4.95260281387634e-16 0.608499409997132
5.45061757726125e-08 1.47050256144646e-07 0.00532487223900445
3.59178545589605e-18 1.72983260697899e-09 1.05922609754244e-10
0.297641472834729 0.487458597910833 0.426919785143431
7.00633326554335e-33 0.151367090871666 6.59361312054174e-48
7.93250007201419e-84 0.843736603984362 9.32085104152265e-155
4.74301600167964e-15 1.45262874715631e-37 0.550194241836488
7.82102841323131e-62 1.24987721227406e-29 2.59846449980491e-36
9.85308858752039e-150 1.7524686530043e-31 4.88380776713696e-137
1.20853247787252e-60 1.12231365692658e-129 0.235467795161461
1.45804005416035e-116 1.75348236404968e-105 1.30875834193628e-34
1.69437344622354e-193 9.36407129326563e-85 8.53437635764567e-123
0.502381240792439 0.475936672206015 0.891642391099016
0.968053198061328 0.853446673692143 0.445960725431394
0.643922823968278 0.383283880525758 0.0511964569481574
0.247241380154096 0.278874307777417 0.567121450216014
0.94551788007145 0.897304140945281 0.28540247056756
0.4510274170719 0.382180233282525 0.637400068720413
0.16521355660804 0.2665245967328 0.116165565763742
1.04949945874541e-06 2.62972419424169e-06 0.145659487657266
0.0469289034993689 0.0329169162009728 0.644789934194889
0.86565876763834 0.844504259544 0.917453135365162
0.874866695745252 0.692603355482218 0.00864493923430162
0.451967381917523 0.965517578969315 0.000749507795331255
9.33375602162806e-10 2.64769978761472e-10 0.860498217747576
3.64104888951253e-12 2.54268379720697e-13 0.373201530615941
8.80777602965462e-09 2.74035196979166e-08 0.108939683056779
4.17652406927908e-34 6.02092813509337e-35 0.445549003691252
6.84829130651101e-35 5.32382581810091e-33 0.00194298294362045
2.09101368195373e-27 1.75013059904797e-26 0.020321371924339
0.0142285812902078 0.0211745260134297 0.302234462133906
0.000385890667862717 0.0164764346508991 4.65449643739642e-10
0.00507867373574692 0.31154797085562 8.50425550835512e-25
1.56221193404683e-115 1.39974583249505e-122 0.630363545110187
1.9795429575364e-120 6.9499048700312e-116 2.57366598756248e-08
9.1246570621947e-154 3.61696008422376e-140 3.19499287107688e-22
4.36425112757984e-268 2.45362379712734e-286 0.256343674055212
5.81367014729818e-300 1.5745982057931e-304 0.000405314856194384
1.67347028277828e-306 9.77557315419378e-291 8.44306303086053e-22
0.888518514559038 0.485353241680201 0.253187965855401
0.268749528034906 0.531529798469957 0.184420581801663
0.985343937820003 0.611422808631224 0.264193240531649
0.00264196590723173 0.0100744761461329 0.081840420817023
0.26532570075317 0.820327058371102 0.0371719724563058
0.000985950758596349 0.000745895921664864 0.449089069328994
0.239059451164687 0.0450757415313351 0.152418053300548
0.0122411648736124 0.0257152234559131 0.194714887282665
0.000708296746635685 0.000235938381345981 0.729599018626533
0.903777481383258 0.720659454301503 0.303282528331152
0.0385494585826866 0.316820770647103 0.00481383391420565
0.043291920812892 0.770550742532265 6.51034719703511e-08
0.00157066739776786 6.67823373849625e-05 0.412632800754056
1.58985391902967e-07 6.69992080685937e-08 0.233196040045197
4.00533382773303e-12 1.17885125148301e-06 1.38648560965735e-10
7.1406599870519e-30 4.36491044318748e-40 0.445448331870535
2.38014615500931e-28 3.63211773515992e-31 0.0585527870015842
2.74242173627928e-36 6.25060651868233e-30 4.19050913146912e-10
0.817162895478726 0.607513254064068 0.61293574213715
1.95212549029488e-05 0.398066370402148 1.72429755538219e-32
1.46109761769731e-25 0.688831096258983 1.29248771684747e-125
1.64589455254738e-95 1.33540245016596e-122 0.992159258306542
3.96651238251236e-142 3.6851301551711e-128 1.87107918996956e-23
1.10176513151085e-198 3.27095740590197e-120 6.28069700654872e-126
1.2148255727204e-221 3.50596474827968e-290 0.984645272501386
2.24641738572705e-282 5.39848682843334e-277 2.09726153947021e-28
9.2501876629933e-290 1.19789428112437e-232 3.2016688962964e-78
