TOT AFR EUR
0.272716844161045 0.495518390251508 0.293324839990252
0.51554263006643 0.654730260543992 0.550243570148292
0.494203604363199 0.563771928760481 0.693365348946423
0.200458299631377 0.0974725281486359 0.666444051982851
0.147616933265576 0.0703120793742503 0.725948952352925
0.430034722529476 0.302402905693518 0.77417455730376
0.39921421209163 0.443399725151521 0.714421225487083
0.319083262912168 0.532584015091967 0.277129368703341
0.0815726781940106 0.345177211838261 0.0479203670111069
0.474669978032195 0.289505679693769 0.619037811965015
0.932239310317615 0.888590813039556 0.608964247756248
0.616636595802609 0.200926630254692 0.154132347716055
0.360630974269007 0.356003980921078 0.826669378164691
0.00802957234905604 0.045637232650101 0.041325618189529
0.110868113776941 0.333426310795618 0.102893473779031
0.574186605536253 0.728873914364633 0.0697919245041265
0.00358101105542928 0.00228708221202449 0.599902163943961
0.0201567636902859 0.0113365577511439 0.944683548175807
0.271732226203324 0.191911788728291 0.859151934386119
0.189045944994222 0.172007672833316 0.860227040598542
0.0281548761166711 0.355307089572289 0.000922497163104032
3.05127899220438e-05 7.13154315902284e-07 0.566518230447757
0.00151742406228648 0.00316738465030912 0.194937679126912
9.22805589656338e-06 0.00012763652351287 0.0129443505973422
3.00347412680365e-12 6.1065101264047e-13 0.219132327747532
2.40386808447238e-15 3.33668668483717e-14 0.0112046845308433
3.90567091355013e-19 1.26219804390044e-13 2.85979451714597e-07
0.00209978714608949 0.05394212504181 0.0161150623697621
0.792245450076543 0.661442551135055 0.488674623257892
0.271112565057882 0.327195903546734 0.0206997579724259
0.407530753070997 0.447981478618974 0.0743121050951754
0.866873126825131 0.505797285801366 0.722611760748956
0.0690929858921545 0.320937983495593 0.126649396920386
0.934752744606819 0.157666316034748 0.253842090399395
0.0419381735371883 0.0629086547467906 0.26802766257172
0.152419023993057 0.735437271160732 0.0318693178951352
0.422368445999051 0.690423096706946 0.166894998246937
0.458559779405102 0.958722293271633 0.351593256311232
0.873058813872053 0.139224382014809 0.131550495814542
0.781685676650209 0.210852150804177 0.504982634106272
0.109820921988408 0.89655150330451 0.0427631821859996
0.0478863385816277 0.0289262308340668 0.385569327331146
0.0208782427714403 0.00611690491685389 0.515942797594072
0.162298438665134 0.396097995503937 0.248368769353003
0.00055954078366763 0.010077985966781 0.0143990510016673
0.248874622027471 0.587314515135779 0.291308921612173
0.000202976175110444 0.189819091391025 0.000128778355161261
0.000725129787872008 0.167576411987293 9.06503653051802e-09
0.0159695444425799 0.00293156095809086 0.524606628442569
3.37708623777508e-11 3.38484946012617e-07 4.3775937329e-06
5.25681367487358e-15 0.122601583166509 3.51851665205652e-20
1.48004276739854e-06 3.69360345148856e-12 0.699220861171432
6.80576441456278e-12 1.80182439718333e-11 0.00103271327982518
1.61373935643105e-24 4.9953416003398e-12 3.60483179427699e-16
0.519116944551045 0.737724688686262 0.0738551281209777
0.952415021831182 0.996575224450968 0.747302812529063
0.32398392328436 0.2173711996375 0.26488416799483
0.325222810510508 0.373480487273597 0.520001566513501
0.344437999374127 0.399242133552214 0.586522081069576
0.637901171304246 0.620214143954413 0.933520758049367
0.223462324204163 0.310178206830702 0.102253254688376
0.316788735840281 0.336843216456199 0.780247988516985
0.225786557133607 0.198735637212072 0.849011905906949
0.451459974774737 0.412432111248383 0.746619763310758
0.580725158530307 0.750082628650806 0.156073587730496
0.0166376217805515 0.0156250626452975 0.836254049270416
0.000153539505218802 0.00032585578371887 0.183982569474664
0.136868624873354 0.131589963782505 0.938593732595498
5.62004932544268e-05 0.00029194911592838 0.0521346798778957
0.000121960621181811 2.77472310745328e-05 0.128426556482993
0.000470611143355487 0.000320995845145869 0.94218356531808
0.0297143299873476 0.0335519656577606 0.572616645712291
0.747695641332601 0.805295766845388 0.693297639191244
0.0191853013019532 0.04261313749768 0.0233198653967554
0.145570029665174 0.477453743384452 4.56022388763343e-07
6.33014050355512e-14 2.8549664984837e-14 0.690714018563263
7.96223010183011e-13 6.65851227886671e-12 0.00384982924449271
2.3775597646175e-14 1.42291652829832e-12 7.09473819369577e-05
1.4769763093371e-26 2.2777521624067e-28 0.786954652246222
8.2668131053139e-23 5.35909959429922e-24 0.976665459702319
5.55837782306703e-28 9.78217679004589e-28 0.0839455392709677
0.566161300831804 0.331310467112029 0.470849213453914
0.44284089942382 0.324305481625248 0.862307626346763
0.403654256455147 0.158558585681397 0.325728659992199
0.650009750262959 0.868428608753799 0.149089211233772
0.954296049009357 0.663934385861439 0.475153384117926
0.186681963960074 0.266770345367391 0.427301627829018
0.15118449450024 0.157809247951757 0.648855802229803
0.255812893353745 0.447905363072036 0.274546783803897
0.0534523074720442 0.102929220253499 0.261660095545045
0.673083884549739 0.961569065621643 0.396233260382554
0.161090855537402 0.342734786930503 0.218439734812988
0.869078225399668 0.499817505803893 0.0592052324747122
0.541847807529138 0.691637370179441 0.546538209460163
0.000249105564056624 0.00119875460848003 0.0529784802319284
0.000156725376759846 0.000442921987612312 0.120087731951728
1.36920393054912e-05 9.43801821971527e-06 0.309959490469638
7.3313537371262e-07 3.63490389635465e-07 0.236137804762459
1.13107108677923e-06 3.40510633968996e-06 0.0605513803993566
0.32992914534204 0.88839722682437 0.0171749869380876
0.0536060000024746 0.809162325376018 8.80952737626228e-06
0.00551634521566606 0.679050261977691 2.27337077407432e-14
4.61017751176932e-06 4.24379557553565e-08 0.545043978347954
4.0085319046862e-15 3.81643826987345e-13 0.000416544525877551
1.00835673615822e-13 4.44900652427579e-07 1.25308046698263e-14
7.50390887601608e-23 3.37681725502953e-29 0.949080362801292
2.07020016240959e-33 3.02117629083104e-31 2.48115196605241e-06
3.10834977584463e-38 6.48403071474286e-33 2.19871944052752e-08
0.23162416679592 0.216468667235126 0.811148116274616
0.447769464839479 0.766307911434778 0.240252338166258
0.151359154700988 0.12537358074223 0.889679538725246
0.123062329083232 0.143438152317855 0.590726669001256
0.301615502573654 0.402887058890973 0.545864972211764
0.3964404434178 0.200260313817203 0.507781762629567
0.0776579836999802 0.0184000835232706 0.458625034076864
0.803550552087923 0.821336402696359 0.319986077384579
0.0323303030290057 0.0935340977883 0.151077521185733
0.746978473735637 0.695455358213725 0.946358385997873
0.970967558344763 0.848377653994058 0.636175979347533
0.992998792634877 0.918404645569411 0.82598208427024
0.000413435454489913 1.97460782658601e-05 0.540871561087715
0.00421002426101366 0.039281017265889 0.0215794843906198
0.0159894151944085 0.000351547214799204 0.104903138005957
0.00015023270919357 0.000506030817580211 0.105062132338541
5.40703673900676e-07 9.96966803871263e-09 0.884471163899645
5.35809943838704e-08 1.73325177183394e-06 0.00540270165943461
0.483142453643884 0.556239493875803 0.69881967785179
0.066672771801915 0.619520313333532 1.58293301737465e-07
1.49287457563735e-05 0.687733874940233 2.43863594674785e-27
1.99132846644115e-13 1.76089502552557e-16 0.886662122398668
3.1423630150232e-24 1.01289547791231e-20 2.40241694874175e-05
2.62628730376872e-25 6.93606623394025e-14 1.3917803591573e-17
8.37169345542847e-44 2.12118247456464e-55 0.734196690862091
1.17072883673042e-56 1.85046241116514e-57 0.000128873041956254
5.16113038021744e-63 2.28489958546955e-54 7.8770988802746e-12
0.20205812934327 0.370310327025244 0.350719478068756
0.665285050417042 0.586789047527124 0.301327638373017
0.393489235558806 0.500793012878284 0.582265764463652
0.237051111335105 0.434422454346026 0.360694698124869
0.023334220787082 0.0355210234032023 0.224662764587489
0.76097754041213 0.757295909744706 0.498787305380072
0.0911639223823847 0.561748405001932 0.0769630390215871
0.484663285700421 0.00430684655302319 0.134325156596307
0.886596441260872 0.825982111279651 0.707201660511036
0.209720335556497 0.78682148570226 0.147969465865825
0.0215063875212093 0.665822783044775 0.00780796172604925
0.00066813453165316 0.923752310634732 3.39207246593813e-06
0.362263714028717 0.176021607724701 0.958501167392939
0.000306746973864109 0.00128548944380165 0.0429788316486283
3.09190476299742e-12 0.000980129177977821 6.11188831184689e-11
0.0410757807091418 0.000632901717594216 0.83304028047744
0.0109239378189117 0.00850173996623946 0.222129698622652
7.1567125853227e-09 0.000312957827903386 5.18058889615394e-06
0.821274363300679 0.375052535785871 0.65196105574146
5.08500114845751e-11 0.326908824350161 1.44146505372081e-21
3.23905030782518e-41 0.880127769183663 2.94585479787399e-74
5.94221965750717e-08 6.03037198038916e-21 0.37532474162818
1.11980813999849e-25 6.04672670319693e-12 1.7851300540532e-16
3.91625754806551e-59 5.35277304997171e-12 2.36876142455472e-56
6.30076086073883e-25 2.88980808258654e-63 0.719466746135662
4.00761456022098e-60 3.71784567042332e-63 1.8536519620945e-14
7.39535457719787e-118 1.55769966365311e-57 3.96383780490174e-67
0.197438023954477 0.161783204561074 0.68811951804494
0.594832146773389 0.532283393817433 0.6879125529925
0.780887806442125 0.935640613705436 0.350630099147133
0.314159051199212 0.296490547067304 0.955985323773193
0.114772574781888 0.134035110575539 0.54966076454432
0.561124767378851 0.478791471164823 0.637866459558716
0.153006019644437 0.137216939642047 0.91118668098306
0.118004186466774 0.089921551941932 0.675184065137285
0.185721009968419 0.264488549024691 0.22201389251391
0.0109177965584742 0.0123550064258785 0.571965964263602
0.187310465998295 0.307502064951105 0.0930047542193799
0.733269610442202 0.968521205107294 0.116426704736354
1.28441173589581e-10 1.413068810188e-10 0.359703945939789
0.000439929552609705 0.000998236069125648 0.149612235354003
1.17471825171199e-08 2.15463240949833e-07 0.000213078586446254
2.04966580225929e-20 4.78854978357319e-22 0.427897038325676
5.62017653724357e-18 3.4813984624632e-19 0.62579751645694
9.24234668683236e-17 3.03016058299791e-16 0.0824699060074398
0.405293922802862 0.410827003693152 0.877406396896721
0.807153068972704 0.443347597308724 2.39177950742661e-07
0.0633847902443289 0.777480232689295 3.06934667955504e-28
1.8844315606096e-55 1.86444028530241e-58 0.793183178947281
3.81701501708489e-76 4.15879443171054e-75 0.00113212507173396
1.12214817288338e-84 2.18626785378285e-75 1.6729761538217e-19
5.9530526202364e-142 2.0133055829228e-149 0.978584228198212
3.04574087365632e-145 2.82589764142471e-146 0.00370278127871375
5.12988657377859e-149 3.18548063945492e-143 9.58539262511473e-12
0.825427025591132 0.798158893592295 0.298089700242607
0.0132568150033418 0.0893709946688228 0.020710033851492
0.211276508090863 0.936594823790041 0.00418250288948528
0.0734052956584642 0.021138069842927 0.547706394164365
0.487397048343335 0.583726931579437 0.612744987281685
0.0567384991743392 0.0518726901827953 0.655971882894349
0.386552777850083 0.139676062423393 0.312832052918573
0.0923333285988202 0.0567217453358579 0.97784478454171
0.0520583300133532 0.0510317102711678 0.620903313592934
0.0873089802767009 0.17884452137358 0.197956120007523
0.0725921419788788 0.843504363132787 6.28578677398482e-07
0.000102264507374116 0.126583597628944 1.62742523829227e-09
2.37136532613441e-08 1.42890447924111e-07 0.0223430540927731
2.5711175567381e-10 9.99932880930364e-12 0.468504147248943
1.53560824907049e-13 3.90806049967244e-11 0.000193454120099699
2.20909572218527e-10 6.89949297166244e-13 0.946542312397841
2.87244624710033e-13 1.62302363273611e-12 0.0127594430513961
3.42855672531805e-16 8.99518993172996e-14 0.000168898827835291
0.318384450830738 0.0374486733162718 0.0546677974067958
0.000216957314738989 0.585685215891196 3.19916016534584e-23
6.23862875165653e-12 0.935781409798206 8.42025824139858e-60
2.72824948720152e-50 3.52978087930016e-62 0.524004241369991
7.15798314233883e-63 3.85378162704843e-52 5.5254345103866e-17
1.08920964498947e-96 1.76033038522734e-63 7.64469217151802e-52
1.06521849373061e-115 2.35728611047785e-155 0.5240814321967
2.45183961728901e-131 1.02203158350503e-142 2.05825160927413e-07
1.4417223594193e-142 3.00677845165499e-120 3.29294810543883e-34
0.654478681366835 0.799135038353293 0.624648361273245
0.711571639461503 0.551045714984331 0.720485459649781
0.165204658622066 0.330157004941522 0.238753921717602
0.815556883951925 0.913245954806124 0.760321407047906
0.312964617509739 0.516668972307093 0.321260068716164
0.309454335721669 0.26597027585165 0.953897611773893
0.160044158289939 0.171127283019689 0.671162996378116
0.000556516512207129 0.000138297724856521 0.895261975248463
0.0366473851740817 0.0112560053946066 0.688167017581058
0.746130465945939 0.806855155679923 0.813331162933284
0.0540935469112127 0.450604674573898 0.00520612914200878
0.72476811358513 0.260957591335769 0.130412967439303
6.94993266408602e-06 1.93153145162922e-05 0.123625486113587
0.223361466603068 0.0773014610546089 0.418076706105474
6.00531224461954e-05 0.000151074631731484 0.156828444432955
2.60634671236678e-09 5.94138498220607e-11 0.808122484326604
9.16925303039555e-09 4.61072891177223e-08 0.0479449094215676
3.37545327370783e-07 1.53418119351749e-06 0.0590699981987747
0.368252182958357 0.307861969522425 0.977662181387262
5.03280328804034e-05 0.324857321165748 1.80992759976009e-12
1.91302531556562e-06 0.530075796205954 3.27727837231137e-35
3.79550360028083e-29 1.49387806679508e-37 0.798274002703243
8.95996749189884e-41 2.75893211825393e-32 5.65336107382010e-11
2.03402045670058e-40 1.38689877710074e-21 9.8142472001998e-29
1.61389159394311e-102 1.09110428907573e-126 0.694550741978814
2.35177573710414e-91 5.41804619908204e-92 2.6817173287978e-07
9.6142108807822e-132 1.4704787003072e-102 2.17725458365783e-35
0.459147702505231 0.255016487276807 0.993194618940238
0.236586994713271 0.848873601984366 0.0862973013985146
0.53817526757634 0.167373433410421 0.711572064376958
0.228821472184058 0.00546404226917012 0.414867708016195
0.852333464326059 0.53493480227192 0.767087133345315
0.0778079037085441 0.7595589083247 0.0377657961044753
0.316705834876586 0.00715715722746878 0.33942768263364
0.00171312163891842 0.0479066424165125 0.0133430621998823
0.00579486547588727 0.187104365317451 0.0108263206189483
0.768439150009743 0.790415247035012 0.872108395852736
0.00157173506132298 0.521575392987586 0.000224263088965261
1.46625375997034e-06 0.22378879399693 1.02431511804833e-07
0.00620895146972116 0.0355069444803538 0.0633531889376067
0.000835887847109543 0.0990607232441305 0.00249721340439402
2.90943020958248e-17 0.0210453834636945 9.23288877155141e-21
9.67478100560506e-06 1.6197684953239e-13 0.689318756323821
4.05360820986106e-12 7.41721078567328e-13 0.00210245629996178
8.47176196583516e-16 3.78452169228721e-12 1.97884896784013e-06
0.66518006762235 0.491093391620468 0.997681286337895
1.0295777416701e-30 0.0682043815837698 6.19255987069737e-44
2.24188571003925e-86 0.528882166350024 2.2793440105546e-145
5.02112584707505e-09 8.60452538019154e-28 0.146188789113401
4.28299727346949e-84 2.96138690272751e-36 4.83551318907154e-53
3.95117821608386e-142 6.44477831589346e-34 5.42974466004735e-125
1.05722277118393e-46 4.01830736905224e-119 0.702404535111602
6.77577755244317e-134 1.25729180731015e-105 4.13208273923467e-47
1.82703919179016e-192 1.37798970716046e-94 9.85262738638971e-111
0.120742595522802 0.10621623845201 0.906569493865832
0.551613054119905 0.645565876238146 0.455156069799386
0.341743408652846 0.2715592620321 0.520045272939847
4.25745499600286e-05 3.18973901032006e-05 0.856305707871377
0.345036641288793 0.285434283004434 0.602148550623835
0.125424996716 0.155783245513343 0.452534139640125
0.00029158207003419 0.000107031328012629 0.421140502607863
0.0426694204588795 0.0441370570745389 0.734211014001125
0.00130699095810552 0.000913527454790464 0.941436805888213
0.142281224999763 0.208274381720972 0.21599746959518
0.272171817531886 0.55681323008705 0.00911217533260912
0.938814033739586 0.484058829657539 8.36767500736618e-05
2.06615890774738e-11 4.31264537071279e-12 0.725570449638644
3.21328262475478e-09 9.74390671734156e-09 0.126859500513433
3.28446653174793e-11 6.58144214687275e-10 0.00110051015816749
9.13974617525085e-28 1.22974328707901e-29 0.545287546006491
4.12815913419362e-33 1.73487096507942e-34 0.772003921831712
2.73237894016531e-36 7.33747900311391e-35 0.00194716110379106
0.957571808597866 0.90226457149968 0.35872588995878
0.0603107479829426 0.587976219944605 4.36732743101593e-11
0.199224656082815 0.187503335869655 5.44022569115218e-38
3.63189794888088e-119 4.0969568812758e-124 0.582499474714949
7.82787136153313e-126 3.11874263948603e-124 0.000192153833221998
4.75247066828774e-144 1.25539717785249e-129 3.15275488269582e-25
1.10346154902832e-268 3.06747188976097e-287 0.173937504487676
2.25765519538815e-294 7.20386813203447e-299 0.000662165262352325
1.17088798236569e-300 4.75350015300784e-291 6.77244333351732e-15
0.70277167541147 0.414988550789129 0.439888133621209
0.157064912872495 0.470894021064239 0.0672879474211856
0.524891912234182 0.49038558365097 0.951886143166477
0.25127828805231 0.111264220776874 0.544393110243663
0.412847559254088 0.769350280391024 0.173862216993388
0.163198739403372 0.638425893741255 0.0205267494254826
6.4650725819661e-06 2.4882831345528e-05 0.056961187917788
0.00329681516728496 0.0094380430467705 0.124240267067394
0.000652407947524584 0.000961911139011449 0.218980531445158
0.183748929381244 0.595487216966618 0.0467650323451065
0.345538884624202 0.533432702185462 0.000642826018498544
0.0309596779877433 0.62876250437469 4.02769915320646e-09
2.76187961322582e-09 1.02980128139282e-10 0.54830876784191
8.86817297323264e-19 7.99815283369012e-15 2.278744709616e-06
4.3146218352912e-29 7.66682986760375e-20 2.37468935013366e-14
6.90950541393136e-23 5.09489040877001e-30 0.723657840092977
3.22394237643292e-27 1.70057180691961e-26 0.00044391060270266
1.0339520496952e-29 2.54030290391839e-23 1.01671996678737e-09
0.370544718168464 0.627427945142585 0.272997173717681
1.82839132219259e-12 0.225220630418902 9.83086670918583e-48
1.26600544508276e-21 0.024218672891157 5.27784639630924e-155
2.81825861475858e-95 2.98364233072728e-132 0.0778407523887192
2.58885104327576e-157 1.58716693514825e-129 1.82443760842281e-40
1.39131368731656e-166 1.79898111786167e-95 7.22630046147819e-119
1.03885555517112e-214 2.62663964443878e-276 0.527942967717245
1.02314347140729e-290 3.2786687649427e-301 2.20472172165795e-20
4.29460414205835e-293 1.80645037595061e-237 2.68403984132562e-77
