TOT AFR EUR
0.339177908838855 0.29041268621772 0.962155752138676
0.127479499574644 0.207093892786933 0.346446748587297
0.519225947959248 0.563902776690213 0.764042461443167
0.799441208569764 0.890699631957378 0.771456672473347
0.50526293000471 0.441808106902354 0.945281073996663
0.207782434728978 0.1691178513316 0.972985786095169
0.142871519396031 0.069011885134908 0.666145354361481
0.654985091414158 0.792906149563418 0.637959876568857
0.21890879838848 0.10671637409012 0.63456520554867
0.335062192727684 0.46542620747607 0.448341055409987
0.819338283255637 0.324362094717663 0.14282526653152
0.103704947605463 0.0733553664243424 0.95638832139527
0.358629831399669 0.281851025270898 0.907662036716536
0.183817514835532 0.250289481758445 0.496521359420371
0.0187378133711297 0.049979018812957 0.172001565376554
0.0146237884226405 0.00275295160304631 0.704021346459377
0.0013747508054375 0.00258180338298067 0.247829213636918
0.00925506279816669 0.0159516847651387 0.262719850819399
0.860910970283192 0.88506279802683 0.458020958353887
0.271720784198199 0.691138922198086 0.0899878273469379
0.220031268023948 0.952322534644944 0.00271288944420021
0.000656112564480157 0.00117002592802333 0.272022344312659
3.697715194311e-05 0.000503957199796518 0.0193502805892346
2.97833579560114e-10 8.69666956433472e-08 0.000540196940194691
1.26847048139832e-16 4.94014741350266e-16 0.0154520291373769
2.25053921178351e-15 7.3368213071879e-13 0.000534023668003843
6.36539913255106e-11 1.19359452338848e-09 0.0112666136462995
0.493119084697236 0.346848929679765 0.92406386224026
0.894646088136524 0.295378731516503 0.526479680315562
0.088694019769726 0.396174269956374 0.121563298162985
0.0449624337744592 0.433098074407574 0.0387184709683986
0.0442204480656486 0.00696371806381436 0.838723902858046
0.616655491005247 0.783165403974499 0.660205661370802
0.384944320544846 0.761426712767173 0.382763015314171
0.15086325572072 0.0092309420538577 0.697634479456458
0.808874837144894 0.634180664660076 0.963305165342123
0.397259259524495 0.131393023998648 0.892547299867193
0.266225251468179 0.55961936973527 0.0461680995607765
0.00861630141091591 0.251471674705094 0.0121744061503523
0.413181459786064 0.280922555435464 0.0483288850598132
0.0557349721214384 0.025517943022997 0.454921529722433
0.0181982304596135 0.0586398493530785 0.12812358108083
0.000337489248960011 0.0066788188024814 0.0157880401177814
0.0113128042543054 0.165069897590418 0.0284366506653745
0.033297082796 0.0198101895857987 0.375538441111331
0.810222628461101 0.956833746125001 0.786813395993045
2.90234056608283e-05 0.0348302070234511 0.00013046013098735
2.59393524670594e-09 0.834161830254697 5.38843941993143e-15
0.00050503385737935 2.37823883601656e-06 0.600277742151755
1.21378120640975e-05 0.0193681590987117 0.000160092567320967
2.57464990340323e-18 0.000335676816482029 9.36485534262825e-18
1.52598694904071e-06 2.88601907577123e-18 0.311321916745168
3.95637216979378e-10 4.09694808916069e-10 0.0021973878134802
8.54122023533448e-17 1.08145659926738e-06 4.79450039237699e-12
0.330924114644269 0.20749748818303 0.226590843704181
0.317669967865416 0.524154068600109 0.0689803783722734
0.394074064682813 0.455080094472035 0.518539254344732
0.138037141607973 0.159144734618322 0.556638761946143
0.152712882516381 0.197884939272978 0.377442206715649
0.986671471457325 0.918270836124688 0.485169629730454
0.266269492995463 0.245714071524298 0.894565401250715
0.70673990952427 0.866033958490266 0.191889089579049
0.543510743985384 0.469834962343607 0.620578903282189
0.607903562194255 0.589641171825154 0.953581623023562
0.960530001177735 0.846702297520607 0.499891804418068
0.498985424374839 0.501030490923023 0.940861186760063
0.00897360791650459 0.00700395378655085 0.871652735474084
0.0634686102987184 0.0970441477112684 0.317789018949607
0.000473098989128339 0.000361375873467445 0.906684566819413
2.25326561674195e-06 1.67556421766596e-06 0.826123851497154
8.5896250743832e-07 2.56207219001785e-07 0.56102821709878
4.94418698365857e-05 0.000104825150174126 0.119947723623584
0.0839493949708309 0.104849029306558 0.492884908539074
0.994796876366902 0.653232161088798 0.0226274059189114
0.735417592887914 0.589268143889558 0.000173898853665344
1.87005745192182e-17 3.75109325278307e-19 0.250541702929349
9.41184586744486e-12 2.65839106360954e-11 0.136701235453611
3.55059097648994e-20 5.37344003203799e-18 2.54834179678665e-05
3.20437777286541e-27 9.64600931518224e-29 0.725503162074885
3.11807607149079e-28 7.26533822911894e-29 0.350269526352917
1.15539453492654e-25 7.83802067739346e-25 0.0556095746201362
0.475042935483788 0.700216644290762 0.319309053159864
0.257664093819673 0.190048292291734 0.960761201825138
0.827800380750301 0.548306225157827 0.506342236310067
0.090663322092584 0.0909400285430421 0.636808918059538
0.512147857214677 0.895120509426982 0.0620117656581503
0.0930478976134301 0.144877281031245 0.318762371619385
0.436512234792324 0.400407661775437 0.922844112931249
0.748580067261104 0.463063633884416 0.508950768436658
0.00846654550492224 0.0088923430528779 0.394685658773089
0.286368688839663 0.376442795725493 0.514391380208456
0.742065339144035 0.80745928905082 0.800358675667845
0.00214516854892704 0.139101099949025 1.76116224632018e-05
0.0495782739195966 0.00832627522503463 0.363178518517511
8.52104702944888e-05 0.000172138204275696 0.127177353114258
0.113977178457326 0.266165352523808 0.174521489842226
6.48079245036825e-05 1.39791680795572e-05 0.669910261767529
1.18713197895825e-06 6.52588493972397e-08 0.861191777277103
0.0040485673851602 0.0149612348833984 0.11131671295887
0.661603572228095 0.575239914772491 0.894311743214747
0.00290929074868567 0.153452189862885 1.55492963225133e-05
0.000102923012493128 0.515589189539749 4.45199967925295e-16
3.45718497485518e-22 2.47578856793214e-27 0.466857912891662
4.38531065562477e-17 1.8626540382898e-16 0.00520752375862461
1.9090701799478e-20 1.51964913546995e-13 2.11576011882165e-14
1.11156323513921e-23 1.68544092540139e-26 0.0923380114446893
8.63685335442383e-22 7.21648529542076e-23 0.0568489280238665
3.0229760582725e-24 1.7425709435787e-22 4.43924396524776e-05
0.919899785352119 0.813170170073308 0.792829598605744
0.420217635008939 0.513819005116711 0.605308552702449
0.284881904078646 0.374711001706311 0.525792831554277
0.489175422774096 0.612331417488499 0.593253770160778
0.414007868004569 0.850194581665413 0.158015399862146
0.00160248567285978 0.00602188770545114 0.114410510107737
0.969988162521911 0.504607425777778 0.175833952192999
0.000524753259732374 0.000529473485123054 0.397036509783033
0.101609756682762 0.283991959592372 0.106078921271171
0.521232217544514 0.356653251335467 0.684363094106667
0.108002536104358 0.115773569138249 0.644610040253276
0.711242880711929 0.252538146054617 0.00195011938847674
0.0998238283564734 0.0192094824345175 0.31276598090203
0.00467826658161054 0.00332551776559429 0.640915420239974
0.0157287533688718 0.141484210074456 0.0148390911209822
5.64366869010616e-07 2.72841994437427e-08 0.904648512423833
2.3220641733828e-05 0.000407226473976858 0.0159599655545279
9.38333805402051e-08 8.96832474745774e-07 0.0275914474907081
0.024617359648996 0.0204506244972251 0.690660553378569
0.295516508833184 0.605133566994222 0.000482930541660505
0.000457227947050301 0.0862858710582832 9.42352520288411e-28
2.82834454043075e-18 1.16541201770473e-20 0.377452930440808
1.66151234893471e-25 1.40653488356078e-18 5.03268053420011e-09
1.46753199415197e-30 5.7544412927525e-21 1.61751179648122e-13
8.35618478847543e-41 2.03025264557956e-48 0.495145400456073
5.30143229200093e-54 7.62222153618969e-54 5.75895178219721e-05
1.37917369930488e-63 2.01990029061063e-54 1.4697462020053e-12
0.0725113053579519 0.9896712629693 0.0159880540212164
0.688125894678002 0.34961392335876 0.786162466199124
0.0247299562945078 0.0110663487479886 0.41088646128695
0.191177038335199 0.40516878377375 0.308781688730686
0.293979200840921 0.937055601363805 0.146893415043788
0.621388839910076 0.588184979443312 0.261199762111601
0.897942459342962 0.0819261600178793 0.192698281215671
0.713595389444652 0.726788875701133 0.432066500520477
0.318687504986667 0.261622528010776 0.728556426471743
0.189852946265611 0.125791966664027 0.65309409998243
0.785928972873644 0.189059162713497 0.141803655241089
0.00850459159924972 0.618956304167759 9.27083287397511e-05
0.704220639135895 0.116411169932465 0.412043305412633
0.00611678624312789 0.128038265759483 0.0182551737992129
1.42806303217792e-08 0.0012016928683083 1.43694757646765e-06
0.0883950293701418 0.000111721945371606 0.351596758984605
2.41126232670417e-06 0.000927169027897152 0.000540030655254276
1.74621461821948e-08 0.000184102304057125 1.49132995322802e-05
0.0913825144633097 0.363893167003788 0.139184914523207
9.07458478620277e-16 0.692858059814981 1.34598199593527e-29
2.56724615939247e-40 0.921675599091158 1.43546596216034e-72
1.40405579211663e-07 2.03119793317254e-18 0.655717097378978
1.76511545508961e-35 9.82493811738091e-12 8.56232312697632e-28
3.78636652637641e-67 2.62126238375687e-11 4.04638027030565e-69
6.21286515989054e-27 9.38975495579095e-57 0.388187034353369
3.32869852905879e-74 6.55288345078785e-67 1.50889240036578e-22
3.71340755164984e-103 3.19013929648291e-49 6.60659252973639e-60
0.387734558118283 0.206784408886304 0.057085012167049
0.590527640503162 0.464877456459468 0.380926449173102
0.156418101445914 0.231314001473713 0.18412976769654
0.270434177070547 0.350095087762778 0.29817418332622
0.288566700159208 0.350592964933159 0.450388889312949
0.965607696017978 0.960025279249632 0.65491848685081
0.00120364265195639 0.000584018161483666 0.548453476059172
0.00198246347263095 0.000722758563101144 0.335801733853599
0.495570646522584 0.473612893908366 0.929804066207014
0.27508019396116 0.443927384633136 0.0804257805422512
0.359128072895253 0.658826319724297 0.0205677478366406
0.893834477745477 0.830282149638793 0.0393324975755689
9.32104192247165e-10 4.28489126823043e-10 0.856610931288494
0.000249597101434463 4.83513238066386e-05 0.119839699344482
0.000216991303872409 0.000340442366051842 0.263359272569746
3.38144834119944e-19 9.14615311530032e-20 0.665594857163229
8.45171436901843e-27 1.20931710861042e-25 0.00924463682399406
4.89342999241189e-18 2.77243811088484e-16 0.00054558135689157
0.944031164891606 0.888797155263254 0.702461936757703
0.177291554103077 0.78103020036188 1.41549871685153e-07
0.0128892493782032 0.430968854350492 2.06054205977381e-18
2.36812319743726e-71 2.14495570441471e-72 0.12281070248952
1.43069788979209e-59 4.34476023975011e-61 0.250946505476635
3.70856861352382e-59 1.27861621280674e-53 1.64382504189828e-09
3.14558259411884e-140 9.23257011217156e-148 0.959191938998604
2.76933009372324e-141 3.67643057041536e-144 0.0362903362671231
5.90511601811237e-148 1.18630489997761e-143 9.22376471183059e-09
0.547991464662738 0.638108665172303 0.657053843041105
0.00878000413886566 0.0870670710984696 0.00944608083904528
0.181563558882547 0.326013827232855 0.2607091874411
0.729121827687365 0.786365268779601 0.796169401717367
0.213139943669891 0.114129743174937 0.711286086773822
0.0752701873408191 0.102962968215593 0.407816038524297
0.20062529722368 0.0964563538192971 0.666302360723475
0.579171346135698 0.872769073300982 0.339067087290016
0.000106454019932583 0.0168277399430199 4.36581358999037e-05
0.120481865077256 0.102125032769214 0.769016776794404
0.475798187868612 0.187755002663216 0.299346048128995
0.224271041316179 0.363689282739431 1.85224648924155e-06
1.70415028531527e-06 5.69756349296484e-08 0.974886394905879
4.77411638358874e-09 1.78226181648777e-06 0.00011165056326308
2.53127270656241e-06 0.00268289037361246 1.22721461452347e-06
9.42666159080602e-16 6.54034731612983e-21 0.499530133549014
2.62781087084893e-16 9.67482912295161e-18 0.151451998505202
6.53245660162588e-24 2.1216720445516e-20 5.20921599409956e-06
0.581083940175003 0.460543597284907 0.81820770886856
5.41349978536645e-06 0.785272713417148 9.27767038158707e-24
1.24875657624013e-14 0.20429249045766 1.84989240652833e-61
5.66514558702808e-43 1.61321311564421e-61 0.0656774509675038
1.04686610112368e-67 2.58300564653446e-57 6.7411972284903e-15
4.22003656772294e-107 4.57825155540623e-68 2.65238016178049e-58
9.97997511524201e-129 3.44489792321396e-163 0.428584010202463
4.27892073743094e-142 1.64608230589329e-151 7.99544399560247e-09
5.47094594309461e-173 5.69213979073276e-142 5.53318100556157e-49
0.793175682696956 0.973823254621085 0.593177641223516
0.766412442627157 0.824107318975966 0.257594899894504
0.100944873972995 0.0844290173632929 0.806036787489533
0.685754856514202 0.197735572817539 0.108840132392697
0.715805728734617 0.635615399202302 0.893648287185576
0.914094591200666 0.40741476123614 0.0536305478709705
0.707053874233024 0.664878638278122 0.984392906587589
0.0447813236936548 0.41336571433174 0.00395451825053428
0.686654737833245 0.304894529622312 0.239143710701272
0.234086653285157 0.940154612895638 0.00519362719151247
0.514631753259722 0.103979235906025 0.0726908880974238
0.395915891662503 0.357264953036278 0.000129300423518203
0.0255337557830629 0.0367206579780925 0.391695457826642
2.77995384259906e-05 0.000131359443327813 0.0683309044628163
0.000129889820367245 0.00478328562356959 0.00257047822643057
2.38554742275576e-05 1.8287138372934e-06 0.982261725321821
6.16402010980921e-07 3.19802331247896e-08 0.866466686338449
1.17365884148519e-15 6.78688016630029e-13 0.000150259411824902
0.83244119688427 0.494263036713918 0.365655357885346
0.00384561798495844 0.599668197704697 6.04933077586438e-14
3.31824951096511e-11 0.348058820584374 4.14159533600938e-41
3.77202186181862e-27 1.07356977281939e-32 0.671625814299467
1.12515745415915e-42 4.23989317277452e-38 4.13050279591068e-07
1.30453559056912e-63 5.32863101519477e-36 1.25849126348855e-39
3.21416259226921e-97 3.01619501910765e-125 0.893255737797856
2.36489991807355e-105 6.56163882972991e-111 3.80345932259347e-05
1.42145782565944e-128 1.7717147389827e-101 1.22142106607688e-31
0.672613946844778 0.170564673661588 0.549616591008373
0.945026289732025 0.610021103981692 0.59928203657858
0.005780505297932 0.222800204451837 0.00841778032082909
0.212153970643528 0.793182168888949 0.147229346296722
0.703210323955586 0.461315431181226 0.901308996422324
0.00284215633974058 0.0192015664579815 0.0476085281157032
0.205297213254903 0.217050876496021 0.522992299939477
0.0151886843166983 0.540395892842767 0.00706288293655074
0.00522198646933093 0.0138978719895262 0.102921183797835
0.43140009140851 0.147381141212931 0.858448238474964
0.416648048162945 0.0980198495870132 0.0140361975893684
1.29108177812101e-06 0.735661940559516 8.86295566058719e-12
0.215715276627144 0.216203864971147 0.566901191046138
0.00264712457929325 0.406288562923203 0.00109247499491558
1.80591860812064e-12 0.291201036849088 2.5210876165485e-17
1.82115173617064e-14 6.86120890343836e-19 0.0088129638041816
3.71643207002927e-10 1.12020175409394e-11 0.0135835684236965
1.06447474878515e-16 1.13024330830292e-09 4.03936461925022e-09
0.98369346540692 0.656425784874762 0.719749713628286
3.0522894919587e-20 0.395927057331908 1.22798478732026e-38
3.42044527124863e-84 0.377137117693898 5.24894321945059e-142
3.79881082686611e-17 1.39062630537877e-35 0.553629817619944
2.58406918631609e-77 2.15137837402148e-35 6.36453048804262e-45
7.76516691214845e-139 4.06637066091437e-28 2.93704091933568e-131
8.14921928413478e-44 3.09432840972421e-109 0.577166903668149
3.49126877861933e-121 5.89104235924752e-99 4.39318697463165e-41
9.37551742568689e-205 1.85997848262701e-90 1.30723609162849e-127
0.271930809419908 0.219200971437394 0.653044101436205
0.122247493117804 0.110501841726471 0.943896840850566
0.0297996648832185 0.0359894886671513 0.495328383258496
0.437087823571255 0.369107763930727 0.620326861299593
0.441697199043515 0.43057040554653 0.994849492577431
0.18660853265675 0.210857934498768 0.599932569927105
0.000824750904673224 0.00139745290461372 0.266428745980044
0.0330083037173397 0.0209533239902134 0.573723654110043
7.93197395193901e-06 2.01003199302068e-05 0.0834801215262375
0.412317143735485 0.555492093581087 0.223428652415715
0.14113750155191 0.232695670205154 0.126157964586191
0.0590476897216505 0.169656729452093 0.00720466698156576
1.83355948788703e-14 7.35801511374068e-15 0.687358473981527
2.24993984773166e-15 6.24224103147462e-15 0.120080301697395
1.55158453837808e-10 4.25419147289085e-09 0.000525614250717055
2.04874920076264e-27 2.50560935209334e-29 0.5216610578934
2.76831472832282e-25 3.86720973984229e-24 0.0110624938890307
7.97007836402865e-23 6.84038221202143e-22 0.0119276501732009
0.347460951491132 0.246066611346681 0.334349693323013
0.176214423782941 0.810463931400849 5.99121940795078e-09
4.06092100095933e-07 0.0164735079700901 6.46521522967829e-43
1.20135530895266e-140 4.29027549455006e-151 0.190805610194783
1.19587586509204e-152 6.02408413736909e-147 1.7645016561111e-08
1.85316343798065e-126 4.11176585892479e-111 2.19563837885216e-25
1.68724435935565e-248 1.73109350111294e-262 0.891085443257396
5.49699393707366e-281 1.45505379450948e-282 3.77385199115839e-05
7.10412691557991e-291 5.32561547120531e-281 2.8431722686418e-17
0.240142691051649 0.134193081054483 0.726681079009713
0.473212715997306 0.856414161850837 0.180224254660421
0.190882951408193 0.531986870413801 0.0750965538349807
0.00187801181580244 0.0404213088996036 0.00269042298100673
0.194855615620159 0.221714984487766 0.609267456861199
0.183011228897319 0.200861577627885 0.633042324967545
0.0213840133937133 0.0120010876274919 0.847187821678447
0.000144211528810253 0.000677710059671047 0.0593948420794933
0.00214696490425706 0.00625163690321078 0.123987447054771
0.181782459259079 0.279342534454115 0.363290873310497
0.034417338941655 0.431961488102649 0.000683281671812577
4.90052362849031e-05 0.439516586560425 4.94825902325668e-16
3.79228513282266e-09 2.15241735634972e-10 0.502001972896958
1.09293251763969e-14 1.14417690081594e-09 2.84657986406537e-08
1.47891116903738e-16 2.30345888940103e-10 6.52515380331875e-10
2.02722807553587e-27 1.33308362345846e-39 0.0749261104276539
4.03922197710778e-32 3.60315250858886e-33 0.00500746231685892
4.71909375814976e-44 2.00393611473037e-35 9.33728671438774e-12
0.116452625975548 0.570556712927987 0.00971753738094108
1.48844805502934e-05 0.127607864014202 6.69393224909866e-41
9.03133373058562e-25 0.831064024156881 4.54937687282909e-133
2.70828629514794e-108 1.25594612096105e-129 0.0440101631181491
6.81281644821016e-163 5.51583361118198e-136 1.73792721845574e-37
9.43475528116405e-175 7.5179543270007e-104 2.4885086679969e-111
8.17159265938411e-230 2.41757339210023e-307 0.361727996270721
3.58927216486218e-273 6.17956221062491e-288 5.58805891218363e-18
1.45256442046021e-305 9.42516508785418e-256 1.46651272316547e-70
