TOT AFR EUR
0.0986248608103332 0.251995893174138 0.198607034142623
0.105169033741509 0.159569581715168 0.365102157534423
0.0449802029671674 0.0309101158299483 0.87705537972119
0.911668173330618 0.832893201937518 0.530442647442761
0.715302831131479 0.523408692487471 0.043511339582465
0.197876838639505 0.406565620912867 0.250078993522641
0.182269625666612 0.184177489274119 0.755032983609035
0.58155109276023 0.411205739761669 0.676354589007712
0.399557535888855 0.987881781194767 0.0745058455261553
0.646317109749734 0.536516408326844 0.813353516177784
0.07864964903076 0.0446456275388352 0.89334761081237
0.444496532896461 0.34482232059513 0.848554313579577
0.900424251875751 0.397384327793596 0.176862273852632
0.0909678235779059 0.118369857542413 0.467704278281739
0.0435813311238858 0.0271627574722307 0.893608812548323
0.821283092175583 0.836995060720297 0.264243183567932
0.00565195272581751 0.00704291193309114 0.364779711271494
0.0965080076956196 0.0304993407314322 0.585289286349175
0.800361117787278 0.393318743927414 0.258943207253736
0.171705289848016 0.550051544175923 0.0707247845020998
0.0307161376801508 0.392886988962202 0.000312821450910232
8.41448403417726e-05 4.22545356913416e-06 0.702201906806226
0.000313415397359044 0.000759902432821884 0.157238980091334
0.000509389199845029 0.0196905950355421 0.00232614523336207
9.00996964209732e-13 5.34560239785055e-18 0.22436493069698
9.29314766207183e-11 1.48065835627569e-13 0.640750673043699
9.34095763212254e-13 8.94627650317885e-11 0.000837961289207801
0.511599552415278 0.903039033441604 0.455527329690179
0.328827155755803 0.486809796064457 0.0621211585091478
0.354931061356201 0.499059965925097 0.533155931821408
0.991672902369118 0.716030894940514 0.766954981488218
0.984284115347222 0.988529336322693 0.968778822952657
0.51836865681768 0.0607236168905279 0.47360887519802
0.309372962046753 0.0273777372190949 0.682608539142592
0.626536119780684 0.985749884499704 0.521706546356888
0.117071952961842 0.638194937892944 0.0934600125690144
0.988798333654971 0.619185886328264 0.682087931405115
0.838594582126279 0.190391503554169 0.145287551297605
0.182698501284227 0.767940286701048 0.130305845811148
0.0504815928520661 0.116061317367519 0.228632704552686
0.245165870707916 0.183891839706581 0.650546424760438
0.573515641305516 0.21598986700574 0.766511684762879
0.0286226118397778 0.104663145861412 0.110983833340604
0.0199867306121954 0.00420868403237828 0.453003407926716
0.0321226459075602 0.907800988881634 0.00344427572512341
0.579745991180313 0.367936556145152 0.993813219113114
2.01046304434184e-06 0.999499925987437 2.69036260862125e-10
6.23051154828365e-07 0.0891482709722338 1.43410792420662e-15
0.00648460838617339 0.000261373708723525 0.600344317985843
1.40492785681931e-05 0.181847217952556 5.78504997738976e-06
1.41702956644167e-15 0.00296839801485341 2.12889515710932e-15
1.72356902389483e-08 5.74313905158549e-17 0.383731841075162
3.53099031689462e-14 3.00186387653267e-08 1.97839613891851e-08
3.62859629545106e-22 3.71172698155531e-09 6.58794852541932e-16
0.0440175026343417 0.0501419212534563 0.572326426253357
0.851197134659457 0.913579058518234 0.67654936576392
0.899228217395028 0.757770536780788 0.224366984902099
0.141407804743198 0.164555823554402 0.460515731278086
0.130446162189555 0.133992198088618 0.745965273487834
0.0892256471244454 0.144262374137362 0.200974694030831
0.110633108790063 0.0937702633192793 0.8403413376055
0.287537895810174 0.378677169858162 0.181369039253981
0.362175923175427 0.32785461435334 0.810258016833754
0.962767764341942 0.868714737511311 0.520122993881711
0.119462015438543 0.100535889560485 0.848917612924423
0.776275870424017 0.887496932363939 0.382924738616092
0.00834253680265542 0.0134811484287138 0.249315951364467
3.01996870601159e-05 6.35522001997369e-05 0.14233660553161
0.0937707977684837 0.0851943799633135 0.979331076612523
0.000124282374689462 9.21852349654753e-05 0.923393002921217
7.17636894370685e-08 1.42198687758037e-07 0.260813701219825
6.88938682313345e-06 1.64333739109116e-05 0.114780334342193
0.105445446333653 0.0887058775835215 0.812843427454898
0.00114640267356972 0.00385774427928888 0.0341471383234753
0.848947961422817 0.543925967953941 0.0188649298186824
6.5716490782955e-13 3.46343859493152e-14 0.133863030241743
3.45237846805359e-14 1.89173910816336e-15 0.2349293648518
3.15594720511496e-21 3.61795077829069e-19 3.47216372248055e-06
1.00471272945804e-33 5.33919119326297e-35 0.82794109031748
7.06824037446862e-21 4.1218038487857e-22 0.907377802740604
2.04719744567971e-26 5.36878476013037e-27 0.368787950561075
0.934868251670129 0.689080033710476 0.551291115957965
0.311129646009305 0.739499067313735 0.0909865170314216
0.898206685602434 0.873091617346783 0.975010587475229
0.280823081679009 0.602247227288674 0.119029726123294
0.342338735103862 0.0974722566220245 0.289892840382991
0.159510290184767 0.242237575703821 0.36082481602688
0.370318832713204 0.718616481061541 0.171385573425723
0.141775731074253 0.44579580306141 0.0681320958953156
0.388919195666844 0.247268976580772 0.716506479426993
0.693586318625081 0.593267716513164 0.826013810410187
0.672830111040054 0.655450251761274 0.0677800638938326
0.867275350806179 0.882187232167728 0.481700767341994
0.00314341733134254 0.000451555294320549 0.755312847093947
0.744007348887339 0.606226311823232 0.750201645226929
0.00534567155827944 0.0377437488071752 0.0302052912686843
0.00227533941229388 0.000418848719397059 0.85848166763517
0.000908504991933358 0.000126891415084011 0.975785532467198
6.5370390518394e-08 0.000182258330304305 2.67954054264231e-06
0.833096296989546 0.538843747125278 0.399981385581921
0.705998229751315 0.0979003527473682 6.1825121466987e-06
3.46332041899277e-05 0.334009782997636 3.87017668497612e-15
2.29164643233865e-14 6.92424641854636e-17 0.472445059162967
5.11330781230163e-18 3.42218625609776e-15 4.82236769986435e-05
3.22953032996677e-15 3.03627872833635e-08 2.23580980814268e-12
3.08674555464118e-17 4.68753742542293e-23 0.616527062078931
1.36471055078309e-31 4.64651629590886e-35 0.0219275807813566
5.8315091583548e-27 3.23134490774264e-23 1.14388239376065e-06
0.0624856451814207 0.147462774950208 0.209274947566999
0.475287468615536 0.202375004080349 0.340068403625861
0.0442880191371194 0.0240888035672642 0.975914242120519
0.908528227909189 0.71786927363657 0.636908714071195
0.212785522849878 0.260494100798931 0.570853776815136
0.259194359725186 0.255559325919096 0.812130871072321
0.734752801706939 0.935952432684253 0.527191389085527
0.609521736035823 0.537344689020947 0.910576022472895
0.62496434095671 0.387950613733818 0.531247769741795
0.816574137258713 0.614581570173283 0.125632836461553
0.0629967849534647 0.225607530271325 0.0719417340890942
0.0800360286554449 0.799820001936157 0.000815413879387502
0.810004883985231 0.918688651898391 0.7454013295553
0.00590875241952674 0.00862757983901708 0.361707953807533
0.000184749674144516 0.0112439142895613 0.000667091016915265
0.00186138504409365 4.07674516586628e-05 0.224814045030462
3.57808359930947e-06 2.55263128080093e-05 0.0439300795426595
1.06418144265498e-06 6.8136399531271e-06 0.0477532036467107
0.646572051692475 0.577871308098868 0.927934937880769
0.132361217488502 0.872905212732407 0.000151929158767332
0.000225439988065934 0.61773225892581 2.65215151923102e-20
2.01264513830066e-23 1.117470758265e-27 0.516654727762705
2.87688108978626e-21 2.272535233767e-17 1.41527375663685e-05
1.91464893348438e-31 1.47860673133608e-19 1.12543364666345e-17
1.12419769541293e-44 5.91638936427735e-56 0.886971078703229
1.042521851204e-54 3.57566882508462e-56 0.000567561571770769
1.53177295175118e-59 6.71166155818183e-45 6.93139241555827e-18
0.406174342922861 0.686729351859696 0.15554686290706
0.207759758902717 0.536039794379404 0.247588492274041
0.825026595780628 0.962527606819719 0.800138581832687
0.424219322280413 0.165913025551629 0.914829179852935
0.489317557079194 0.871060397746973 0.28195304221906
0.470887831376523 0.92024392426004 0.287860039888133
0.0323616094165604 0.0115078085718513 0.503285990800484
0.58843228254193 0.789290409589048 0.625439950263158
0.641255664522589 0.85230065073056 0.429939931087281
0.654723316141666 0.541501376279147 0.947606803454061
0.315849624906529 0.916686772220126 0.156444375607727
1.83726528027134e-05 0.389373447259293 7.33709916692642e-07
0.108506459239104 0.00187173235173527 0.58234881028826
0.00327550772958768 0.0965021387447524 0.0116825671735039
1.39910584808529e-08 0.070758549270487 1.73675371816844e-09
0.00053675354716715 9.68150873815885e-08 0.896543177382193
1.02137489334053e-06 2.96748269225099e-06 0.012433887497401
1.99749427447184e-05 0.00944887409218208 0.00063748182733492
0.548261076297154 0.542571024511847 0.775900412576035
7.97534359742371e-18 0.429722106228092 1.31185488518298e-27
1.47834459602191e-35 0.94981343373782 4.83159638286187e-61
2.38038476188414e-12 6.76837530836892e-18 0.0310205679073785
2.57380949938054e-32 3.28936071162591e-16 4.56590292852344e-19
4.42672516278712e-85 6.75688062901238e-14 2.19945726863575e-85
5.46158989552981e-20 4.27938201417824e-52 0.333288772078972
6.72008761066985e-68 1.51872791797542e-60 4.71656355122742e-21
9.27716707014511e-104 4.50633694787657e-51 1.4447819091925e-58
0.311357534749858 0.247321521316609 0.578125348465312
0.541243528986666 0.402814000118905 0.344442518963533
0.989937307148447 0.890254064280791 0.561000728079346
0.000953953229030747 0.00116557262422094 0.446190807427094
0.0219609847382823 0.0196354829816906 0.928904847972672
0.203080821202655 0.354713805174153 0.0652123867884236
0.240698375140233 0.206535088194213 0.778022111925686
0.0672107098300982 0.0843914508322998 0.498880117077947
0.159710045685061 0.242700706119846 0.153558314790109
0.255913198848589 0.181369186186008 0.401015497441355
0.416902367025492 0.296502160592811 0.291228844575629
0.432740847901833 0.315416724117879 0.271611558213237
4.56860789974295e-05 6.60446990766705e-05 0.336192298910628
2.08477423930411e-07 9.84995084635016e-07 0.043491507960172
1.44493423073937e-07 1.39626415556606e-06 0.00424344117686471
1.41921235439994e-16 6.24739327499864e-18 0.458834752363914
2.36492707071322e-12 2.19821562584627e-12 0.355556090837878
5.37916573017272e-25 1.44684760621541e-25 0.453707495550601
0.515451926181529 0.471273086031106 0.791790027472069
0.027047178388457 0.167727681252211 3.98851293050235e-06
0.169301733253307 0.606016270077665 3.2793327145047e-18
1.75612839792505e-57 5.91142485383352e-59 0.316954544914466
4.51089441458398e-64 2.92525114128473e-62 0.000664815539197538
7.49154531460362e-64 6.59143784383828e-57 4.91995613977896e-12
1.96533774286897e-141 1.65971451242692e-148 0.836556606326984
1.55212165971019e-143 7.40605024037522e-148 0.132464940923534
3.10267559334832e-155 4.08829488115479e-148 7.80882586690607e-12
0.821901899174245 0.275451375144956 0.0688829451454109
0.122445244863162 0.216274787827228 0.274057361610365
0.223272893200821 0.964937345954297 0.005652125265096
0.737027028582067 0.52141326135522 0.578936813950245
0.270207620618056 0.253139595964703 0.820827885431104
0.961697697483681 0.893567034899757 0.875113977613062
0.00859440236770353 0.00280868744167405 0.969952892888054
0.13458716537639 0.103218642525618 0.875074932725008
0.00111728024872489 0.00149971164321183 0.275425626454363
0.648928869821599 0.235622858866177 0.178117255970255
0.727713275847156 0.598058190072105 0.0574312928935578
0.201287661527557 0.23200821508999 6.68544654542615e-08
0.000152978502133914 4.18063356549481e-06 0.476751572477087
3.54878743015123e-05 1.17792968332371e-05 0.539586917311913
6.02304744194391e-07 0.000159074159461844 8.03933794368144e-05
3.19810805888892e-14 2.04270482691501e-17 0.814379271540912
4.54587375321905e-23 5.78079399628669e-21 7.70069868837826e-05
4.30308003157784e-15 3.60126330400156e-11 1.28671696149797e-06
0.629353276181148 0.318570893078596 0.340948055090558
0.000165511276630947 0.908039720829394 2.93026376964246e-20
2.92651336208841e-14 0.475921712193598 1.22669886720637e-83
5.51390284960951e-57 7.54023550701222e-75 0.477321166747941
1.90520804717831e-72 1.07176371249744e-62 5.03399949720111e-15
1.39981069205564e-87 1.52664747446925e-51 1.51679083357564e-55
5.0252593421833e-105 2.88151726044928e-134 0.435363587924641
8.03030424982446e-145 2.77608707840859e-141 1.93190366262108e-17
5.03876187745191e-146 6.35097567741849e-126 1.92349592808515e-33
0.296450726137778 0.389121624193279 0.529687982869512
0.0355331877574861 0.26893879156155 0.0142285595354404
0.828894091909368 0.834803574243446 0.375399193062198
0.30872132245247 0.320535916305785 0.762776636098717
0.15513297576946 0.182120805992595 0.606553978906563
0.777429176153387 0.976963001818654 0.481460572082378
0.250289251553701 0.0325952072387515 0.106821885934947
0.282826881880272 0.0799260961843175 0.275307314087598
0.0585329541941953 0.442593684490488 0.004789782826703
0.0423531690394462 0.170744593677258 0.0604626423577038
0.00978579883573395 0.0297471735243072 0.148064957539709
0.11514294554368 0.864146099698403 0.000122814272449822
0.000281834351353214 0.000170998328185013 0.517865102788562
0.0598236447567706 0.0526027829980023 0.733240524544114
3.19399381858677e-07 1.19038473334401e-06 0.079312044974247
1.34781899031981e-06 3.24026926428464e-07 0.523158958368909
8.53577433441079e-10 6.93243928058353e-09 0.0263311618766176
6.32677811959368e-09 4.85745794629633e-08 0.0325475800497521
0.310787430328089 0.35039214089407 0.688456853410018
0.0258998314409479 0.847556545730929 2.68742020053352e-08
3.86920677619973e-12 0.200035046469692 1.93880184858333e-39
6.06849578194005e-32 4.5781000280445e-41 0.763795804618828
4.89803408455969e-49 1.32305753206455e-41 1.38403971463748e-09
1.3588581357331e-63 3.70266079603375e-40 2.8056220796023e-32
5.16698656503747e-98 3.86962200283099e-122 0.746503486363735
1.4065501008929e-104 2.07772246399923e-110 3.56244969741098e-05
3.7966598531977e-99 9.86334701056258e-83 9.92795124173269e-22
0.842881101890509 0.29068613818044 0.513604400283762
0.619239893876521 0.72544632123524 0.718257553102928
0.507351121724897 0.183404642348041 0.040920593880415
0.226432384807405 0.467932282175483 0.322890400606591
0.0204618808982169 0.188930967286671 0.0471046728946596
7.62073364766899e-05 0.0371482589844677 0.000488051874178022
0.734700282249727 0.293639293139368 0.650735030559508
0.239256407322868 0.214660145897453 0.611126658819479
0.0242373690136268 0.237395792210619 0.0466687868243393
0.794600313514051 0.0190006264696774 0.104196033164745
0.00410948497754281 0.624750534796696 2.20006638519433e-05
0.000183575816468215 0.563384678699441 4.10098303042964e-08
0.396368747287729 0.0482329478038616 0.575706858965629
4.38159217150618e-05 0.0005747432551639 0.0108952810191699
6.04470340850458e-11 0.000317647065692722 1.90182911918304e-08
0.00129322583205334 3.61139680022711e-08 0.700065544609086
1.07552274639094e-07 1.06795052719818e-08 0.0270728314983484
3.71449871879866e-15 1.04764368451441e-09 1.58045497046176e-07
0.569001615161776 0.751377159068679 0.305209297284687
1.25136029296639e-27 0.952627434365093 8.19330501306095e-48
1.78624248600992e-80 0.912305566171599 1.38317654391252e-143
9.82207051955138e-19 1.4427081612958e-35 0.195220916136802
1.837301820246e-64 1.28990136134897e-25 1.50694565799078e-41
1.73468236263179e-156 4.17972309785134e-35 1.570857147962e-139
2.99735799719941e-41 3.05973984272616e-112 0.152523589727881
6.93604847390417e-131 9.2358648703378e-93 2.1827428374072e-52
7.45790565494573e-205 5.09719725725351e-85 6.47849869240751e-133
0.918878717352083 0.965443547868238 0.773681225133418
0.746216285720514 0.581800648119208 0.240899359609666
0.78621587083956 0.529146523389598 0.0773682697312497
0.258972821851508 0.242993106066713 0.969661878055653
0.702800036301846 0.7035100848858 0.960170408851224
0.437293072179998 0.371569574481355 0.626384881339145
0.0916255922111542 0.0529680768767901 0.275146151736542
3.64703892108531e-05 4.51318826284614e-05 0.437371619841548
0.00164021106469152 0.0013459471441209 0.920345521617153
0.134756499135882 0.0610044619691959 0.104438206670813
0.900088363763839 0.882653600940363 0.133462298686786
0.811155199412045 0.385141067572982 0.00170351653218562
1.1953156041353e-09 5.56757311947927e-09 0.0403312836797968
2.70577027676645e-11 6.02816143158835e-12 0.820114998037839
1.77221244015402e-08 2.22028537562518e-07 0.0024511454323936
5.43859266457993e-33 1.78510106967509e-34 0.941712253179063
1.74663114710926e-44 9.67380055216693e-44 0.0232637068394345
1.03244826638952e-29 2.65122111675754e-29 0.0585941360779916
0.299131119828397 0.284899857172923 0.980175213733405
0.245668602110231 0.958921339963018 5.37978314640537e-09
0.0303292803954442 0.959789623212552 1.09565935617934e-27
4.53119303885109e-122 2.72082448084568e-125 0.194591977607338
8.19080991755462e-119 1.02242275704094e-114 9.23353988899165e-07
2.62777154984604e-150 6.28577689526211e-132 2.59923699515194e-30
3.49703987487605e-296 3.06788463988692e-315 0.408327989141034
4.25252485282423e-265 7.60123131962775e-270 0.00280529988442096
1.33021708505341e-272 2.33607135376244e-273 1.80735540950051e-05
0.645544741745032 0.224226181381776 0.13780882430769
0.112551444269795 0.0603639045430994 0.872642189289684
0.426089248802192 0.187703937386909 0.395688529322404
0.0995950620258723 0.0329074235774412 0.596848917533773
0.0506181410767675 0.047917149858184 0.611706004797682
0.0994712186044508 0.123330526416778 0.494483864075761
0.0835189935278746 0.0516430423372311 0.972451025262539
1.42803355774344e-05 7.17148481823571e-05 0.0499261822844077
0.00172913892456123 0.0074467797404963 0.0595116965026605
0.32912974399349 0.634145698306301 0.202017375967413
0.334412145297691 0.71787074561082 0.00271606931479584
0.00253667896974591 0.820230104351663 2.099765306798e-11
9.55546670167851e-09 2.48178658879252e-11 0.75604347462157
3.67683063329928e-13 7.47954871954683e-12 0.00341329857940354
4.01509907032287e-15 1.16670605153038e-10 5.00500470668729e-07
5.32963938542737e-25 1.22457811153683e-27 0.0896201629175897
4.39970097660579e-32 4.96194882228619e-30 2.5536532779948e-05
4.21728603316089e-31 1.31696744065755e-25 1.82262009298353e-08
0.898733652841506 0.88037398467019 0.990150431026859
1.34957767627013e-06 0.166679801879344 1.80335481687915e-44
4.40825074735106e-30 0.35043302086227 7.18795116306621e-152
1.32606706189522e-99 9.66732151946807e-138 0.0610111625535309
3.15645201119229e-153 6.14564238183512e-121 6.08563194065143e-42
6.57890806662606e-162 5.18969535030483e-88 2.03437544298039e-124
1.02203419824459e-206 1.20622982574672e-272 0.570259217894765
4.35563893424079e-283 1.32110375192578e-292 1.10288255013343e-21
1.98766060004766e-299 4.17031397746975e-247 5.06865805707393e-78
