TOT AFR EUR
0.779160187158524 0.432969982562127 0.302478652331552
0.139066245523659 0.0582046130882491 0.591698200242203
0.169295464360506 0.531857233279729 0.0671737259154434
0.693002282224026 0.327126148451087 0.257302542829606
0.273081457319476 0.347034748112023 0.565034215809779
0.350563148229064 0.432145760813423 0.581112185047089
0.94162670401738 0.506053098357772 0.260066966067494
0.214575942113599 0.421883888819462 0.210982890446203
0.559981686822261 0.219021496960562 0.298125009215301
0.866140134879274 0.969384303271031 0.633170343650642
0.0209461724449832 0.0417566574147895 0.31675804111475
0.0356442661294307 0.17699172575421 0.0612980562647637
0.27334965307094 0.503783926445397 0.261082749309134
0.603634467432733 0.522246429750856 0.0122105897967807
0.35247136965309 0.681297330827469 0.207316059439028
0.00184734520128503 0.0029124339860437 0.381990591805972
0.0196231289008253 0.00661550209936418 0.819043274655776
0.124919221935484 0.140871700004435 0.581625717814674
0.643017839508148 0.869641114007867 0.148783946563027
0.89490794301476 0.647364588359142 0.227677430419027
0.280802840110302 0.569927425465872 0.000646352681717578
0.0492497927537103 0.00702232235308372 0.285430580076711
6.17526975360561e-09 7.19421279418256e-07 0.00106069414583862
2.4808265505572e-10 1.48575766076313e-05 1.61736480018527e-08
3.15982205704011e-18 8.8966316763816e-22 0.772333383179808
4.05728063242577e-10 1.34023312572119e-10 0.162776355200371
1.56254398110008e-25 2.04927919053336e-20 4.67535660771556e-07
0.333668499814534 0.0586137336479511 0.728047645626962
0.987203718217304 0.650167496053561 0.702338906759301
0.0252044730377231 0.351750311086155 0.0303041301292498
0.533491787841798 0.491284896829199 0.788980373712181
0.916506090825113 0.915984040729582 0.959911390157461
0.0606475684030244 0.921736452100848 0.0136810511409358
0.160396730122063 0.798542992948459 0.0880902749739172
0.646016270634592 0.440977351114803 0.950726483435841
0.414960646643604 0.0571640173506152 0.00690956940157031
0.117251033647118 0.608597689823359 0.103008090220658
0.0178907561234818 0.604735547457396 0.000306727938482486
0.148304674046799 0.166011220157786 0.00172628077198121
0.578279344974305 0.272847644793304 0.85010036213319
0.158109172119906 0.668085615120856 0.131465111993482
0.00641521526150839 0.32527615903123 0.00654185817689191
0.0790333093220893 0.351051264751314 0.134741841616727
0.00147024355240052 0.00990538459874147 0.0351073905602581
0.00790826782074743 0.126682038698222 0.0300030464755022
0.656547565809932 0.231910164754933 0.700820294224997
0.000108590700434493 0.535057209368235 3.24207817169094e-06
1.18700916409091e-08 0.855566501102913 3.32150821186825e-14
0.00604488995452401 0.000958978657573003 0.459301694943585
1.38010539764747e-07 1.60270304443886e-05 0.000610017523999868
7.99199291509932e-17 0.00334507002977211 9.88321750551317e-17
0.00192858248280215 3.63697223358424e-11 0.18444728561693
4.38189260816466e-16 2.63922517868581e-11 2.75903849858057e-07
2.29550743157735e-23 3.12993893340919e-10 1.53958554304117e-14
0.186791728098828 0.200495161937365 0.671987906135369
0.303585618197692 0.372901928792044 0.360752220753915
0.246967636383477 0.194678098971791 0.467178106807085
0.109849177129715 0.133564531813823 0.639100942379067
0.973201205332754 0.772677501466092 0.0800725533005959
0.948740469066182 0.944785865583348 0.440769083277515
0.06572765559595 0.0297467709387956 0.121930888507072
0.241467331325386 0.251837232419121 0.771031366601644
0.200750099127674 0.195422898741724 0.932494089263397
0.583323959862179 0.820718548795289 0.109485234512968
0.0703914185829856 0.118479034237759 0.0613720400774695
0.458216494831971 0.417623806645917 0.818802709322699
0.154459267746669 0.0894628217649731 0.286366918021431
0.0271109647806639 0.0272191352046311 0.827312760260835
0.00429168093083762 0.00509664491459316 0.495044684136552
0.00194101727380765 0.00231070329241295 0.560038620855103
0.033057817678077 0.0441973963039281 0.425304158847908
1.26061435030395e-05 5.65362769897858e-05 0.0305915695270803
0.0447984222213977 0.0552920785965164 0.300011728756923
0.0938619142721871 0.176569395401833 0.0835904143058421
0.894964668271627 0.204734653785972 8.09438701220667e-09
2.67093068410817e-11 1.29385723048485e-11 0.779793070558989
4.26264183612834e-16 1.92476300948035e-16 0.559132395433484
1.08210609072891e-16 2.7234339608072e-13 2.45583889134421e-08
1.2944263217424e-24 3.40329318762938e-25 0.533644510406161
2.06436807994321e-23 4.45564639003183e-23 0.107648995852576
1.63248243737159e-30 8.82272908683044e-29 0.00105626329410951
0.0154142692176462 0.0271358900771958 0.301953864579012
0.646221206255134 0.267985983223287 0.19560227438887
0.0486063980779946 0.17422726547458 0.071154594823908
0.0523598162242839 0.0349110264396629 0.896773148801267
0.180335718928346 0.280339372270808 0.359816610649763
0.265034884087151 0.17808875600768 0.879262495328416
0.327541853781473 0.217762520062004 0.786840051563174
0.460705942302457 0.370639542036692 0.894079822350867
0.701487800154664 0.911364208687193 0.26400998199809
0.645376269074136 0.862364807871396 0.420440993483203
0.863523485026213 0.576243914833007 0.427503344616874
0.397828633175892 0.174948810758891 0.407089912682304
0.0153045032572661 0.00322722892705147 0.764615973579716
0.0508653670352123 0.011579079213256 0.53436531833734
0.0554805108538201 0.515119627493252 0.000960598114541896
1.55933735742228e-06 6.64117416716316e-06 0.0418968159427601
0.000125713378382961 0.00053011821873687 0.0827310390208324
5.475520289627e-09 1.58350407424818e-07 0.00324506699986141
0.216707863458584 0.191330523098872 0.827439344044839
0.00989242071735797 0.774187369949502 9.85100687158847e-08
8.47330174287247e-05 0.73977640421879 2.95324420373295e-20
3.40221595348928e-11 1.10892735080914e-14 0.742881882192213
1.11328436409941e-17 3.16969760947306e-14 5.01984598693625e-06
4.57143164929328e-20 2.3720785792205e-11 1.79972165079067e-13
1.11670306034436e-20 2.2579632019777e-25 0.960619471574364
1.102723872874e-31 1.57192231845179e-31 3.90323361186239e-05
2.82944983346743e-24 2.37802883826428e-20 1.13057361111571e-07
0.933630637005953 0.893102116406689 0.935627171875243
0.602044403356104 0.485563701148262 0.819149475286059
0.491868531130261 0.579609789870795 0.663394110507422
0.149875554134176 0.337800475633528 0.159729430608282
0.511513042259466 0.387878436742633 0.791215512896828
0.70362208667424 0.927064610195269 0.515888512948462
0.150308499074919 0.0374213543125958 0.353774203448811
0.119891547877449 0.0950695753729018 0.891521011822275
0.318682352789206 0.52460412394273 0.311512837679813
0.488628164634274 0.624365019298973 0.569391147618189
0.396856181760566 0.756612529873111 0.185566868746309
0.399726612758107 0.694497436048036 0.00782277627522991
0.00237686775969102 0.00514614022485252 0.22067498316957
6.69254760175525e-05 0.0021065360676791 0.00435213219176642
0.0322251112224745 0.0551074041718485 0.329814543462426
9.77273300247265e-07 2.99633905712824e-08 0.946851676574355
2.80086209994151e-05 1.59629446242877e-06 0.807694120064949
0.00102064985380048 0.00544851699890021 0.0663285468817874
0.475870540700214 0.211402811144387 0.396888907139123
0.00518644794513566 0.340235188080488 6.21020239149503e-06
1.31636621643579e-07 0.449704734418899 1.38361629194094e-24
1.57291580769535e-12 8.47725452513485e-16 0.854450781855427
9.21779293572724e-21 5.61158394148865e-17 1.73086108545729e-05
2.92531967086768e-35 2.13804881433563e-19 8.64428581797274e-21
1.17212781656082e-35 1.31659405759603e-46 0.512018857319486
1.77849994353884e-51 8.45136782341582e-52 0.000412672738615853
5.58243687744793e-63 8.53051142124037e-54 1.03825912572276e-12
0.876542073480207 0.679111269595871 0.574541058008263
0.577410678955744 0.640871096893093 0.738981769197241
0.0296023316168626 0.15861301069521 0.0916328494763361
0.724242420834692 0.995340824944591 0.630144321926143
0.0679204938064333 0.30427846578956 0.126233832871614
0.55921416812871 0.75504817991018 0.605957118202744
0.349063638828431 0.0136398961523349 0.368140387450418
0.258215185685758 0.168788600037626 0.754374703581254
0.4185778864095 0.54015201529362 0.586800135809914
0.954228384253134 0.363183573729836 0.373472122465666
0.0352450834497733 0.483435820218141 0.0255846732523824
2.30357032275916e-05 0.349154802876838 1.21869303168055e-06
0.836306821899775 0.245681746348271 0.190928094826819
0.000227206616354926 0.0701758858474934 0.000716911216509022
0.00165078480604814 0.125624215795961 0.0039698791762175
0.0101718659538465 8.05379341703506e-06 0.670778078821247
0.000251190479908519 5.99832962576054e-05 0.135342509278185
1.19069795499351e-09 1.56324020103227e-06 7.82463282600191e-05
0.252348312595826 0.115189591861298 0.860917529303736
9.01341649019286e-16 0.777472033941877 6.4748135386055e-27
6.42573205837544e-38 0.789513513130404 1.32317070531221e-68
2.62247124933176e-06 1.85133687511953e-13 0.977624327535663
7.3546541185793e-47 4.86510159786969e-21 9.20333195141867e-30
1.01849183651947e-80 6.29521800994304e-18 8.15953679243794e-74
2.11960182415701e-13 2.95178520412257e-42 0.107307473616834
1.46027661372584e-61 8.25710705507836e-44 2.60943326356841e-25
4.65066935244876e-102 1.36040544789059e-50 1.15563876093948e-59
0.56279414824061 0.542229236597377 0.93839949097999
0.301211603949331 0.350344014739674 0.507906071781859
0.442088146136734 0.459933532265527 0.805674489750458
0.822909984921327 0.797480752351551 0.898740611679897
0.362014414558889 0.725024168044463 0.00495834386980944
0.0109583429806369 0.01496319772746 0.361870277071729
0.600752215348187 0.405126882059236 0.128063572976356
0.0130917735951931 0.00750043367007788 0.455969381124292
0.019780508472126 0.0170637234050632 0.986566765695385
0.495613342327545 0.434328348625139 0.651424920287061
0.614529552919026 0.380385195861808 0.0614748418950084
0.0587934479505896 0.189993651605163 0.00108512561790015
0.0029400265215292 0.000421713273411227 0.0309133091722378
5.51594425477853e-11 4.51961482397727e-10 0.0252460445093163
1.24863728965652e-11 2.73771078746488e-10 0.00107885114628325
3.68775086768042e-15 1.88255329439426e-15 0.55808033523294
8.06464574893096e-15 1.38632577013868e-15 0.903116628681759
6.30621224739833e-19 2.03713387220482e-19 0.576594867458009
0.863529659890946 0.895202012206406 0.106908827861685
0.413288371302125 0.799067855554465 0.00357424460385511
0.0428890235635777 0.607879918293607 3.29802397020385e-16
3.34935171688062e-58 3.36214568730185e-62 0.555675453746088
1.59594739878076e-66 9.43456711078647e-65 0.000286493170722606
6.1469695518737e-66 2.99338185002711e-59 1.12910082707642e-12
5.00976422359704e-136 7.22662083412511e-144 0.781983209540924
9.11865717850228e-161 8.85375261699443e-161 0.000867414394220828
2.83836002667122e-159 1.30934775142594e-153 3.28003637533731e-11
0.0592308193515763 0.111552486874242 0.268969345919338
0.146602340387095 0.0683150729592475 0.692951090260184
0.677191586712072 0.195638761702502 0.0890762364770973
0.801846137892936 0.765678405417909 0.233018383341334
0.653904512868477 0.978164999625648 0.239797850100188
0.714727735773419 0.907049129832061 0.232573985816663
0.0114895123136664 0.00160570523067458 0.528061455444789
0.310595257290236 0.198969416513985 0.769291209077962
0.00759476504714479 0.136878622132181 0.00104932157146688
0.535845303585753 0.523132302393049 0.889489113274965
0.543367058076316 0.31219291674901 0.000363133285012155
0.0680980460925208 0.456016653266557 1.87545940625481e-08
1.06061333090621e-05 7.91543551050231e-06 0.264883159740781
3.1868811656476e-05 4.66561456851511e-05 0.173992000623842
1.93120857277032e-12 1.59272191065284e-07 8.3411136706578e-09
9.77216404238377e-16 3.17000921638576e-20 0.803491417966644
5.31830400092407e-17 7.63644721220087e-18 0.0652918538208317
1.08482899659594e-14 4.83104575863047e-13 0.000728634854704455
0.382315415134329 0.656215157647228 0.237809313227793
0.00728294842411444 0.463833023144422 8.58713872614057e-17
1.60536936273614e-14 0.834469400078381 1.80097427954171e-77
2.26790553020554e-45 5.95135386687548e-57 0.495897699741282
1.65824622602596e-73 2.70233741520947e-60 5.38530521430211e-19
7.04245454417114e-103 2.86882406352204e-64 3.24300448056628e-60
2.18453129832756e-108 3.93710814919577e-138 0.714999107047194
1.48492678941253e-135 5.55830354898015e-133 1.24634802900586e-14
2.08885481736248e-128 3.72848705215665e-111 3.79138836579661e-29
0.906002809555055 0.954542829849986 0.880258409184055
0.183017510798468 0.180246793072557 0.75160082167051
0.903069910080043 0.436386062972423 0.0650757039449094
0.424024074236147 0.250061884082162 0.599009403817282
0.864542310682739 0.637189821913147 0.176707362018302
0.574571702389529 0.521230483946939 0.00845784131414415
0.534444629503374 0.624501263095013 0.679919185235669
0.144075667935134 0.0899798067159601 0.908361993903967
0.0408054713305543 0.065977175050745 0.376111339093418
0.191761401856752 0.257577084736673 0.514142648228701
0.058765982591926 0.689427996817106 0.000511768066281798
0.0958102503936946 0.999312600171738 0.000125936787948003
0.000186990659735679 0.000114751654223069 0.496242166717018
2.35353684733575e-05 7.04919853312891e-06 0.641011857871289
0.00711760545296268 0.0489109319745002 0.0340572132171113
4.97358877717412e-08 1.41691471900325e-11 0.210743436355968
2.52249989888338e-12 4.40973067310206e-11 0.0104765674768569
7.6492425623302e-09 4.37211144564992e-07 0.00529856447325061
0.347917585014232 0.673513798209133 0.212757645736712
0.297285735336706 0.0436256888281212 9.63700881397172e-11
5.20821181532761e-06 0.409592870485547 4.25172038446685e-33
5.43940809876425e-25 2.07962616446184e-31 0.879860322562121
1.78394415312985e-35 2.74068744183533e-30 3.55806722448568e-07
7.02795210691268e-57 1.21934561829203e-31 6.88874389712483e-34
1.32436395123489e-88 5.00929640970598e-111 0.873180434116082
5.38003617561685e-123 1.89975780442065e-110 1.07509388811772e-16
4.59643750596016e-124 6.17173075492846e-94 1.30474031201646e-33
0.511464244195753 0.557419701661751 0.706075606793074
0.134440915943391 0.360259294211492 0.22415776922192
0.038079292381055 0.143370396914686 0.128164845433675
0.0114567392540286 0.360444010216541 0.00969110161760852
0.0111818428714071 0.227177344552489 0.0183272254163012
0.945126361077841 0.313193576948791 0.438346591209501
0.134601007742775 0.0677244276994956 0.6485702649012
0.63586076742713 0.364565571666164 0.885689313069079
0.0155375982679597 0.0492535634631834 0.124456129334773
0.95368996084322 0.231072715935233 0.338442948207935
0.00580243313169449 0.411821888819104 0.00300801156424933
4.33067841803241e-10 0.26042004917589 1.65289905028587e-13
0.00639850920854287 0.00105509158079256 0.390105003018419
3.95093186124015e-06 0.0128020824950058 5.13454170901783e-05
1.55607675590326e-12 0.0267891079479351 5.22212657375078e-14
0.000771701614911039 4.85793386530931e-06 0.559864287607359
1.12901703374433e-17 5.66878196641035e-17 1.78648755681793e-05
4.79232571931392e-27 2.89880879529828e-12 6.35312616371292e-17
0.295333936633596 0.868958652567194 0.212168710408646
1.33551439298124e-30 0.935427426820949 3.80502751974585e-52
1.06459671180631e-75 0.271941990454429 3.13762375622772e-146
6.58251883144457e-13 1.42045245496027e-36 0.200849654396034
5.86488941340469e-69 1.21471218701038e-33 3.32180626378972e-39
2.2001248110117e-140 6.54596447723977e-25 3.66134672307616e-141
6.75497775768316e-47 8.61766475114014e-110 0.787939915767164
1.01715853944508e-138 1.38938023314259e-118 2.25411436566261e-45
6.87003857340807e-202 6.82740253489162e-83 9.38981012686637e-131
0.415387710411639 0.501173363096014 0.420588915130398
0.769785616702544 0.927804000601335 0.300122530202214
0.751085809293197 0.907583440940623 0.0284742248813493
0.0401652153964493 0.0270075274461463 0.613242606433359
0.553857902765183 0.458515195621149 0.49497837587635
0.640075909168419 0.54728043307889 0.530503364707256
0.00216619299658793 0.000926911567551788 0.368669341760288
0.117118473313617 0.142368089751932 0.445719064356147
0.00302820956213376 0.00400021426976326 0.412244281369987
0.388504465753208 0.440799383249605 0.565851100817812
0.0660012120157893 0.0794144425358602 0.515694956454694
0.369171474229586 0.720749161242792 0.00635183111870044
7.22627545347264e-10 1.04182771733002e-10 0.468342582796008
3.10001561975465e-10 1.08658639856087e-09 0.0773711430969543
3.96186865239255e-13 1.24352883393365e-11 0.000512991889625638
1.41116253627485e-30 1.19957724746057e-33 0.171426557132537
6.7332807675231e-37 9.96467414254358e-38 0.410461026762874
4.95761990833083e-39 7.60658804244312e-38 0.0104387726435363
0.777259129361917 0.945133930271624 0.236372168334493
0.398520478959995 0.462762381430578 2.43263386318604e-15
0.140553347521738 0.393546839929501 2.1130248389157e-32
3.62289825705316e-110 1.28157804302816e-117 0.355307249989811
7.00565263011083e-121 6.53580051119487e-121 0.00162064481270435
5.01936705387439e-150 1.26680960072261e-131 1.16456537162668e-33
4.83263680621637e-286 1.44016451017372e-301 0.814305427424565
1.57145030530768e-265 3.4114039519147e-267 0.000180658763613139
1.21666171979868e-313 1.82460361030201e-301 4.47846588447231e-18
0.212424342798638 0.331878972754204 0.353403121533922
0.349441613767217 0.404443702272242 0.630623886593114
0.221530202791016 0.15607320155142 0.930948396369858
0.250073758112411 0.245452241703659 0.763652209868506
0.753035160517504 0.367965549772778 0.266910027824734
0.246986779758256 0.450391028668838 0.238188808758209
0.027742630735174 0.00628578861895588 0.626292335587804
0.347998161353047 0.0651844606293661 0.102646224624239
0.00166915794873039 0.0012060220533446 0.474920427373656
0.111097713311378 0.0661294635263826 0.948123240665956
0.349599999231541 0.469794371454572 0.000232989034103748
7.51855335492466e-07 0.0284703984159589 1.10275260128758e-12
2.87262583986868e-10 5.07179145381054e-13 0.896086404034068
3.09407141547507e-06 3.08026181395443e-07 0.749420520618369
7.16949484106444e-22 1.43076863163724e-12 1.01656031722951e-14
4.61070089700639e-19 2.37943622339103e-25 0.596688846569391
2.01342203419767e-30 2.99246245966482e-35 0.188654697109511
2.45482906134689e-49 3.41666288250355e-42 2.21978105406274e-11
0.138757764767548 0.0955142251191313 0.990868933383617
2.31853814568198e-06 0.231436360978101 9.22345680372501e-44
1.4065033275798e-35 0.256187541581936 8.46383033265249e-158
5.6043042158284e-80 2.08224676610946e-107 0.442768390569197
8.41985025792025e-147 1.43428963740221e-129 9.29509689298763e-28
6.23762985897774e-164 7.11232719807096e-96 1.62110287170247e-107
1.69634989964928e-219 1.49136793943052e-286 0.724395824407977
1.125956494845e-259 1.09105229018901e-264 1.0722418836009e-20
7.90505033345994e-323 1.32797355391367e-267 3.61565232557378e-82
