TOT AFR EUR
0.807331928988928 0.790756944792913 0.989831833897387
0.409360219171767 0.696282964029569 0.296630633527845
0.771859541896041 0.703059723944989 0.129506706926491
0.0509552253517969 0.123578942907018 0.16755827313889
0.517275202063193 0.946994130659449 0.147327506167234
0.0201794164707775 0.0966308448529458 0.0526561437912756
0.892832331020616 0.77540156072697 0.756238914693668
0.280787662886156 0.115454261881304 0.471296370365844
0.834551804189534 0.262011377979107 0.0831959895725824
0.0951590990799527 0.0843156726866988 0.755622120570216
0.030982923643793 0.0345210563568888 0.556582998361665
0.0897004816206049 0.0223792347031722 0.329742016845575
0.403262402136798 0.436442269330432 0.783961799527653
0.246489588148937 0.137245878785483 0.741141573635443
0.365538972802604 0.223461841582142 0.648240387119461
0.435641787040779 0.0456756112269506 0.0455002970458046
0.0475375512765811 0.0479045702516122 0.652575288469038
0.0171717722246382 0.0124700068951826 0.696320477919313
0.0902645974831321 0.0405813585860782 0.830244486288585
0.929805626442613 0.38910543281192 0.0650474190751242
0.0594145248750661 0.916192322681742 1.14287115064268e-06
0.000846222420373696 0.000279946988092557 0.847127322007698
1.50563616237391e-06 2.02000709617197e-05 0.0244340256281488
6.06120698195853e-06 0.00158053561177056 1.6493763652901e-05
8.46203447535309e-11 1.91107737750972e-16 0.088977408698838
5.37490757608332e-16 1.04751845170863e-10 9.78754166888795e-06
3.16053789446513e-10 4.96983961489917e-08 0.000446617935538074
0.683783466886816 0.506931746823115 0.969490343817573
0.886003395842035 0.653323018134618 0.841891882514482
0.240490728607552 0.720604908614 0.215081636601773
0.612819034317998 0.542494983208427 0.863292209183732
0.627132618502934 0.786078720718402 0.68349111060722
0.128778601391771 0.267097077834304 0.286511845069798
0.876434746628548 0.982409288995524 0.846433962343541
0.958540986139788 0.967008040126067 0.917338669262941
0.783385152641095 0.205682049776475 0.512080621356897
0.264095428089677 0.836059643209488 0.19440696875991
0.485744920472461 0.958547418687858 0.32508077097592
0.0420485940078684 0.584073933731944 0.000716123703071703
0.0188618769850328 0.1771525174893 0.0460903002083934
0.0393881602645555 0.005414770114622 0.730938324836293
0.953587269332313 0.899668443217429 0.854499501345858
0.521843439845919 0.32665162159462 0.962445114455028
4.93099666008261e-07 0.000285601237336725 0.000311607005350412
0.302221714315162 0.688760352909057 0.290212561095951
0.746521999597782 0.504194794069073 0.287727111533116
2.50211507408722e-06 0.748264637404414 3.83322629551641e-09
4.81073263788699e-05 0.179239150160577 6.57308644279946e-11
0.0138591026385668 6.61738416799231e-05 0.919587888910725
2.5560276042974e-07 0.00509369089592624 1.05726706605514e-05
1.60224658394251e-08 0.0315019502827109 5.06960628320586e-09
4.76850241823056e-07 6.23311729994051e-13 0.788590798061806
1.31938898404205e-15 1.50671643022921e-11 1.38154571353283e-07
4.86036640509399e-19 1.50017400348606e-09 3.96729300043851e-11
0.45904606517563 0.738547539844755 0.058570163506823
0.0639169063322287 0.0717897996621792 0.546327173333397
0.190796772211507 0.354622640092721 0.0133989114997512
0.761346488299467 0.897251086720235 0.361097203191924
0.699934809957206 0.715183069267716 0.882311226482421
0.787332543482877 0.920383380935146 0.436525524626531
0.391998613002273 0.511505433070534 0.0789175968894998
0.348451230497519 0.168267762528799 0.111170086452349
0.693406161255749 0.736798367841543 0.750405972501652
0.28596050987831 0.218025375856398 0.49000455165354
0.289089175517269 0.205577577030468 0.320433047842155
0.755870532523261 0.469115424388439 0.0259161225661532
0.00243349888419129 0.00357320780732111 0.20501657176942
0.808152455288264 0.691512583700754 0.453348301430959
0.00619221227631445 0.00345625306440201 0.593150122177053
5.16874691065897e-05 5.94736170191367e-05 0.404899515474119
0.0112624515276576 0.00919933749156172 0.972894387250796
0.014468967513902 0.0136134834475791 0.833052296590505
0.866515995014758 0.841728134072893 0.885072120887645
0.572703129485721 0.906677627518228 0.0239995130070795
0.6017441281369 0.797954064210216 0.0780279212187791
5.26273306809463e-10 2.13228110820057e-11 0.0665818695470185
1.04113091266668e-15 1.17473268298618e-14 0.0237235815015835
2.42246337749802e-14 2.58552722830003e-12 0.00013998784096948
2.85578356297956e-37 1.78376640701116e-37 0.0943343826452582
9.91151487694133e-31 2.55032549850839e-30 0.067466970284161
2.23712401216576e-28 1.08656801677084e-26 0.00433023452752804
0.11406797680259 0.273461689975295 0.136834661360842
0.0632932966558212 0.0483281031309717 0.784468195023175
0.790527492810048 0.0605907015208591 0.00230740980074639
0.851020224656642 0.694636047693959 0.708799025183116
0.605714175841317 0.618332334005198 0.864629839759789
0.228420989097493 0.481699869850451 0.215500837466961
0.000547268610561427 0.00017616244869078 0.733039997875521
0.872885597315817 0.99534369491126 0.724745726660132
0.0213175123414796 0.0139870181542812 0.738611951286591
0.528558273502564 0.633519399070195 0.628816042067317
0.372230598032844 0.72863645541807 0.126873894053205
0.188975178006803 0.894374967743914 0.000891097026865823
0.00322705641528749 0.00187878772635587 0.612106595447129
0.0095289847357398 0.0258299167106044 0.143221012729788
1.89348064501281e-05 4.83332254605845e-05 0.0776969812115923
4.74370772071455e-08 4.07702790504708e-09 0.354912110753137
1.77730829077697e-05 5.81219585240584e-06 0.489633927335945
0.00139030748458717 0.00731477747658998 0.0233784952029201
0.913062800975402 0.524024901976264 0.31220606802126
0.0104912141800034 0.339110260369749 1.02769943389147e-05
5.12079997850911e-05 0.469969808991963 1.18983233828297e-16
3.65968280771897e-11 1.04169935137501e-13 0.798690063127052
4.33199839061484e-11 7.14642719809113e-13 0.416536193464274
3.60883308120426e-19 1.49546920678529e-12 6.41221794919188e-10
1.23907918152006e-18 4.59735387604042e-26 0.335504808245738
4.86892932773557e-28 8.84773573009127e-31 0.0593347736010746
3.30459743799962e-30 9.92289389894136e-25 8.91963137800936e-09
0.0631657391981325 0.0254777575927755 0.737666768319198
0.870774493919768 0.975664409929048 0.656430554843149
0.30606538396215 0.113693429424036 0.39530643031645
0.255098008478827 0.185781907798454 0.924033746477402
0.101923647694754 0.0784040892500041 0.87680138721216
0.922370398967442 0.596869327624335 0.170224235678626
0.214009456692904 0.145022659412841 0.900071027201798
0.294014173212763 0.523132307398945 0.303539930935177
0.283396471736028 0.267885688731241 0.83478518410474
0.544534726467808 0.847049395972509 0.0618294713507483
0.296254276707537 0.851851642808714 0.0634883191666952
0.419496982574573 0.179644554406424 0.388043775278951
0.0563879842260684 0.0431948309493403 0.809438583987802
0.0334016584095799 0.0101357828823666 0.720666629631791
7.28547335604706e-05 0.000478281368006453 0.0523861376700174
9.08930802297995e-05 2.044796202589e-05 0.777526670240684
8.01626348324261e-07 2.94038412561552e-06 0.0761380595094893
2.15900280318695e-06 1.48605513563931e-05 0.0544434296918958
0.360558523097743 0.555101832133299 0.384055575386965
0.247242799024644 0.269014259426982 1.43843163905963e-06
0.00349062702449824 0.0930227363331838 5.06442371837118e-24
9.36803691057586e-14 2.15782168499264e-16 0.857516717205415
2.96083893975436e-12 2.01104243199672e-11 0.0225661285719418
3.11238725629039e-33 4.07881838899046e-19 5.50544243440166e-21
4.73091372568175e-51 5.47191521520293e-62 0.529040759798182
7.53826595789202e-56 1.4315531784511e-54 1.403579991398e-05
4.10277652559814e-67 3.42430228873172e-52 7.99214660063936e-18
0.277786932771659 0.144253390151129 0.841691293537363
0.873677405085021 0.990551270607834 0.837250805254866
0.640003090384409 0.114640988459224 0.47355570725065
0.0986769849286176 0.0897571900300074 0.464742925406274
0.848592216534712 0.15436822523502 0.337642817482457
0.0229643310711789 0.662948582381719 0.00728290140970401
0.941651356357981 0.719570660073573 0.824235627199587
0.971294580377815 0.481873189735871 0.489731877467168
0.399973503567772 0.169820304762281 0.947302981130255
0.624855319429193 0.400297462068835 0.951009145529047
0.38868452462701 0.492626820951862 0.0840460005978224
6.10499451882142e-06 0.588679378488946 2.00589804080966e-08
0.0477633868071981 0.00128857304637514 0.900126451589463
0.000304449910171445 0.0164756002817218 0.00593584548004361
4.3913782576772e-07 0.167400546342066 4.69910569608077e-08
0.0211485256871254 0.0151717197407352 0.319089024622985
1.52162883385749e-07 0.000162830176870983 0.000130700199494623
2.06878636521444e-08 0.000607186113731106 7.21421265853549e-06
0.310796142965292 0.499703988077947 0.434496455732688
1.02166723532405e-14 0.197053868518331 3.80522924600743e-20
4.10266563333547e-38 0.0251397230364344 1.23211250815144e-83
7.5091238118069e-12 7.14786010465995e-31 0.501050758458172
8.428947313056e-32 3.20340931770797e-17 7.30147533440439e-17
1.51486311894514e-84 1.01678757685037e-22 4.77267458618647e-70
4.35985782833238e-31 1.19905844039798e-68 0.529355167354503
2.67989927127009e-49 2.02528213166621e-51 2.81852310645549e-12
1.99108733347984e-106 5.48284327480822e-52 5.82823905758586e-62
0.514461717299944 0.617543010162998 0.36349476500255
0.984487048610468 0.758380047174739 0.0938703284599055
0.14813204988486 0.0926253050208307 0.258246091123508
0.160370868162982 0.156229019573919 0.908229443769292
0.350426169109807 0.247581517953558 0.321597454729219
0.11761078243942 0.345135576356916 0.000620819071332744
0.00982446460836505 0.0108794608889838 0.592519414016018
0.0851127894777973 0.117474333807047 0.314685780859505
0.69704326005334 0.566072986022851 0.425514157385751
0.078641395893987 0.0616656327592202 0.752228068081897
0.962669917041004 0.720900966396772 0.12939976290436
0.771123526121505 0.353904311129942 0.00203891999403577
8.20391523055988e-06 7.54509167910827e-06 0.646717355651996
1.8124427446944e-06 6.63789221427866e-06 0.0488330510223554
5.52843063952262e-05 0.000106906325715741 0.207980716507922
3.98036255942725e-11 1.67066509749819e-11 0.829031847250269
1.69124245338112e-11 1.50300768123081e-12 0.350493991591884
1.89473561655496e-22 1.5170314387701e-22 0.277493586832123
0.18646116662209 0.1875036603765 0.858954368438544
0.0446663907224924 0.195520302797785 0.000133553580397712
0.321370199414184 0.433373255004636 1.2212360059318e-21
7.08899898922568e-57 4.4119068978279e-61 0.260632103841574
4.45281931086153e-67 1.17652633545086e-63 4.82731418437652e-06
2.68382692812718e-67 1.48528314349657e-59 1.54553724582171e-14
8.65877515920653e-138 5.30632527976774e-145 0.826685961330489
4.42372381042541e-139 5.50461330324706e-141 0.0151254831128157
2.17503690084735e-155 3.15446835609987e-150 5.63354074433729e-10
0.295521901854797 0.726645048542732 0.0957289295441355
0.682352265773115 0.417195895998568 0.462203086247524
0.828341047894073 0.172022589586926 0.0249038139279744
0.621393009408847 0.341446305821112 0.40300542419967
0.234924597992479 0.157449586020605 0.89685405372597
0.0336477203937056 0.0357114540004646 0.524751763641373
0.0351475202530114 0.0270281590226095 0.699863807656517
0.00488325200635036 0.0256684085905435 0.0444105100228132
0.0509997038847174 0.0493202722542006 0.606917448115608
0.581252288369936 0.345161130429224 0.512521228589319
0.246215804256431 0.471055220134295 1.61459061351721e-05
0.0312106694324626 0.668947319923558 1.46302438268731e-09
7.26746758783144e-05 3.32153363920052e-05 0.435828049796398
0.00193122364942384 0.0233840077762631 0.0137881186311758
1.64511604442492e-13 6.18705941941443e-07 1.28726935011025e-12
7.57139497973943e-10 1.20949996185985e-14 0.0985884617229404
3.77039169768893e-14 5.82791245332537e-16 0.279696703687965
1.22411266814862e-16 1.91744064145031e-13 1.38747806957607e-05
0.199147979758473 0.191440792763788 0.764436131940002
7.57465434391613e-07 0.414722062782799 2.70817805183967e-24
1.09851320161675e-09 0.180258041059173 1.61294871844181e-70
4.69209765159559e-58 9.77917583928066e-72 0.592219030201825
4.36665444708383e-66 1.66624135946834e-50 6.98557517274889e-22
1.9363704058237e-78 8.11103955010224e-47 3.12798903978136e-54
1.04751418821938e-109 1.73537125202755e-140 0.810651406992957
3.15988019871632e-143 2.09160029598606e-153 1.55325836170913e-09
1.01370724339433e-165 2.15412107678222e-136 6.21384073493365e-44
0.654915815087895 0.936736690967855 0.224951286452419
0.6630042773261 0.592951200965857 0.933388946341957
0.0557488738070561 0.133537708304781 0.19171040713596
0.104641627045643 0.42424646591153 0.0376632079779339
0.252151071078316 0.252820853669195 0.775396834452808
0.878111199387913 0.723003202489905 0.708627837308222
0.416339481272891 0.12000705258948 0.185411696021859
0.204431277682685 0.22195409721515 0.69297849681342
0.022446738828815 0.0215253675124662 0.599014166721879
0.747630777568772 0.624582562557585 0.09821355904533
0.998648754593166 0.29757192220259 0.0387971491127011
0.649430865197616 0.55704547553636 0.0259107817563189
0.00484227456840717 0.00253600894177904 0.793142877037984
2.8781528573037e-06 0.000171224811916338 0.0029663489736664
0.000352896829812475 0.00559837260045931 0.0119926789140463
1.16914104193656e-12 8.32761835386696e-13 0.0989560489347966
1.80887023156371e-10 9.56071714352601e-11 0.152073825084445
8.95406464851351e-16 2.30876092440063e-11 2.10833298982778e-06
0.342282784834841 0.441374534101747 0.530917292051314
0.000207229996542719 0.785564263960285 3.80841829959416e-15
0.000145090424193041 0.0410304523076302 2.82008743047683e-38
1.31001269310581e-25 4.43672008484181e-34 0.357737999758068
9.95024916176749e-50 3.17589379057972e-37 3.95557272159863e-14
3.33439391098179e-46 4.17278533058335e-26 4.45261675204219e-29
1.11737141430549e-81 5.38450284198809e-109 0.199613711298932
2.00098487084893e-115 6.03954529597069e-119 1.01320333990178e-06
2.48237330838897e-160 5.76475185903723e-121 6.73329231539517e-44
0.305692388011499 0.411371221395177 0.503348633559315
0.546990557891686 0.381767683634152 0.1197403514995
0.212811261316578 0.752172306114754 0.164273398061102
0.34561887120491 0.0135063275065866 0.3833504156841
0.184183239717468 0.723241184603342 0.14532092789919
0.00404672172123411 0.870012878458668 0.000221672356764085
0.449129336674537 0.102637535042861 0.0178494573524766
0.0530188145820937 0.0834191164782429 0.276781083986493
0.00174409691237384 0.00537757285483997 0.0735379048811311
0.218815588522445 0.424670289441783 0.338140809773454
0.000865775178977443 0.318711647120664 0.000300520025260889
9.68400427704002e-09 0.594793517892985 5.79753780530199e-16
0.000382277076628556 0.000872639583015688 0.0625329690025663
6.8688420311994e-06 0.000547324448832039 0.00241979607053661
7.42275473751733e-12 0.0378502935292951 1.39414676107035e-13
2.21045689045871e-05 1.36976794289205e-10 0.835204120827651
2.10774486928237e-08 8.22845507677449e-08 0.00422520430047094
2.23598434441386e-13 9.54408558319742e-07 2.53493106916245e-08
0.182384993469333 0.176263734019157 0.532015032236962
3.29271966925866e-28 0.119850218657628 1.85171251933173e-40
2.54787055378408e-88 0.652756023504361 6.49201246585055e-151
2.33602937484119e-11 3.17439926516454e-25 0.878218752472671
2.37923234721171e-77 2.54093882645474e-40 4.07294881343806e-42
2.13127065651142e-124 4.13641808490105e-21 1.00924166760848e-125
5.85313655216466e-50 1.14690627282253e-119 0.844445319731225
2.20267999302882e-137 5.24496401117997e-96 4.20997799017762e-53
4.09277017993246e-174 9.99864230783141e-85 5.17121101745184e-100
0.178513640092116 0.170645145297748 0.964532170971926
0.866210738632397 0.934494284379811 0.192261016636329
0.112927429917756 0.0926308865808888 0.790671199315324
0.0100249809531502 0.00402432668926228 0.24272496749863
0.257338937042306 0.248345227493367 0.97526617505312
0.000116173860680362 0.000340248971797992 0.0680873584983901
0.00804455261941854 0.00442977360580997 0.447319941841327
0.031622071688301 0.0263218464927142 0.928934779815651
3.99721247567965e-05 0.000150249774388092 0.0466953828056735
0.848290845109543 0.842097419959582 0.985995747616024
0.0944107699733819 0.222599236599121 0.0132656716746079
0.0120181645754792 0.0599209431633188 0.000182309697516182
2.38383324157336e-12 1.47345045892021e-11 0.0336624756105148
4.09255976263293e-08 8.53856717834214e-08 0.186193110920699
1.66746364054361e-12 6.77043804098929e-12 0.0688820367133359
8.62244071892366e-31 9.17662695003895e-33 0.657923800123748
3.01722630040119e-29 2.3015071131754e-27 0.000756245719318787
4.45945154201271e-39 7.54075923566682e-39 0.0630469500062646
0.0445183872355726 0.0615661959811866 0.366825886303541
0.104173163612192 0.504904889402852 3.85177475791002e-07
0.00111103444163035 0.369676890248531 1.65514142698316e-34
1.20962479714079e-134 5.59415280990005e-146 0.0519337222879572
2.45161083077771e-122 1.0673226540012e-119 1.71048350417858e-06
7.41550794647767e-123 1.14449247639854e-109 1.52742516750822e-26
3.30652568544002e-247 1.45124563983877e-266 0.0514898571776898
3.58635047219309e-279 1.58140141572771e-281 9.36451769132877e-05
1.97000702859131e-277 4.04560831985692e-268 2.61855548764622e-14
0.370439433532503 0.334426870041963 0.921694399204281
0.367512538576661 0.174311990085765 0.483659281513686
0.802040777319568 0.540622403048033 0.0680224983696072
0.0128141228242429 0.00491736278051804 0.974835653492543
0.0859701010845452 0.0157350572176981 0.340393443524236
0.00737445480716004 0.0151115398181529 0.208198591604462
0.0576424217667508 0.0376225405125273 0.894320472561933
0.000282888626670999 0.000743361953864884 0.11688888963147
1.07092283209283e-07 5.68925831577304e-07 0.0365946349580882
0.326493862868899 0.416201944025712 0.528273943941225
0.0385066127477098 0.926420618411199 2.66414460110034e-07
0.00122458856964751 0.946737063783454 2.46176422925131e-14
1.38158531381989e-13 4.329565564157e-16 0.550560859024859
2.05868802850384e-08 5.67326173608509e-06 0.000137031212949744
1.6978191154944e-18 1.52344725934396e-11 3.43222339344637e-11
4.47528574972583e-30 1.67005495823104e-37 0.723248370865285
1.97045037311532e-34 3.81462060716765e-31 2.96453586781185e-06
4.60507920737897e-49 5.77571875409644e-38 1.98423391066331e-14
0.85836410950679 0.688809826889586 0.684782887967671
4.02180312633093e-08 0.347737868715425 2.96173109322824e-50
3.83219730545918e-29 0.521039054795648 2.44325390930036e-144
3.56109581161442e-85 8.37006724667729e-117 0.111488949107812
1.1837573133147e-131 4.80970366798505e-117 9.9003898743199e-24
7.70049142650238e-193 1.01258437362472e-114 7.88421988620018e-119
7.47503159139643e-234 1.04430408933384e-307 0.523694979048642
7.89725581012739e-274 2.52426776230442e-274 1.23959596764046e-23
5.18653983487586e-311 7.58496791463379e-262 2.25273136501112e-75
