TOT AFR EUR
0.671592758433326 0.999843796155385 0.322345817544773
0.275050183238355 0.399900386235292 0.416034734483176
0.137094390832049 0.0550907425974081 0.62522282989338
0.0481676656962788 0.195637467139329 0.062114924394787
0.900248785222461 0.693224272245136 0.606823492993125
0.534114476754015 0.871555805211661 0.288658591800916
0.353970236272149 0.27483145904111 0.90026563030783
0.776419321065264 0.915027543467303 0.418803550015325
0.852639929294065 0.536639092533217 0.0854594307331698
0.893808615706657 0.507301701546767 0.324776558462819
0.39261043597305 0.189001066153786 0.481461041377176
0.491056835363815 0.2345032722786 0.40774792638203
0.284338337536766 0.380741980704395 0.497925372258515
0.0107399227527965 0.00734165595099134 0.819831648840048
0.033408599704573 0.062772004654298 0.302299035070678
0.135105129669813 0.130944847845993 0.748300575807391
0.0525442720703725 0.0518138183934488 0.59793223050722
0.0980405023911887 0.140670639686512 0.493862762052557
0.395706946213309 0.293027337132621 0.838358421669386
0.0779962162569535 0.535444036651644 0.00875612714187638
0.223727281506843 0.929082352461293 0.00527055444039537
7.00938256588406e-05 9.48247594637394e-06 0.875356260506881
0.232932094491346 0.120049658288315 0.624425039728771
6.70816151118713e-06 0.000398359954104197 0.00079806660297649
1.05327824206439e-09 3.20408175316617e-12 0.738581787702025
7.45805650404313e-12 8.84555179985851e-12 0.0848280119382646
5.97589826105235e-17 1.17431007698573e-14 0.00181736482547682
0.975048985580648 0.89294796270646 0.875886255434135
0.119129251107283 0.09567910263012 0.482382176661896
0.0981047711046572 0.844135129042231 0.0335909524509979
0.464484466550589 0.70119312307354 0.182498083183665
0.599580417029759 0.879455062822993 0.389358676533799
0.322344627013786 0.160899279264912 0.92111769907212
0.962905948146324 0.323123001220772 0.32610638992331
0.186605435580138 0.959838506879573 0.0900381099760728
0.999085006235491 0.418371565240811 0.465631066417358
0.576289490748785 0.41818310808862 0.134587457814807
0.630105611513807 0.104430769267734 0.430148063884884
0.0115018162733837 0.813459256837219 0.000198394207154327
0.380344970218539 0.456618868111336 0.585483892811844
0.516371408422341 0.151366971183411 0.0340688237612179
0.0014953610856985 0.0821815318807367 0.00576216992884824
0.0853662903802542 0.00509569978428999 0.935802085318106
0.199956450206233 0.0408990545973508 0.975382307704333
0.20273961346858 0.883443292174519 0.0710151210901972
0.561582612717618 0.450046781176056 0.888402396464137
6.28118518749942e-06 0.0259955872967294 4.33698222958358e-05
3.431924544024e-08 0.882347391426796 1.1590198857421e-13
0.0479191431291928 0.00367368880126611 0.870189150939556
2.07554119030484e-06 4.60294882547988e-06 0.0215548815325365
1.74566944899826e-21 2.45451030358199e-05 1.09862383561847e-18
2.9176458949936e-05 3.85192629584911e-10 0.734065528265686
1.64509018609902e-11 1.01639564670405e-08 9.50102996570247e-05
3.70467160307564e-21 1.2949019935874e-09 7.69628337754948e-14
0.115502745073136 0.113227833359252 0.887951873193383
0.452891702473176 0.523367535562674 0.512712267238331
0.473872571549747 0.703801952834237 0.0554780629362451
0.653510937785948 0.642609948155146 0.983424441012029
0.256969197742412 0.299899528444985 0.541383775074859
0.40927227449173 0.297647199163583 0.280829838759867
0.312748497304948 0.152689325772569 0.00128212291028147
0.428672071445066 0.459849074659982 0.755829910725035
0.668495612798118 0.806312419501852 0.412833651856315
0.223952109415371 0.16394105885906 0.406226002674091
0.727744139653274 0.684042529388249 0.777336218463609
0.942274735502973 0.801698715067752 0.407090640239186
0.203400944805056 0.209785629788283 0.812190764426163
0.000570543136789704 0.000295639148997876 0.576492627533958
1.36280885361946e-05 3.01953921798054e-05 0.101755692584546
0.000315670208335613 0.000201235550757791 0.852740047197582
1.63079220594775e-06 7.98083675757617e-07 0.768876805389681
2.69138663436094e-05 8.32071415661673e-05 0.149188198077036
0.109141413947732 0.0783397926085293 0.553684256712218
0.118970932069505 0.240810170094095 0.0100070322647146
0.0202522596579911 0.201189414211232 1.68929038892936e-07
6.98899601302289e-10 4.60386994122441e-11 0.233829583645761
1.31372688099578e-20 2.21225495073111e-20 0.0654107085118555
1.28626538141872e-13 4.32529665163279e-13 0.0293231284182011
2.18540614657738e-25 1.45699098426558e-24 0.0261109090929685
7.55084669107034e-35 2.62079060936644e-33 0.000336628758084882
7.46544785432798e-16 3.89790003534257e-15 0.036756445765132
0.103783346736867 0.0823894115389511 0.798766038422445
0.412472774490908 0.320675886080764 0.892973912036317
0.582013288440733 0.587347012612467 0.87392422605241
0.339633454368773 0.813827670232034 0.00852362404700999
0.337982400940404 0.23294347150277 0.835737204402837
0.969169677635279 0.987680604207279 0.951811596771172
0.285975718017343 0.797531899500993 0.0556695032094842
0.605411693724103 0.847124803795705 0.117496789542478
0.807845444965075 0.501552735206324 0.393512495881732
0.239805968190678 0.153349274497233 0.787599777603778
0.464702895098875 0.283558513771643 0.64471844053495
0.00785904377235231 0.45859592655573 4.29856341001232e-07
0.14162360853068 0.0874583295208139 0.945317447823505
0.000473828974924063 0.0032506068650819 0.022012263077921
0.00354663206693021 0.0813008456549122 0.00172579774172667
0.000139629334418173 0.0001069527673296 0.375944681455044
0.00124303043465447 0.000568591210691681 0.703010003943119
5.02863051231213e-05 0.000415076358096244 0.0172629404610987
0.248753629520549 0.150802225546526 0.778016485482771
0.0264066508749183 0.542112276646529 8.35266571283272e-05
1.71553990857251e-05 0.0727458356650416 9.30857363954839e-11
1.51184723251878e-11 2.61336541269142e-12 0.219408932580874
2.58031991829603e-16 1.30536063991023e-14 0.00104523079966912
2.47236920650484e-19 5.74634043844762e-12 1.57800979745505e-12
4.33886791508452e-24 1.77657142671345e-28 0.39851505523826
4.34087756871783e-33 3.53029890484287e-30 4.58503385826159e-06
1.66634227293246e-27 3.56125525050997e-21 8.4427470563722e-11
0.740280251324606 0.704795006810132 0.991718340446508
0.253090752312938 0.148522794491047 0.731235765008561
0.109210101856916 0.469225056088875 0.0302325491660617
0.477285961890423 0.52246331804336 0.743827585438286
0.488960675098087 0.699996119587605 0.455190742139371
0.565975511138825 0.8183250337298 0.409630139914571
0.31717191045181 0.469957867972178 0.435595028645518
0.641048413809243 0.491990627394484 0.733294738383629
0.813034400589048 0.439011835383232 0.307309163706571
0.178526012207881 0.131405750459334 0.992250784477349
0.428125780386864 0.90883244730168 0.110156120540485
0.0773210459535431 0.812375959604376 0.000714046748610558
0.031588342743235 0.0031157345326006 0.239708182124604
0.0362469026246554 0.138332234151959 0.0835157089891881
4.44037228398853e-06 0.000565842340485175 0.000688760595873772
0.0238932094921379 2.77133820552193e-05 0.000703178367386282
2.96401635087487e-05 2.36986828709195e-05 0.378471722125026
1.44546463504571e-08 3.44765300141261e-08 0.0751596782950486
0.731066534609996 0.810952221229254 0.775773567991091
0.0185937629933865 0.736817034563992 1.97741678811746e-06
4.21503732613149e-07 0.25477392714896 9.05538904692665e-20
1.87587570403757e-13 2.42259406398186e-16 0.950622759144968
2.01984910084266e-17 1.1316959056823e-14 0.000283645636143443
5.47581574583012e-23 1.00273845887072e-18 4.5332500213684e-06
4.96567869631846e-52 1.43823639594766e-62 0.531223746578382
7.55160931960402e-54 2.10685517234189e-55 0.00100597818980895
1.32923041299363e-64 2.24589684647128e-49 3.3089906791941e-18
0.902050661889662 0.543603114000887 0.716511190623671
0.485252411788315 0.3289772026943 0.925031269837392
0.0595678037867774 0.429805956552871 0.0658440330678023
0.946236785310293 0.772171190885968 0.87987030869684
0.901998183637006 0.229130079422848 0.242004715757653
0.0149952240472319 0.0923336714222728 0.0658260286093079
0.424600266887118 0.435277622845762 0.690582713756434
0.812339824974455 0.356325193423167 0.652632394111504
0.00216710704512379 0.0543788512572662 0.012512971275288
0.780329103282133 0.883184611021311 0.617962518340945
0.00577149680949127 0.902782745426768 0.000147615893997715
0.000984120352148291 0.540670760323517 6.7315153962915e-07
0.0318540072224212 0.00131832326422053 0.907781138073015
0.023705769695056 0.0615551515913199 0.150963982185547
1.39631882433533e-10 0.00100622485381014 8.80339267864036e-09
0.000577206663964904 0.00318987639214661 0.0397679836328038
1.86329265556975e-10 1.2434617746557e-10 0.00437346001116835
6.34933696688188e-11 1.86003103626481e-05 2.57543809353324e-07
0.465195548433526 0.467009293362617 0.725260777139454
6.09448385964017e-12 0.224594235847578 2.69295251469082e-24
6.51926573050885e-34 0.314224094001901 5.64476392621538e-66
6.04936564424331e-07 1.15401404197765e-15 0.799385488331569
1.41514154284416e-40 7.24380708371133e-19 2.4088109133323e-24
3.58417524041229e-62 1.13061251746535e-14 3.15539324481688e-56
2.68912518297875e-19 4.35008288041453e-56 0.0912242498459518
3.42039079749194e-62 8.62245629390624e-57 1.93209872448154e-18
6.03226042845678e-99 2.4687783559749e-38 1.38006109664412e-67
0.917497568437337 0.69529833566694 0.118677958369302
0.792307990667058 0.891789153974618 0.525106916966087
0.557809287578328 0.535856781650263 0.936184273865612
0.615654692404937 0.750242408546251 0.247217652304165
0.121665849576987 0.151701921875297 0.464270887960047
0.0640899545783398 0.0822280409235795 0.404501901964751
0.120859505871798 0.210304632247773 0.0947684377435593
0.000249086622103466 0.000489319000804768 0.162105755864543
0.299827415474323 0.219478014989443 0.466511532407099
0.987121447071039 0.990785561986525 0.877645532931397
0.664113632407752 0.941552028089972 0.0037675690411872
0.462016559728769 0.775698950818695 0.0206839040961709
8.4308272651122e-12 4.3206334964388e-11 0.0237101504013437
1.39385269263038e-10 2.30375215404505e-10 0.20060700369303
3.12869379852887e-08 1.30546442056477e-07 0.0644446205235909
1.09436032175026e-12 1.77173313036717e-13 0.719970059649252
4.53976949660801e-14 1.48832366507211e-13 0.0810451157327431
2.37335247279448e-14 3.96268734241685e-14 0.17702188548246
0.809541920317914 0.837847409783471 0.845460562609568
0.995433426938626 0.271811886836725 7.73391891727033e-07
0.0247523240174605 0.987597223513484 7.48738900027362e-31
7.71498311007568e-70 1.52062115323367e-73 0.987962122204054
6.48694459697781e-62 3.19267162300489e-60 0.000293461836549164
8.41799175426839e-62 6.20929756482615e-57 6.68472875515072e-12
3.22868943507777e-152 9.97497954418018e-158 0.287505170545206
8.9345336505465e-131 7.3105426404007e-130 0.000557169401655782
3.46397291832907e-160 5.36907335940862e-158 1.36211724801311e-06
0.217563698679892 0.48909073150737 0.144225252853429
0.321748299270953 0.463475380070648 0.410919592592259
0.562292100790604 0.460295180286993 0.00398016909464127
0.941002615972467 0.887593460425929 0.902790930633188
0.570160028065764 0.355413044506945 0.555261457060928
0.314399934918758 0.997759676528762 0.0173834883033699
0.125486601400674 0.0130945876194649 0.135611972921644
0.0509898589518748 0.0846072849209308 0.305134352380009
0.0109699952099054 0.0280756029508467 0.156970814413829
0.468384988538976 0.733772467010789 0.320725518791207
0.835896065429441 0.215401216855535 0.00200468142039097
0.000853684948842754 0.635300471236721 7.08653358510563e-12
0.0013141189422308 7.50901270146803e-05 0.49852592546873
3.28202285300835e-08 6.03875454298456e-07 0.00765063322368263
4.37047416938734e-09 6.41700995309342e-07 0.000528240852651383
5.76168061709306e-11 1.93489738894543e-13 0.880242180085303
2.04178534592273e-17 8.50563894700372e-19 0.0712867399343916
1.06257138032505e-14 1.95260502173852e-11 2.32096730108556e-05
0.810012478749001 0.877502069364642 0.384916582345656
0.000251159817863759 0.251038624153286 2.74295183535264e-27
2.67397450128997e-14 0.51595047495458 9.47993703366085e-64
5.74562940341634e-58 5.33446369139817e-74 0.923365145285455
2.56881890489799e-75 3.32665470787794e-66 2.41968298461381e-15
6.69108929189889e-89 1.14557141517789e-50 2.06637684527364e-58
1.82316074772188e-110 1.70389093467887e-137 0.367539872760988
2.64258594883886e-133 1.36505771949145e-128 4.98237031205311e-16
9.89059754603115e-163 5.10105590297016e-142 3.68651049012059e-32
0.73199485364129 0.974237036108242 0.397904823024277
0.135473074967635 0.229025798594992 0.353584679388153
0.483453872770007 0.5610029124671 0.673004882229003
0.937036642482008 0.929759671950967 0.998828049710076
0.168548561109509 0.290952267502212 0.318601992853928
0.232573715522607 0.254032934098589 0.686713639670978
0.743945873371109 0.527623912201544 0.590307151288173
0.0172980538916175 0.0674349998050512 0.0918587997555509
0.0614346904729833 0.224516432687817 0.0786559366519202
0.792527559758537 0.659395123550259 0.768278674822062
0.040745988530509 0.25334218727992 0.0205153953188582
0.00785813581342483 0.372927155400023 7.30103597340762e-05
0.00120801381748153 5.85932754349303e-06 0.0663092913584477
0.0016371007625992 0.0154997129804751 0.0268238312342514
6.10171605054755e-07 4.07092498649803e-06 0.0467400756651819
7.8421849876955e-09 9.52124786385157e-11 0.908183802899215
9.8075624827793e-10 1.15692972481435e-08 0.0223655128983202
6.96087888899829e-14 1.26433039078766e-11 0.000811246077612323
0.576397135034144 0.953439608006641 0.185188243771414
0.0594331382201887 0.275056967981606 7.56388366844601e-11
0.00139271531628309 0.0459864567086775 2.96841609844185e-29
3.58602738613723e-23 1.67447077763919e-29 0.68534688818859
8.40938017259259e-38 2.00254275002115e-27 7.68248643201002e-14
1.36589600478546e-57 2.5202452231318e-33 3.87244020390559e-33
2.29427927409483e-95 2.68461363981444e-115 0.2182498343961
7.86525013984739e-102 1.19543780521275e-93 1.15297968794316e-12
3.10132173744661e-135 7.9715685208368e-120 5.32459279696095e-21
0.316410227442021 0.76084683398377 0.112693018855949
0.273659376160399 0.0625461318258598 0.895573441814168
0.113214557310649 0.282848786973755 0.230441914584502
0.663668146574836 0.222461813630855 0.644618930865011
0.158322637717976 0.561813878006678 0.163347588150172
0.013388755352804 0.0491431015331135 0.102432337026247
0.689054929914465 0.468276696767544 0.252122976804112
0.0899166969295144 0.487588290822372 0.0971392443854067
0.13443036310139 0.150753525622182 0.433674508910941
0.113485751192407 0.160258579255143 0.361817585030361
0.0496999931153954 0.474280833705605 0.00124017606203416
0.000580548624152007 0.195780888122859 9.44470102032778e-09
0.340345553260383 0.0946456036691215 0.87286233754615
7.82451727980155e-06 0.0010407481026112 0.00171986418269075
3.14220455625672e-12 0.00147456083411455 3.39582929653247e-11
1.6421329380281e-05 1.51446383959728e-12 0.729438790526421
4.59614612758447e-08 4.94900933297436e-08 0.00862289904457453
4.65168301093381e-14 1.09540287614883e-06 3.5422869265711e-09
0.897708168516234 0.423097597733032 0.397203455985017
2.32884449586169e-35 0.0475884780459973 3.71123132158579e-50
3.85269434778765e-78 0.484152751643608 6.30491279315156e-136
5.66119710736795e-16 2.75783705121346e-31 0.381626012472482
1.63094785586989e-83 1.42554074523516e-42 3.80751813535461e-46
7.39859371870906e-161 1.91601472529648e-28 2.14915535817043e-160
1.24156406132883e-48 4.47331954749999e-107 0.541647334150272
3.82692564121776e-105 1.42992771651829e-95 1.50926699850559e-30
5.26799306414738e-211 6.92552909377882e-96 2.76463606258097e-126
0.589051230259476 0.611237407633428 0.811450792387146
0.185897333761234 0.244856265209237 0.336620200439529
0.682042949863635 0.941775537360855 0.0897611546058248
0.169256035949174 0.0886708496936922 0.12343709016086
0.48695244672199 0.588635305087248 0.398767487813408
0.821733359273844 0.949699402492011 0.404419791097322
0.0217662911544673 0.0241222573852975 0.6155614479239
7.08609298985177e-05 0.000130123198031211 0.193933552673584
0.00805273357328866 0.00912060017043007 0.568037564908555
0.946905975330916 0.847484119389084 0.207781254299023
0.30975264263115 0.567501130468877 0.0163242922823937
0.318282886373843 0.312888862214526 0.944801410315165
2.9437656038202e-11 6.04349286952779e-11 0.177177653410106
8.09259850319404e-15 1.10214365785549e-13 0.00844837237776325
5.58962924057156e-12 5.60478498333208e-11 0.0123865552508762
1.51128634683065e-28 3.50212661725094e-29 0.42899403139556
1.36163735947092e-44 1.12237324575644e-44 0.0881976185171204
1.46748477727815e-34 8.73886012237105e-34 0.0238650324499427
0.374083211925668 0.344830517417027 0.876615066954913
0.194912822830784 0.979545114979041 9.21766899387194e-11
0.103293731502067 0.665296825497833 6.56484717233556e-31
6.98939848157481e-121 2.45432130985567e-126 0.721210348986262
1.59903249585806e-133 9.80409282097875e-130 1.82339260133437e-06
4.12984144309614e-143 1.76126721673298e-128 1.37948747228452e-32
2.92210534372369e-301 1.15625017101303e-315 0.631027733861422
2.45551202832124e-293 1.16989622196534e-297 0.000353967592113253
1.67444402337283e-295 2.38734985598344e-286 1.1806817521627e-16
0.908317571892729 0.75504146227284 0.358678209955464
0.464179215579015 0.446466595943998 0.879336459939034
0.945006579655597 0.587912737682223 0.328485284536301
0.247779679387028 0.0900317313871026 0.438404022227576
0.0348017752773362 0.00565339177308442 0.402627069921477
0.0430146389066642 0.0585466957487174 0.40203108598715
0.281646576730259 0.0792900866112207 0.258780824440612
0.0777327377793183 0.0321439546946829 0.763083679018338
0.000940652923824682 0.000454226239169908 0.600352644843524
0.307948371267622 0.582925769138608 0.197381251402936
0.0804128972977716 0.92965661730776 1.02046726633453e-05
3.08175491371342e-05 0.130148826315228 6.18431069806188e-12
1.40221277752665e-05 3.49440078630792e-07 0.745080201229523
1.25353388049307e-10 1.07511588394681e-08 0.000827496455587423
1.10485160480278e-11 3.19838279496354e-06 7.0683627044943e-11
1.80511993828452e-23 4.1503444565011e-31 0.549613524367088
1.14141430704334e-27 5.37996025869452e-27 0.000651615625158508
6.06683440941067e-45 5.61806078314594e-39 2.88271320256251e-09
0.362199496129059 0.631760103786932 0.242989249571954
9.7867683783877e-12 0.178371854439475 1.70249636956227e-40
7.63655141727479e-23 0.731490293789711 5.69932777058155e-123
2.86813222811606e-100 3.16470652443821e-133 0.375897007942014
6.7018340047203e-145 3.53747376278318e-124 6.41257964578256e-30
1.13822102206103e-188 1.28051783372632e-102 7.59733021124977e-137
1.65120232041124e-220 3.77979401899378e-283 0.560011550412757
4.59075199812947e-300 2.01175257942086e-300 5.68963746603615e-28
1.60086003081811e-307 4.78466070197253e-257 7.65067844667193e-80
