TOT AFR EUR
0.949477711580003 0.986715376376399 0.914675736008551
0.395172010130035 0.636662061916692 0.330168074946494
0.049686454723285 0.189665541043573 0.0788875761482334
0.926463272226771 0.857638100282687 0.598454362501172
0.0468336391946457 0.255377583039125 0.0347761045482446
0.796398813685094 0.752866538670728 0.95626475524466
0.902793734636898 0.981913646128219 0.810971825406064
0.668168396623585 0.694528268399595 0.847833079850141
0.464195974408988 0.290621807127259 0.644454889792672
0.43294554282815 0.76085510263874 0.257232795087694
0.151752826455623 0.353272864345366 0.169992562577559
0.0934701062982901 0.210268375248513 0.21183244028424
0.0784805332259518 0.535285773852758 0.0138908701575189
0.508620952608479 0.544794595058013 0.777126688521591
0.0226738242319604 0.0450222184781827 0.32331706049322
0.674627506042575 0.576171675731266 0.842117680311509
0.0999314581372165 0.480836371488413 0.0338549692182811
0.00402417818295597 0.00245736481192816 0.649456346547016
0.343591488397679 0.709651039436305 0.198374050347971
0.657538966252021 0.521442287795063 0.0157535481212755
0.000632598391316087 0.243608662039314 5.6267828338917e-08
0.103570422294276 0.0359543490845188 0.618554198712495
7.54896435909529e-05 0.000334794427367913 0.0927692074639589
3.91345344600385e-10 7.99850586805483e-07 6.69119220588439e-05
3.85987323117821e-13 4.35794639786345e-15 0.476726038191156
6.36592186691782e-12 5.03518794164466e-13 0.383074426397335
3.18093164320876e-16 5.02534552168717e-14 0.000653460517117884
0.837336154863783 0.980321428329243 0.775449286678976
0.344416443076899 0.0275849295081304 0.533728236292168
0.934487612461204 0.915931764618274 0.983409464406738
0.479215407537789 0.825703284137284 0.268943602024826
0.827277872888421 0.524054619859152 0.810788433164845
0.17235669044664 0.851505894725226 0.0917199613428986
0.427682653455681 0.274531732477121 0.907920774095569
0.0596833813069368 0.0479368460207175 0.426995728560291
0.83032962552518 0.118781938553691 0.269365893059185
0.287607343783027 0.337175504344786 0.563466034269185
0.0821808943898149 0.632891968032972 0.0609873605397595
0.0967737773372002 0.727489861283408 0.0566485372873036
0.809608146396313 0.636727804327693 0.453913629197739
0.547423612532281 0.300516817080604 0.109515445516274
0.0370496987406937 0.48491445046563 0.0276116659403974
0.00247862792973001 4.66761232460173e-05 0.627277045495381
0.000807304715178541 0.00332923049165243 0.0464522617439714
0.0427024905964335 0.815353310030152 0.0118609871531174
0.150648997766421 0.220980017692763 0.419087472175602
0.0792264163869218 0.822922964111916 0.00898972110837263
1.19957193377937e-15 0.207313593035271 3.79155912507312e-22
1.93379795113131e-06 1.05281834478636e-09 0.151928005359267
1.28579843072921e-07 7.92839516980533e-05 0.000154589976981334
7.45964904269996e-20 0.00140431173379234 1.32991535342508e-20
0.00183974503954269 3.64650450721872e-10 0.421452855281639
1.67419763487209e-08 5.82840661090392e-11 0.0656130836704621
2.24099242036858e-19 4.98892778319858e-10 8.46550968574156e-12
0.83686203395941 0.769927336455583 0.702609174166509
0.680751388514582 0.326916211286306 0.00748100737062522
0.543662807434477 0.540015004506446 0.970401908234096
0.92619834662874 0.872184699982439 0.246061360642714
0.872538856701964 0.922107829866122 0.65804916286089
0.734576937373287 0.524418039996311 0.145479116670833
0.42550320096741 0.277145066551646 0.212706317658358
0.155689711695805 0.195456175439825 0.438140733782373
0.98353034325016 0.807335265281073 0.22495205453061
0.833524470012552 0.923301389269708 0.520623125368093
0.85565720956498 0.715795460820941 0.426320793235112
0.940945839943926 0.987318534635202 0.672570835561578
0.027117998422925 0.0143923003742515 0.448442839108654
0.0503245867563184 0.0279223379848539 0.352921930028843
0.000335148983992311 0.000797873400700956 0.113702846987115
9.58921152748916e-05 5.03056128444421e-05 0.820866007944713
3.43118672621451e-06 1.55156766155418e-06 0.725942211996203
5.3001469753453e-05 6.43578517516123e-05 0.479396303213445
0.709237698123652 0.618446938596732 0.585628953733968
0.881441426791549 0.722798179954522 0.00874976474487308
0.611865222380626 0.300722105057363 0.0010564568428552
3.27247239044393e-16 2.15294600917242e-17 0.63407417060395
2.8726125577465e-09 2.87609385186276e-08 0.00804230788016241
9.05134383383319e-12 2.71224140090076e-11 0.0861293981584198
1.97573786674523e-25 8.76722825155901e-26 0.247081639754061
1.16177105224166e-29 2.45432362869054e-30 0.475483773399337
1.10059592084187e-33 3.1129272095045e-33 0.0567143055527266
0.0703977733951451 0.0896532609116335 0.49980501137947
0.644009436929922 0.449064345728599 0.657119844231791
0.993413047707701 0.967782545788013 0.912205613305531
0.197114113012853 0.436269470550257 0.121098642823568
0.60438979041918 0.357811569111998 0.453413983697747
0.145035851812539 0.119704863494163 0.844629534622305
0.0220199407070689 0.0851620194764363 0.0607130976543385
0.918437111566552 0.529497513895855 0.130929868202098
0.0342407570202173 0.0183414258882548 0.984035636062418
0.155004809549331 0.0598027029978932 0.632809887489516
0.131586461319311 0.414056044817934 0.0605520723337639
0.752786903110103 0.4525666096873 0.0145468414825334
0.0333007021236276 0.0271607405914953 0.70460089478449
4.75742088107656e-06 7.95622038780392e-06 0.142154079595635
0.122154242596806 0.116830272264495 0.642793762629827
0.0448807008496919 0.000867913453291772 0.0159133025949448
5.24546755025627e-06 5.61312133893275e-06 0.173581133836231
8.45816125828171e-07 5.49789859617313e-06 0.0371600210497859
0.164917007922936 0.300294197294024 0.259490436762684
0.297182383758249 0.312612527682267 6.59245813961544e-06
0.0108300118517646 0.167925554727375 7.17930781848765e-16
1.08739373839081e-11 1.36297433016465e-13 0.554811415781787
2.69126700605942e-17 9.79147836259646e-15 0.000148677707508197
4.19598961249612e-19 2.40488473494425e-11 3.10110644691669e-13
1.36400045567455e-23 1.01281315604392e-32 0.442034644056328
1.3814743969048e-32 5.18186867359642e-32 0.00103704549259519
3.28705209933569e-31 2.26139168504719e-27 1.29429792871602e-07
0.24150101457099 0.261035241104247 0.714301300499898
0.140709124144895 0.042109050771473 0.431621596069002
0.659662473105802 0.792699805847253 0.632632534312835
0.57956115886407 0.945784924720966 0.162017446061605
0.123686918270867 0.0761378954929534 0.916251833296771
0.155734776507379 0.604745007904865 0.0262972293869645
0.536486515500437 0.441475091274402 0.881182107117507
0.87984396075388 0.972151853514004 0.792752626822063
0.442316527623253 0.846501064741719 0.198764737591099
0.281804516453505 0.229339907699273 0.996176896040331
0.645818291231461 0.41923605505512 0.00595005211626787
0.930164023203528 0.686773844558791 0.302491116238427
0.226770768182987 0.048369739631658 0.211778004948252
0.0448733817190967 0.046764754982143 0.597762305585521
0.00150837557250674 0.00668024782845197 0.0964844611641092
0.000147166831353754 2.42666559369724e-05 0.925525723584658
2.49646422887004e-05 3.56855372786849e-05 0.244147688073297
1.82162439263816e-10 1.4738459332398e-07 0.000263161365755782
0.435423129373536 0.747041545096395 0.267922333927049
0.215480817569753 0.924927873132223 0.00260997111335345
0.00101214435283527 0.473925027363251 1.94929796690136e-18
2.06578458470961e-12 2.91625356682975e-13 0.23010968773815
5.32045102171241e-31 9.3720896302152e-20 1.28995610755057e-14
1.40563765310935e-32 3.5146131676806e-18 5.74970900736308e-21
5.09650221670531e-40 5.0243304393205e-54 0.277408494163988
3.06902186611786e-53 2.65899750770714e-54 0.000682949395406513
9.75708311875481e-63 1.38399807400261e-55 2.55297804405558e-10
0.488828090298856 0.0532571796637015 0.494294681032339
0.0358292874185601 0.214277554287225 0.0836885958272035
0.181329871000296 0.488870797635776 0.239312672846218
0.974411051420629 0.132515330728919 0.216674435099552
0.159782193692621 0.663662599232114 0.127906792587446
0.566993668750478 0.956123800720361 0.41839993231821
0.424372461774715 0.382789916466732 0.758769571434654
0.700854630403567 0.456463058025574 0.904436420777876
0.39182141261759 0.490009459989666 0.0834447038922148
0.115827521266915 0.0658656333331585 0.642816367056928
0.58852931936295 0.0402510544809329 0.0124247761078562
0.000619237451188385 0.657377155688895 8.58295743061144e-07
0.0108353914019948 0.00014788198531784 0.855721318175094
0.00740448877640721 0.569403311889347 0.00224914082741061
1.41657180441015e-09 0.00111859266768 1.49670256217515e-07
0.00496336038983775 0.000613837469001126 0.412903505344036
6.69117973655483e-05 4.43735520603564e-05 0.0717158856795542
2.04594575834173e-11 0.000258599337421156 1.10976044321924e-08
0.134161368268531 0.795068415024457 0.0770344010941221
4.40807892986328e-14 0.601912758816669 2.05448388819867e-22
2.6483093789796e-39 0.268047900768662 8.94155657348273e-62
1.77839229269884e-12 7.21947418604896e-22 0.353218274001545
1.05404833031635e-38 1.14645332979788e-17 1.18945219567171e-24
5.66913813800895e-74 1.67180400401639e-13 3.72723560756165e-73
7.25596917727526e-27 4.56501334947575e-65 0.915323792603766
4.15680228888776e-73 2.08564427317819e-59 1.66440887218708e-26
1.86815873239035e-94 8.31147089858858e-45 8.89014192458774e-58
0.0617224237772149 0.0699511406820201 0.588772511654528
0.533972247850362 0.42581111803171 0.387522393016265
0.124980193817143 0.0940203157659778 0.609943427502427
0.342710107237103 0.454652248531642 0.299354760522877
0.828133054236826 0.839106983601101 0.928599752467356
0.0907242319900709 0.141889325562409 0.118411104038256
0.0121945165986584 0.0223750989383489 0.185172740544179
0.0193097200797903 0.0226228139906406 0.540251477175693
0.00139279291184145 0.000440155367932108 0.23510818261256
0.526512300521099 0.569509417734015 0.706912109542168
0.210419370309314 0.537105750504571 0.000596377233246395
0.725072860293972 0.843206803880323 0.431479122118391
1.04529630521195e-05 9.52053148878286e-06 0.605769204913857
1.0816368478527e-08 4.43895661461193e-08 0.0712672828540987
0.000288692810834966 0.000412119829285801 0.383436792526646
6.76649335452611e-23 7.50747086064044e-24 0.845484877473211
1.47274902501219e-18 1.48721511776948e-19 0.980951920710129
4.33032222721867e-18 3.15205643641206e-17 0.033615254517214
0.493864514626382 0.544102028529865 0.628344026988376
0.210605555321747 0.721821242626129 2.72656642731595e-06
0.279113937488227 0.532656314341997 4.65173537166121e-22
2.9635161637122e-52 1.55996888759934e-58 0.0138510484731429
1.82155870779767e-55 4.7149791288934e-55 0.0129354462568405
6.3170940825495e-60 3.90069008537632e-52 1.10182585333452e-17
2.24170587471989e-149 1.61235958799655e-159 0.437590387703837
2.14006776018498e-135 3.33401276341122e-133 2.59983981114115e-05
1.20284587009904e-119 2.34927817322708e-113 6.78536044318553e-11
0.295532864860698 0.444200416782015 0.387293035018433
0.48243099129034 0.30168420566299 0.609953564060917
0.255537627717386 0.8750487440873 0.015530063771997
0.00208832776532162 0.00148827257770898 0.54699500603414
0.136146071176196 0.383140262480633 0.104972206623972
0.143644051299341 0.207003117643949 0.399264167056891
0.618142988778802 0.586582635067882 0.969873046590522
0.104939542822487 0.0111360826175276 0.11996356078957
0.0170534863172542 0.0681646914797597 0.0724927227859101
0.782358485612869 0.947935105934704 0.441310007146899
0.185973707432725 0.740295157268347 0.00017139971809168
0.133591729967222 0.00601114099191937 0.0276384116713104
1.18958596670218e-05 1.90176698002341e-06 0.642400566809901
1.23714833177144e-08 3.69978610358867e-09 0.252072642167611
2.33179941460851e-13 1.1189398260717e-08 4.49993160827426e-08
2.91520019293862e-15 8.63804295637671e-18 0.451990480826474
7.98782964616324e-22 1.01478059673314e-24 0.170852268742815
2.79229801426489e-19 1.0114361857154e-18 0.00610418018157603
0.163031747774304 0.649648275663668 0.0201435793476119
4.09097625594667e-05 0.859942153380211 1.45658537610624e-20
9.80869431097752e-12 0.780356332529289 1.38221922075657e-59
5.26970518409775e-51 6.67605366093514e-69 0.299073643325386
3.64646313329096e-84 4.80794425301913e-68 5.90629620654475e-21
3.99221906712036e-79 1.6964986348155e-51 5.84983078437122e-44
2.00745673935633e-103 1.38751876542513e-138 0.533695849907905
4.55149174751193e-135 1.32751082283497e-135 9.30792960414474e-13
7.61677469215268e-160 2.22008564791906e-128 1.6647958141007e-46
0.255324560945252 0.330827852611399 0.532266074264325
0.396515160136697 0.801885979984923 0.1586269109016
0.673349714605771 0.62741427182039 0.979145931084527
0.903267189983172 0.75331595323556 0.714907505451082
0.595712001858428 0.42909782381131 0.690107585669825
0.737009335892128 0.600644113007765 0.764065182215333
0.068491496923735 0.136820824405844 0.258903198149637
0.0401194256990643 0.121107426920472 0.130082165089161
0.0174443749670497 0.14155221044101 0.0162211680989955
0.996505598492671 0.833471489222368 0.662932709471048
0.351519160887777 0.982388276233521 0.0377334320058984
0.236757552378176 0.958846761585868 0.00488007565924772
0.0190002219724456 0.033112511244377 0.316459907569145
0.000805778258243227 0.00961028770733621 0.0201914792303192
2.47247589633331e-05 0.000969517907537296 0.00332467556241508
1.41785754007033e-06 1.90606317675352e-09 0.225913735831078
2.27259225909633e-09 2.53890171123797e-09 0.143242047195241
9.98749469408832e-14 1.79264166746528e-11 0.000908716529385948
0.339284483033364 0.787282505107926 0.104778470161901
0.30155278044188 0.122829666457397 4.02419119938779e-08
2.63507228052041e-09 0.222088469682038 7.63672587850034e-27
1.99729858505347e-25 7.41323840614788e-33 0.641741514835096
6.34745232532895e-45 6.7360699691891e-35 1.26888487561151e-12
1.09970506988271e-59 3.93867598672817e-35 1.03818519982058e-32
5.80429018738261e-91 1.75699799018137e-117 0.596365624434211
7.52867955767054e-98 4.11722968721384e-103 3.73460766218804e-05
1.0497709040577e-124 2.7791782021053e-99 3.29353773096172e-29
0.484441205143745 0.975059149817784 0.34375935271836
0.048300060883658 0.883917158042927 0.00594171526015019
0.114935894005808 0.371264153722547 0.184038703052837
0.0539860148365936 0.147827193934141 0.180741734841536
0.00382903412951951 0.0306949072563293 0.0439579084893897
0.84086150809781 0.710899847820445 0.962473145511461
0.877394188672516 0.949270018248547 0.794783312618859
0.069133983576674 0.00323392227037554 0.948399083572651
0.193042935108085 0.935387307015976 0.0951926826423083
0.0820095007138133 0.271066609670307 0.165901755958688
0.000450905537780447 0.350103373273421 0.000136251766587353
6.94080688129657e-07 0.597047904682671 8.42794772426462e-10
0.00485022894531644 4.95657218336084e-08 0.324513558770244
5.78984515477849e-05 0.141833272250601 4.19745500576914e-05
7.08357621364366e-12 0.00389649425004419 1.44644412711333e-11
0.000286689663152584 1.68930677988111e-07 0.677941668973811
1.42120214196576e-11 3.22545655900443e-06 6.02352406237441e-07
5.54715020986376e-25 1.62836212195728e-09 1.64498420838658e-17
0.300663307243538 0.212449465203974 0.750866404780964
5.26856409474256e-27 0.428076378562581 1.85824389601946e-50
5.01076582317333e-75 0.110334479418889 1.74082582189563e-119
1.71964252997057e-08 2.31211852421928e-27 0.0998212397044733
2.02531130387101e-69 3.16761733843405e-30 5.28734595179642e-44
5.79395439807443e-145 6.63899953898923e-25 5.12615141146599e-145
8.74079550749505e-48 3.71340163797668e-112 0.906848373543969
1.84722850302881e-132 1.87221430808359e-121 8.96013622045458e-39
6.79308839035028e-211 6.28446153041915e-108 1.4454057492267e-115
0.963967995662855 0.822293303859158 0.359423546968936
0.0273084248722011 0.0264054371591335 0.82049858850189
0.295882807512885 0.471477691009061 0.079745483070435
0.433295309353131 0.580662552555276 0.218182841023714
0.3429635720531 0.245565086251736 0.340401468946979
0.160089164892089 0.280664362919237 0.0914324896694389
0.464641331705992 0.252006774159161 0.0474838614397055
0.00379467572908792 0.00114528899268005 0.161198226265169
0.00280204805595068 0.00443791969036674 0.270199335074159
0.684069533021129 0.550064979995257 0.420446111971162
0.970306006308075 0.828299661960955 0.231014613569147
0.472555953952515 0.73096648368447 0.0479351150019986
8.18104575704341e-07 2.31579909307359e-07 0.605190169336201
1.41058376873794e-11 2.27870028753335e-11 0.242416650523396
3.73653058767613e-10 2.61624790345845e-09 0.0161839790068805
2.87291226787644e-33 1.31606957538097e-35 0.488249466637488
1.59416617643451e-22 3.209928303263e-24 0.416257913302674
9.60471871692667e-32 1.93505592860018e-30 0.00877544300798841
0.191630292629009 0.297173260300556 0.133579001455936
0.297191035620537 0.793070739954333 2.27885191864151e-12
0.18706211267649 0.279295362184832 2.19126841964492e-34
1.22163998221596e-112 1.3338372259296e-123 0.0140252742175859
3.55976474532417e-127 1.00579666127902e-120 7.21538623683933e-10
7.3258150216445e-133 2.91933014562418e-117 5.0865830360008e-29
7.31835583871152e-268 6.42687460526342e-285 0.560331449737135
2.02772673003724e-295 1.44712131780883e-299 0.000487271802199392
8.52779605340085e-272 3.33113049767178e-265 4.20167009360271e-13
0.863076129808228 0.4719313362344 0.0520769708079017
0.239533156949311 0.23017680747759 0.771969302743679
0.395027227302392 0.671729090259764 0.0035760785045763
0.0210763348993335 0.00569575034101776 0.755471178534109
0.848330803823538 0.96279286710932 0.580697535434347
0.000996235622089035 0.0115133695079148 0.0125962312534888
3.56967350252164e-06 2.00487611826242e-05 0.0356252335690405
3.39193464174938e-05 7.61373006442618e-05 0.12078332565271
0.049736330973302 0.0984271824505977 0.243071182558408
0.384634892739145 0.617698554418496 0.298515213118722
0.672003298797148 0.135003007071031 5.43880055831747e-05
0.130608573524999 0.137299060872979 3.55376080159688e-11
8.46522005251622e-07 3.64148744957872e-09 0.483905089633347
4.31315223948687e-09 4.54033144133394e-08 0.0112328323840774
2.69269787013158e-15 1.17321381494753e-08 1.05941279117576e-11
1.23108781756339e-27 1.03966508671675e-32 0.291646429427546
1.18991473249062e-29 4.99424791110523e-31 0.0091865930886525
1.85968420747387e-38 6.15143374477186e-29 2.70679675649873e-13
0.216643396129374 0.184590251861538 0.873626593536476
1.02119618649972e-10 0.442084461145738 6.06305843276497e-43
3.42527486670806e-21 0.128593389116519 1.85316418719458e-153
1.31463800318183e-107 3.22682020653057e-135 0.516681998299237
1.84204767906065e-148 1.01546196949512e-120 1.57239004851707e-35
2.32157670704751e-175 7.96341137243226e-105 7.34685391736697e-117
1.67857064797677e-193 7.17427919546991e-272 0.0118507691726202
8.31277978664609e-247 1.90733353296301e-262 1.8479168971549e-14
8.69168703918257e-310 5.06478081442037e-271 1.42805314346253e-61
