TOT AFR EUR
0.098007128728755 0.273037758221122 0.122602960480365
0.0202573925495015 0.0104974325651597 0.902032540843053
0.319194263608685 0.717933552468933 0.161724600155396
0.379017509161891 0.465942741559745 0.61203966380854
0.915219953700558 0.532154619197131 0.140853941596193
0.245092557542653 0.884345739948692 0.0332619466289251
0.670399363603774 0.703511343206877 0.853164808131391
0.950093136277499 0.700434443220789 0.522998037140794
0.666938288812953 0.388170518926432 0.47369124009326
0.974677678780361 0.74283632144568 0.587108934540004
0.981325980740838 0.845224461788527 0.605410438686653
0.520774136560183 0.438586675821267 0.928811709309569
0.16869107348846 0.146630641199424 0.871991628253693
0.0835355358339908 0.281834214646511 0.0658047576445594
0.0254231236431814 0.0299512288361051 0.532241040431588
0.646796348719339 0.92535665700872 0.228737602632475
0.0178464323353662 0.0316417089447694 0.284079501678485
0.00519913998739313 0.0548469989288354 0.0197329210720821
0.97948451436813 0.473859105477809 0.170098753032733
0.362376131037153 0.979405623889426 0.0302437351540396
0.0665468443053804 0.418611300295781 0.0214072742692309
0.0635524610559911 0.00138754677224753 0.0193394817115321
4.80519521579706e-12 7.45596561139262e-12 0.0494700631010383
1.31213783758644e-08 9.91437379007118e-05 1.70125132568199e-07
3.92290107825202e-11 7.92135731929883e-12 0.200389925552096
5.18846842545541e-09 1.48118116700337e-08 0.0461479767508771
6.09364631664462e-14 6.90726533318228e-15 0.176098088654012
0.44089675908048 0.446438544924709 0.075559284876506
0.664983291348083 0.645133992561509 0.326585670016446
0.536751692993347 0.745766739892981 0.597052018163293
0.197150995230133 0.315101446000913 0.374578532267891
0.451000645726766 0.12219501729275 0.781521949429834
0.590665332918391 0.916543909769851 0.428869261259571
0.699352848767702 0.234953548021845 0.116697116054702
0.157727430223269 0.542750946785142 0.0182930276965405
0.952486941080373 0.749577821528905 0.71820494303074
0.54925319812301 0.813199281853079 0.554489105511755
0.749534712258701 0.136838257298106 0.0622631443226376
0.269196244959394 0.33123828665827 0.0251623595580968
0.583559595135943 0.998389509154452 0.469774050759425
0.112462628537966 0.0506962020081267 0.651658894815734
0.0098912773588002 0.0717758532595071 0.0586534080406684
0.771410191862604 0.457957224128186 0.779438204862783
0.000798440686608278 0.00957424399052523 0.0258902939706642
0.0132152571463144 0.19860477625709 0.0341193297507101
0.942348105598082 0.758065785832338 0.693455569112178
0.000127674282829112 0.105092792293325 0.000182166080533602
1.39345142645734e-07 0.433505591404651 4.14766936130673e-14
0.00482234178440326 3.74232669495384e-05 0.756863846133623
9.30836751834651e-09 0.000355234032899895 6.3030824471085e-06
2.66367613107121e-20 3.16982156063528e-08 2.82690270532132e-15
0.00245551780705467 5.29084120958324e-10 0.327961198026478
1.1940823986832e-12 2.76803211547982e-12 0.00052147742713051
2.23268891579115e-17 3.18384173093036e-09 5.36263354465462e-10
0.799656409661267 0.847359667366167 0.733773905631306
0.978470023002521 0.998176063714728 0.916394350064235
0.991030252451266 0.901940279980719 0.562524025367801
0.340535428841613 0.232789612458582 0.406288083905491
0.277782721756952 0.268096774920533 0.987737040266043
0.0125333179067415 0.0152891847067589 0.458532777415658
0.0087680533134292 0.00582329469973193 0.534499270064494
0.164993853109398 0.137223602628342 0.74715937224997
0.712402247217849 0.69008069613208 0.90401614954824
0.586277908932096 0.64881860242793 0.606805830325532
0.261385280954775 0.262831200976081 0.866797844810074
0.198820894524663 0.228720972820984 0.648574871038928
0.124187901091251 0.127895502946291 0.795384401876011
0.00625578544027516 0.00588191543416055 0.78879331145543
0.00807562671573752 0.0109006475518989 0.285474822459449
0.00122873201624877 0.000739143929652853 0.774562681179317
1.82469717337126e-05 2.59638581257835e-05 0.35985579967673
0.0027353029423075 0.00153787171969849 0.647022560641883
0.255615603607064 0.368340276561286 0.14483698784037
0.46856449383281 0.813963714959426 0.0079348865418508
0.103455670609372 0.569991452084698 2.5637103742156e-09
1.63471800330633e-11 5.80876774086811e-12 0.913252493166947
3.49044111657635e-15 3.65132604927679e-15 0.279173712700103
1.4089143103745e-15 1.3533365126147e-14 0.0069727758136134
9.60235950766223e-26 5.80620317437253e-28 0.308504660861264
2.93533861930184e-35 3.86347345564337e-35 0.12739865381839
4.03483136020312e-17 6.91517261120175e-17 0.116809677983756
0.129634312798976 0.115218823400893 0.751752845114057
0.450614949429574 0.255464356924998 0.461866545804269
0.327655250397708 0.405517728981806 0.561479485707118
0.843307256201811 0.691663915082432 0.732224009066431
0.374340624753535 0.683979807599169 0.230836773521502
0.0106660402375667 0.0437991935777079 0.0626594704189525
0.0996960564463272 0.113733830081302 0.558026393869446
0.217120203348375 0.577292113022125 0.100856160670974
0.527091088949639 0.276475026490863 0.426480976659584
0.454504450842564 0.485351562339146 0.74201550329412
0.364546348045099 0.516351012820935 0.429387853304613
0.555934808978609 0.0201885634482525 0.000282958997909311
0.00803988452056376 0.00147536996837371 0.750944111387817
0.525857952422203 0.47712808602998 0.979039075325114
0.00087226534480627 0.0380572414474174 0.00071249805365172
1.86024947423912e-05 9.60634260167591e-05 0.0489643348431403
0.0116200245803124 0.0127798494520753 0.403532945787498
3.52867694562901e-05 3.90203619239481e-05 0.21291402398224
0.245758755269828 0.589640987799146 0.103411997586911
0.230892247368649 0.681511262796596 2.60591481119749e-05
0.000636814400336593 0.391211132237063 2.8799402584427e-16
1.59352826097599e-11 4.35417732323052e-13 0.319964800956859
7.45409337545182e-13 9.14746913621209e-12 0.00528953680053151
3.15829470161433e-16 1.51770451057134e-10 3.64021889012979e-09
1.66762977590478e-19 8.55833512621599e-25 0.936164765421423
1.50814245612896e-26 1.83248030128858e-25 0.0013569438597196
2.60516499044228e-32 4.96525486789748e-29 3.3555214550599e-06
0.852910435660543 0.701476927545362 0.233311785977697
0.788056102159841 0.905908564427288 0.70787160122936
0.0768404322257386 0.0871108745097892 0.582323994022473
0.48276875842747 0.400452149200721 0.90934590977408
0.563918556411837 0.550029159331037 0.922424290297688
0.572533154720141 0.426262864077383 0.742285801759135
0.544469599449241 0.34852203025492 0.594234692126706
0.42899989326873 0.289122877425164 0.727781706408857
0.394688226264617 0.468746742552104 0.642786357610222
0.329367079096511 0.729231120408668 0.148070456990237
0.636777862608222 0.235911508569093 0.202503307236928
0.055742046631273 0.424581692148682 0.00648257687525388
0.00123312659439527 0.0011309687976516 0.445442918593341
0.0348993780810411 0.0189790554815553 0.990100842938451
0.0478209172907705 0.0701940274779653 0.42306179309335
0.00226900964661255 6.82185497623606e-06 0.0297708737196851
1.16792527144847e-05 1.86610176728381e-05 0.17638547961395
0.00671906139633147 0.00416012209743803 0.721808242156133
0.188856184658682 0.25855867357832 0.48675356203686
0.280696709965375 0.64801227099969 0.000725508392300246
0.00362704639322401 0.662710790892325 2.94426952548302e-14
7.65238362910847e-10 4.49121610702468e-12 0.968939027249477
2.57946962570635e-23 5.53804110714562e-20 2.30627671499023e-05
2.84007500613523e-27 5.13860543480142e-14 2.36120625860847e-20
5.58344998088686e-44 3.85228816662566e-57 0.627287781345567
3.05329514780069e-48 5.87491651963786e-54 0.0435507114844381
2.46230568043533e-70 2.0841690208244e-54 4.24805868131313e-19
0.0469060778588419 0.0215158615303532 0.522137738924992
0.899630075654277 0.370452949446641 0.561548683109636
0.334437566398005 0.382003816145956 0.584367964640222
0.936086299781231 0.227649970203651 0.249488371877062
0.159217159944703 0.102521549826085 0.597899169185518
0.0186037110675247 0.0193244121636918 0.25885632764878
0.70311399293935 0.598884353421249 0.959803617947085
0.467500675731473 0.915063031471427 0.380695183903786
0.0123392162705096 0.00565635306104078 0.340548155619429
0.0755695639140473 0.126866575970699 0.292791685167668
0.114331693555245 0.595643553092266 0.00988295459239411
4.85044973536405e-06 0.473120427411866 2.53873405880419e-11
0.275964211217675 0.00775982279341571 0.42849082930291
6.81417150197853e-06 0.000849746011577953 0.00172783683902829
0.0025666659942809 0.184082622172081 0.00417076182820143
0.111879090228309 0.000416090982368424 0.344786124166263
0.00884127262734087 0.0132722108870816 0.175572791979431
6.74874672294167e-08 0.00192688052164179 7.49668186453046e-06
0.950982621691904 0.61122960956018 0.717506214584887
1.23370729465685e-15 0.445890948085347 1.02221277927487e-23
2.72123360812024e-41 0.467811761938418 6.89307060774282e-69
1.04222790105315e-08 5.19324339816349e-15 0.352142875182984
3.89238080522006e-43 3.39539664302848e-19 8.39683024596862e-27
1.19509668663692e-78 1.72840302989386e-16 5.17059174918302e-71
6.97982059294122e-20 2.60587041174504e-49 0.668708214711472
3.15393564754569e-69 2.27471437294733e-62 4.2062585563101e-21
1.78385727772201e-117 5.56153941723112e-49 4.0573468094425e-74
0.689691147123476 0.757008023071464 0.618986122343867
0.856533596133553 0.618046807783352 0.128238016286747
0.50492685487193 0.645534661415422 0.249214616166577
0.0423080234563443 0.0296390741880926 0.678842461837938
0.0480229385180354 0.0217356421496459 0.195229281332936
0.490504331441176 0.517129439368921 0.779189628144004
0.797780057838743 0.719823929087132 0.62359956924258
0.451723833109852 0.48391086821613 0.720888603775077
0.434442374994868 0.633904139296743 0.108704496413073
0.658868607828213 0.700972255152005 0.719464051227766
0.998127862899126 0.784168963877156 0.153017165568505
0.139856545840768 0.324214946978904 0.0095207706348886
4.82937847722841e-05 1.54743160581476e-05 0.453212501988894
1.06712481284009e-05 1.11049500895446e-05 0.546103617218192
2.60776222073321e-08 4.45095510592119e-08 0.274435664197667
1.18891496349574e-13 1.10349636117566e-13 0.388092609360538
2.8908598116853e-22 1.44397089532636e-21 0.0663577876250807
7.06258460044434e-17 3.19364064647671e-16 0.0573442850002309
0.0701800792271039 0.0364907222605733 0.315380433271643
0.293974522140957 0.732362687489239 0.000169086664588666
0.898840094261551 0.168448954340643 3.69957687337279e-14
9.04260698448409e-77 2.52518586078706e-78 0.148683509545736
4.46966946917546e-59 1.59224405639537e-59 0.059380110036605
1.66146579454052e-59 2.53985154945748e-53 8.49416482538600e-12
8.19844329929158e-122 4.7159827049494e-132 0.143288888373519
7.88515518783113e-123 8.43187131660241e-123 0.00138920347867676
9.28145417890518e-140 2.5082481155766e-134 4.92274147039772e-09
0.322632008870234 0.300752472055575 0.855680081450253
0.823359134005307 0.900675802794684 0.422281682219076
0.59717747066686 0.938015943505425 0.244845462973097
0.664342127553188 0.268686950099307 0.190957029175119
0.620608605488642 0.596146821347916 0.948042596282823
0.41680365788992 0.763196677781433 0.20476261617109
0.0259193331063763 0.00743523831845984 0.744137412501567
0.153564814812643 0.0673810768545843 0.663183303548498
0.392982788931607 0.369019618860485 0.878306044003413
0.0556351203256655 0.0330646030664965 0.93234465014601
0.00143003341531301 0.0727375361533189 0.000154377886764858
0.00799086031414991 0.935011824070133 3.62776973476397e-10
0.000209095283617166 1.86221806656793e-05 0.875477015742148
4.62299241530718e-14 1.04252557618482e-11 0.000236346554664325
1.81900177072068e-12 1.37923292238275e-09 6.3347023220121e-05
1.76243728868991e-12 9.67044137687089e-17 0.598894504198499
1.87241615560793e-15 5.75129855146742e-17 0.18227715342069
1.06701212160106e-21 5.48428641132878e-19 4.15441046223573e-05
0.502195142143327 0.532739898921902 0.783777543190075
2.99303216259428e-07 0.563157047601634 8.3907524774542e-30
7.88371682525129e-16 0.154090891091878 2.6177059278664e-64
7.65957517440001e-56 2.58805361724059e-77 0.0818859068632039
2.16739997413048e-67 3.15788996345629e-59 6.23652465008849e-13
3.31242921689007e-93 1.30188023887396e-59 1.03855396265492e-52
1.18544989436904e-117 6.47161155338419e-154 0.67649030314744
6.83540527535653e-151 5.27085592188096e-154 3.9652498931915e-14
5.85125759289832e-135 7.1022331611659e-112 3.18848325295398e-32
0.452452001545159 0.571147861861613 0.564690179023727
0.647351574419842 0.898467988362829 0.428545977894496
0.919104873411891 0.97738622500494 0.769746581550565
0.0778283138632019 0.0833056551100139 0.62267741280551
0.216823671900092 0.374849698869972 0.316749553890008
0.337648871017112 0.764675742920194 0.125944623637273
0.00115250892339975 0.00865692790403192 0.0437733208828282
0.688728135569779 0.77173051483598 0.740798760287839
0.012917900272448 0.0298285211257244 0.202337761767309
0.304271104608274 0.368230706604836 0.615862609258371
0.0036890479539021 0.00558392069307885 0.340932582719371
0.0937002221115802 0.631154734716373 0.00532923505298881
0.00540488740160921 0.000490328521309526 0.48111653818508
3.07668493114736e-06 4.87875232035973e-06 0.195820101460852
2.4025458159935e-09 9.744241604397e-08 0.00473928024292144
5.92118487398337e-06 1.36783163253771e-06 0.642559980883826
6.32478764945569e-11 8.12713848235544e-11 0.0975553325941705
5.45666999429975e-09 1.3558466888205e-07 0.00845475437553757
0.244002922149347 0.723536923165355 0.0503157188062872
0.000198107057522721 0.261613014541027 9.76021886392473e-10
2.06290720346338e-08 0.738062514678721 2.8406750546347e-34
3.53697638099423e-29 3.14147960355847e-37 0.692031183445172
4.29135334117647e-37 3.2236240895014e-31 1.34093530278217e-07
2.79391223188571e-56 1.19636469923388e-34 6.45330668382565e-29
2.17488264638769e-82 1.14383336897817e-110 0.133608156255925
8.02162590014616e-111 1.79078230181345e-111 1.55865144589322e-08
1.0773863895042e-142 2.33874402129903e-117 5.71456825722447e-29
0.69581996115491 0.151429522924051 0.484953332854254
0.566087609404618 0.529256005680212 0.190545426428839
0.000501825642525977 0.0263448640737386 0.00662464964347049
0.582170147344561 0.124958771521531 0.552411452755267
0.27713136798848 0.184373826923917 0.755415220541075
0.0361826847871247 0.0447296149356619 0.291681570447408
0.5276292031 0.242901639671379 0.0640663152450195
0.0577476329938982 0.150760897137077 0.189699478575353
0.36273536609154 0.0694334801765469 0.747094878905032
0.0647712422269178 0.620008323223413 0.0406453376942
9.68027287460987e-05 0.958845255925337 1.52808747215411e-07
8.23992387876313e-11 0.225873790905413 1.67525223825172e-14
0.697021784653052 0.653249604786112 0.364118475251884
4.605000856604e-07 0.000131066948106042 0.000600884239328546
8.7934735023569e-10 0.233455769588965 5.75332424527641e-13
0.00201708874596414 1.94048005277087e-07 0.6751662958418
2.30972126029273e-16 4.01794145039152e-15 3.27081142951795e-05
1.46042439676269e-22 2.93850234168286e-13 5.68767196320233e-12
0.315125802012801 0.878303920436064 0.224178631470583
7.81370568705392e-34 0.113788640084719 7.80150367953443e-50
4.02120902221555e-75 0.787265499857394 4.88069548869726e-137
4.55285784200785e-13 1.51848419341227e-40 0.0716616761251603
4.45743957947921e-75 7.06809300337346e-34 4.74039696024501e-45
1.22430437485139e-148 2.01583293226539e-37 1.76469936373941e-129
9.81034228608819e-42 6.30437874189834e-105 0.861917457481002
2.91604018965218e-116 5.0172474215631e-97 6.24860170085956e-39
1.07159358700451e-186 4.66382396847748e-96 4.2338387510475e-102
0.250186385115376 0.27345277933582 0.68460418328127
0.394726060475116 0.604914917466424 0.089614393219164
0.519575269464729 0.364040146952599 0.226193167999084
0.862472937873306 0.700502446588812 0.312589528774098
0.414631731848887 0.596705954603311 0.120254776398691
0.045552373388553 0.0589380125421404 0.425342321715666
0.333486486352582 0.458375274038099 0.226643727722021
0.010738418951864 0.00952605424079409 0.903880478583136
9.22404572290389e-05 0.000293447005655288 0.0557706524169637
0.774443396505823 0.885369484391835 0.448434051329118
0.760246674335892 0.781785723830411 0.00118145307385385
0.325099778577433 0.600505408862215 0.017826745016791
3.48614987289357e-15 7.95905016661894e-16 0.903581870060773
1.88323582509149e-14 3.9019657874767e-14 0.128727900421804
8.77015630958622e-13 2.58216874495956e-11 0.00105152659204692
1.87596008378077e-28 4.40357253404775e-30 0.734942586409419
8.45259569389789e-26 3.44290975414606e-27 0.891069696967861
4.72611708134996e-27 1.55929024503387e-25 0.00296195092983678
0.599710426193978 0.479213435119398 0.36691592123194
0.915918252182813 0.422620539889191 3.88179895299428e-08
0.285224722994108 0.493735184142696 5.00163595053382e-25
1.19533905716732e-121 1.10847768376433e-128 0.708478802916385
3.80516635007432e-120 5.08467586812158e-116 1.04986250258653e-06
4.71333133320358e-147 1.39317592264101e-132 4.51869875739021e-27
1.39491512443783e-284 3.16746425011988e-301 0.618036585282044
2.12367762652308e-269 2.21657431769635e-270 3.15674335986576e-05
1.10304168521825e-302 7.75473469578154e-291 9.47851910854882e-20
0.408191615901912 0.446515795707651 0.711068091660678
0.221103956615873 0.125134101017168 0.766170818282604
0.331476428712321 0.24403533785141 0.893006936742758
0.00355856728085404 0.00126766381253547 0.854834338311131
0.619705760349124 0.456613635651945 0.00535113743746279
0.0601377153806019 0.103733355174675 0.30196531831895
0.0526818606421411 0.051705616395051 0.601872918155012
0.000109398399454704 0.000651200261331257 0.035992327042825
0.00022145604568766 0.00612091428041209 0.00282984080605382
0.451499027109617 0.680147745720606 0.351053018317475
0.0679475228083268 0.942000322665602 1.11543036467395e-05
0.0019129835619432 0.979892476151546 1.29648423801894e-13
4.36546535174848e-08 2.65333139182059e-13 0.0323325480214601
2.37062313723958e-12 1.21764955063754e-13 0.265228871407696
2.39187548122642e-13 5.1511417831822e-09 3.20357148597068e-07
1.87443997797287e-19 3.15104499601335e-24 0.897373388743513
2.97612905920123e-34 1.50299175279312e-30 1.54416742343449e-06
1.96434972779198e-30 2.01341485117657e-20 2.2611717577727e-14
0.79191539851671 0.993084770757803 0.513815301351112
1.00436427251288e-12 0.324987315599225 2.8207665917079e-49
3.50230898236873e-32 0.334313579640808 1.31132362653095e-149
5.68859330042257e-90 3.2931947354181e-120 0.3107051275853
1.8980301200879e-148 6.6797996374017e-119 7.27132797985218e-42
2.34218868110811e-184 3.03150477271817e-108 1.73200691128101e-119
5.3669838668696e-241 1.08174378463769e-308 0.535991263948904
7.56752404270147e-266 1.29082625411034e-272 5.08552356933467e-21
2.33127720589698e-296 1.17465005619494e-245 3.6033932962387e-74
