TOT AFR EUR
0.224636364101162 0.453843790547443 0.204957769009215
0.304279400513185 0.304753024237928 0.799527621033324
0.0473228272187172 0.03214352810313 0.87185765605676
0.143855490574264 0.315128085002761 0.157579408056344
0.366029508892181 0.256762096524962 0.803307193564219
0.135148484296789 0.432474684884231 0.0841159037704867
0.689407515609645 0.71407747431442 0.866326338642995
0.442014857319179 0.26350995567653 0.521501548118042
0.278227370326442 0.358600751256401 0.510388324081574
0.144003460077412 0.219257329157656 0.416467333157296
0.604642121782341 0.980886777780621 0.18741540437146
0.901602267218607 0.969171887786623 0.850489481192391
0.787896622284894 0.369150495026009 0.210968104717228
0.869898893378136 0.705640295608385 0.704624055663364
0.485614610684069 0.946209427429479 0.109934085946923
0.303897192346291 0.0541622246762383 0.0693703125252272
0.156576294517647 0.478201363558704 0.0948267504822993
0.0371987895308714 0.0604245229025598 0.379697408877808
0.386760912877761 0.231045302300295 0.611920489378734
0.76442668802808 0.223332796821282 0.070419970398404
0.00515424071773015 0.657894062439108 1.39264528901833e-07
0.00017666598591263 1.49017892155686e-06 0.148185966681229
0.00603153041136223 0.0193230437683741 0.104688458315661
5.94768624319332e-07 0.00172000320530636 6.2723874147772e-07
9.64791318395281e-09 7.46918306875122e-11 0.939786497980894
1.36133560694424e-15 1.75080631897222e-14 0.00999288415722517
1.02740141433121e-16 1.17251920955077e-15 0.00686731661363719
0.15043544691488 0.232216418146056 0.386085014956325
0.213804269289236 0.283324207813986 0.483354947735607
0.161156548815235 0.492237763734697 0.206411938286003
0.233568509698613 0.435970085589306 0.367793949637071
0.3848883824796 0.87821589983932 0.184500496181703
0.732801257709988 0.823623243022501 0.79170067853499
0.249235668260186 0.289289743335718 0.552645235949456
0.757053821587546 0.686583203805284 0.933529230485099
0.397019004646071 0.139239260201858 0.919307799648975
0.0374609582262282 0.390370174547062 0.0377493081506451
0.0170868710231812 0.949941638655436 0.0011110736796483
0.81096209267806 0.0480861786352233 0.199857265934455
0.0353182015985256 0.0290136716205357 0.360083088239007
0.0230345183393307 0.0525310049022323 0.17727326712792
0.0655924433571513 0.220989483899567 0.142957899602096
0.101458424657955 0.115878394843902 0.444963245413853
0.000479953311501149 0.00709575893895086 0.0150535499695004
0.00317490399277374 0.016108067340321 0.0501192834233292
0.215388183285491 0.820610633976519 0.0699577023646451
0.589149119402943 0.215787091200363 0.0735439773516865
3.7876376284544e-17 0.00421072409464233 4.27752216637327e-18
0.00231398149959549 0.00133738051358132 0.205529008827881
4.77917068484193e-11 5.65746177364816e-08 2.06128771692838e-05
1.05073358299609e-21 8.43493475380266e-05 1.79014390036822e-21
0.00435228863392103 4.99964499588195e-09 0.137851300678329
1.73813266142753e-13 1.59686386586157e-11 8.03433381618883e-05
4.93078437990858e-21 2.46911033406109e-11 3.29364598178039e-12
0.435731859843649 0.314855199607129 0.275052712504669
0.36211576557596 0.275100750487359 0.413143584201714
0.002696471587012 0.00230724274724954 0.901159397358996
0.280740323507257 0.353518287078207 0.355948006319195
0.87917076888517 0.977762654321004 0.317666807650665
0.656231888811964 0.670511551999288 0.895657859762915
0.911436170360483 0.868903106081837 0.137361115822867
0.114455637392036 0.10594920981287 0.987868835458279
0.0959104078368346 0.325902105264201 0.00311295964051916
0.696473912807283 0.730455916131911 0.734455806677145
0.606186764168167 0.528196954718751 0.617291014006583
0.758649164233916 0.951123677330221 0.14279354822283
0.0159377473305979 0.00836001702025388 0.450963615687753
0.0017263892581389 0.0051405172995851 0.0694396501944796
0.0152985870726834 0.0395423249372217 0.053298937606079
3.89027694726055e-05 1.77678953085704e-05 0.695935807619553
1.5350661211071e-07 1.41626985495343e-07 0.622677359408664
5.21336840893119e-05 0.000151980485465124 0.0624253690409999
0.344897142478068 0.339018809566358 0.947960527227197
0.715604163883861 0.411975868357002 0.0124955334339597
0.884187621041659 0.696986268287702 0.0152375629361113
1.3893657143359e-10 2.42191725550448e-11 0.645324768251692
5.68125410585466e-16 9.13504762225045e-16 0.120410763287206
5.11611747930335e-13 7.38486257870068e-11 8.1201977991301e-08
1.91874545852802e-31 4.43399474379631e-33 0.867497507420854
1.31091244370892e-31 1.37705813243181e-30 0.0108147104005406
6.40560492268425e-34 3.23764425972114e-32 0.00183787325906357
0.245480318509603 0.383172759192922 0.340900143552856
0.522246134501137 0.295834205244117 0.490005588807043
0.127614833611512 0.149425447115961 0.568661710952423
0.179919158870735 0.289397833818416 0.382391071806826
0.756870835508688 0.300413424529123 0.131136227627796
0.125598981601982 0.0989856194377656 0.844974953888129
0.841917445585685 0.978153949709116 0.672571959407729
0.154241110666529 0.190868936392413 0.507813646196177
0.170845282279462 0.119332041577617 0.9987160784577
0.00432220363718136 0.0024907213425189 0.640014222101112
0.551680348762177 0.924822133914718 0.0480894390389157
0.144557029530754 0.213016896867557 0.410456850177026
0.0373138311155265 0.011550698371475 0.832585195734
0.0451990991605594 0.190129085672874 0.0530076149127507
0.0151778330909147 0.332642108108712 0.000590549887322501
0.00139108121972171 0.000246826540490153 0.944123520599033
0.000125657701691372 0.000999136600791505 0.0193322301740057
0.000551295627368755 0.000883029649307276 0.2240585397389
0.515232136763861 0.59551768958218 0.680513938353634
0.741694157748145 0.136038261039394 0.0111116653894427
0.00280873809331368 0.78975555309825 2.93974064220932e-14
2.6276412758008e-08 2.79994754113782e-10 0.937990096219949
3.752207334455e-19 4.0465692986027e-15 3.67558535956079e-07
4.49405595611453e-17 3.04062146467674e-10 2.0641085979313e-11
2.78244791363395e-16 1.18700169157938e-23 0.204228171290806
1.74897954057216e-26 3.88946832358769e-24 1.19838316321339e-05
1.84081437197098e-33 6.05548327557365e-26 6.29108397229943e-12
0.958931265115415 0.567192607937676 0.186690201216776
0.985724228868661 0.945156456833937 0.850541557808223
0.292970685238066 0.227932352848217 0.946357170632986
0.184421873206136 0.276504250721425 0.40359075660483
0.654064501987935 0.235366360002995 0.167345524809771
0.112488572173321 0.0514867113405005 0.722831675194518
0.520502765094433 0.481031948058532 0.977942047220115
0.295830484555338 0.164781677640229 0.65529416726099
0.14682160988552 0.467593369671002 0.0748120872851859
0.396957917229565 0.288140181984237 0.810052923748499
0.0353251084618043 0.0631698735607382 0.334284863326938
0.998677367943347 0.195788506928066 0.00944052542742728
0.605896290815202 0.303069472246501 0.34872091280296
0.299006415706528 0.373912277355126 0.579384460043972
0.10157627373613 0.634525277565981 0.0059189762033288
2.27163460052905e-05 1.80148422161013e-07 0.313056241465279
0.000298975055426484 0.000309926512138602 0.347255767864488
7.69441207209618e-10 5.95253854302313e-10 0.166247860163462
0.0785409815706237 0.0271547251474924 0.643471868609075
0.000774616294751721 0.398530154860984 5.66452863179987e-09
0.000236274945635599 0.700133901703501 4.15297196404944e-21
3.3624787496027e-13 6.25156566533803e-16 0.870295659482973
7.8919185999148e-24 7.2898473851899e-19 1.0664140020517e-06
7.98867986919932e-32 6.50503217628662e-18 2.47960223917151e-20
2.66297705391368e-43 9.99562544533839e-53 0.682673434920784
3.2902725123212e-52 6.30027416975964e-46 5.10833319280747e-08
2.85781702889217e-68 3.5906821596851e-57 4.26894051889326e-14
0.787882739756645 0.482262391859524 0.336237928237484
0.0351761665071242 0.113665402310744 0.142907750837009
0.824116633313188 0.198929761953674 0.41150621596418
0.192398152824133 0.197100876023503 0.519479535208671
0.0811970727065531 0.0102756487838522 0.94299777913323
0.825706395187743 0.39945665231821 0.315059582914018
0.279006869310271 0.226089468235687 0.679347719762484
0.154773140423522 0.0906249876239165 0.637256374055175
0.356609229738286 0.849747219757959 0.290393306293672
0.560337714777975 0.529046150055978 0.80003558534522
0.00328890950835899 0.699886834995548 1.62232265893404e-05
1.46459592054449e-05 0.234177419577728 2.0442505038282e-11
0.0119134805200258 0.00101074218397063 0.607339612884472
0.00165322321485904 0.0683858663596971 0.00843734370682271
6.03827144880924e-05 0.0455507114872695 0.000250381327646538
7.68344505489311e-05 3.15354186671486e-08 0.701429654166982
4.29119261561894e-07 1.17153169589271e-05 0.00300589915777109
8.17405733600346e-12 0.000119328956555359 4.21614777553626e-09
0.952386390946885 0.366798869956111 0.477428904058242
1.21126431839015e-14 0.728862269398036 9.68293840165868e-26
8.36073969404625e-42 0.466940641659212 6.29295061627057e-78
6.67498901055025e-07 2.25990368893924e-16 0.717682019481334
4.7417790748825e-34 1.33837969137462e-18 7.77183510558717e-18
1.23958437185907e-75 4.77486891800325e-13 3.54696978547529e-76
1.77667589189541e-26 8.66003700919056e-55 0.335878332603005
8.99718037469995e-64 4.10258437188241e-50 7.08995198932633e-23
5.47707774660249e-86 8.52784699307934e-39 1.98276648369668e-53
0.873884558036464 0.927500447951556 0.740162352433109
0.683395046315022 0.692987490383517 0.899811739573452
0.886252006561103 0.919375963192558 0.816309770866363
0.833905746726646 0.856351511975339 0.871271316620551
0.202102022420244 0.199432434023447 0.906683394282498
0.317724009798188 0.345135323466282 0.712847063112195
0.0405011045957603 0.0306283789866208 0.759490964234546
0.0393558393245124 0.0290887873337941 0.747785311183999
0.00053565904263771 0.00076416424916477 0.362695831304659
0.962073535749298 0.943832535984123 0.552526537895786
0.362720052330908 0.336510532144164 0.857854451597222
0.862829111748304 0.725697607637709 0.0196121858428925
3.23918279589626e-05 3.1291060204679e-05 0.622518017074473
4.34753981081656e-09 1.79980997994589e-08 0.0320182854100916
3.41611296300894e-05 5.97744637193869e-05 0.25115918884649
7.08138556030557e-19 1.21759559929204e-18 0.127695440216987
1.07047396878198e-12 5.58468789484074e-13 0.593001046663912
5.37417122761149e-16 1.3775592691629e-15 0.102757147101064
0.140558082879145 0.172610751455897 0.466146719999961
0.116938989214337 0.527278272258909 2.45600125667406e-07
0.166101067522711 0.598635314026045 2.90970677009104e-22
9.08670454990446e-57 7.19083444926351e-59 0.476152231587002
2.1758144923687e-66 2.1010294591642e-61 9.83784068126664e-09
1.74223202934625e-61 7.45013582965878e-56 4.2554590680616e-11
9.55582124603267e-131 2.70091437617216e-139 0.600263071943248
1.25777971983285e-132 5.07665327727419e-132 0.000634142232250214
9.86319204881148e-155 3.82417684516888e-152 2.3067439566684e-07
0.188251094444398 0.393275589616872 0.185249280709097
0.716414972577846 0.810639069959728 0.723624348548574
0.124153572687493 0.184767253945116 0.366217489515731
0.191200362972966 0.141703320411318 0.981065991786829
0.429227991425467 0.685671178311445 0.305429210403488
0.00712568916212396 0.0196954742252188 0.145519745676681
0.0356977344663215 0.0124535024726316 0.789492815814908
0.0842259592908389 0.0466818287870049 0.97510127369943
0.000155520227759677 9.63076554066642e-05 0.394448541969267
0.200780494485856 0.320204100931075 0.330227685148001
0.0096744711924342 0.367897112426662 1.59662003400681e-05
0.000169621374360522 0.224374404904103 3.83509302898959e-10
1.26075384814968e-05 2.75597520862752e-07 0.715946321708413
3.31119827055399e-08 6.91529228635004e-09 0.354887505871115
8.00207963369389e-08 2.55916635960944e-05 0.00011548320229613
4.4541183015906e-09 9.05959816741364e-12 0.806512655153023
9.52012101357123e-20 6.94176584224584e-23 0.311099734762626
9.61569391678929e-20 6.94122934939817e-15 9.10274663978408e-08
0.839724451044482 0.658420038347013 0.652202564546962
0.000687449982797143 0.320210122786406 1.37546817224536e-23
1.06358422647606e-12 0.848253675114808 4.88885593418311e-72
2.32604313030528e-44 1.94152317916369e-58 0.636977076582187
2.37564114930991e-70 5.18250572638019e-57 3.0616852795045e-19
2.12187090862243e-89 1.7791796419516e-49 7.46897664594644e-64
9.3256168527689e-120 4.17055859384932e-161 0.568187735107294
1.00244778063525e-118 2.25750266170419e-121 4.68888256810878e-10
1.08896777622671e-172 4.74145327509173e-133 1.51373411098495e-54
0.0873307630403328 0.0592012903748008 0.966862616475936
0.460137416506907 0.437664188094282 0.912682737160389
0.128348577156724 0.138094907122847 0.642553362567719
0.732360110986505 0.566961236201366 0.70769107860844
0.402640570116207 0.367317327574972 0.938426077577296
0.00846905149104336 0.0430720233038344 0.067844794075131
0.476822967263261 0.400283468237387 0.934722791430521
0.788821940729626 0.428652054474853 0.0283317883910743
0.918328414206623 0.836125757924188 0.496346761416881
0.60734557454346 0.93417564367255 0.195891239919257
0.17001871949408 0.409826523425424 0.154497517161692
0.751463117871741 0.155063004744783 0.000319508961411356
0.0381590869535297 0.129760903253527 0.0994412068700923
7.57019177282895e-06 0.000396601706231323 0.00211203503135423
3.97607852942251e-06 1.31063928185203e-05 0.108366556792915
4.13907295015384e-07 7.78453462499685e-09 0.86923559011553
1.96205169838957e-13 2.03891480424239e-12 0.0120113284657895
9.03483012263977e-09 1.19792332354092e-08 0.128765297645025
0.360416921401511 0.356796612091558 0.832628147195177
0.0349579149498639 0.729952728149151 2.39955645204462e-08
2.64662057030543e-06 0.142620489400493 3.53881378617953e-42
1.23211975911542e-30 7.59641784548134e-35 0.230516127566528
6.58165674352249e-30 5.75330166783519e-26 6.87537623135371e-06
2.6760843160807e-58 5.43402319453063e-37 1.10602522121479e-28
7.45175549131218e-73 1.5460412772059e-95 0.473265415472224
1.00199915014898e-122 3.82242187401218e-120 4.53696256446133e-10
2.33914746667735e-134 1.57355255716968e-107 6.49987021226839e-30
0.718868071146969 0.899880754824361 0.70969962387085
0.813449737098565 0.50097675484813 0.375660042465803
0.133505991805045 0.614138600300502 0.116541900429796
0.643200302019278 0.38892049387958 0.909959109736269
0.0743990567119513 0.179623858278151 0.218250529966391
0.841666413774884 0.744575357907267 0.99198959167518
0.129899129263654 0.695502095337801 0.0911740090288857
0.104667413851311 0.826853537768613 0.0194156330746629
0.0116401487581289 0.0240113789337716 0.148934552037006
0.532218931422726 0.907455192818876 0.359613039483738
0.278139938587008 0.153624432764268 0.00777612188484244
1.58465992826463e-06 0.755497267481983 9.19081090915139e-10
0.0159626879830237 5.77141526735122e-05 0.816180898119602
1.55758558230598e-10 1.62346269377993e-06 1.01349948771445e-05
1.26970279938028e-14 0.00160310646695518 3.72138769990831e-14
1.47132393227359e-07 1.21433736631033e-10 0.128129330622413
3.6398149258703e-13 8.90051848965103e-10 1.07948969044271e-05
1.33690179725946e-19 5.95146050896313e-10 1.35509630151e-11
0.737088061942424 0.913951926627799 0.592242996777264
1.18172814177509e-25 0.60726331221536 6.21479424244572e-41
2.7629365815348e-77 0.931297087354491 7.71568656325499e-137
7.80797136742624e-15 2.00751229980564e-33 0.933539321013494
7.12071419774039e-58 4.19043012514748e-20 3.81785934649614e-42
3.26984357830436e-146 3.70452966336735e-24 4.82366482474156e-149
5.99368927398485e-45 8.73564921413637e-112 0.438313223621548
5.17416877902155e-125 1.01312068792713e-112 1.25036584168946e-36
1.06334114789069e-187 6.4176227861271e-98 4.41028890530124e-99
0.358832331565598 0.398790610165861 0.631867932118668
0.388701044446282 0.447958554180509 0.542851928663296
0.562186035969537 0.784822398188352 0.129765804155796
0.0251650392552168 0.0860251102169102 0.0037357970610012
0.802623988948882 0.840126116111865 0.789179954682352
0.0600473282737547 0.0872693203019585 0.27737902037163
0.0172927656839026 0.0164854974096963 0.827149914006444
0.0991422001312403 0.102513547049841 0.779312743452095
0.0119437773238298 0.0125975458287057 0.688081944975752
0.368629042881164 0.358530856285344 0.991662008202875
0.622609750002496 0.979567860383634 0.0241412313391154
0.0189172268038111 0.00453198949125864 0.0431846012055237
3.13060983997662e-12 1.12715152821429e-12 0.879640730606324
3.96986130927137e-08 1.37515188771521e-08 0.859915780953369
1.39781084007751e-10 2.27333758316916e-09 0.00297997612605802
1.46538999796681e-29 1.46355015490245e-28 0.0133307074088706
1.4215910719183e-40 1.99272081613257e-40 0.0645643776655459
2.02664614470625e-30 1.31297087321009e-30 0.200992624532387
0.0435425899719079 0.00914672320099846 0.012992675854201
0.747369749303562 0.406601672857003 2.51149274734802e-08
0.00052131641454611 0.310460584640476 2.07851333720006e-32
4.33919686716567e-129 1.0991645991976e-140 0.017297127754056
3.23769134293166e-111 5.36993954291103e-109 0.000154651749550673
6.08832022553161e-129 1.28103166196023e-112 6.11273829113267e-25
3.80115944112574e-265 5.25793542225616e-278 0.61955736482329
1.58862789559571e-301 3.07462130953404e-307 0.00161798987040112
1.01847482514495e-293 4.28738231484787e-287 6.94747974634471e-12
0.0438133433278756 0.043134123186444 0.573796098574945
0.256051285257217 0.751887963141423 0.0507362783204975
0.351080860144808 0.383260443981497 0.704420302965256
0.356034775700535 0.544006744681137 0.367943779511282
0.246322836570271 0.421893553837988 0.292526947422711
0.0892577284036543 0.266101183929006 0.0907051867026086
0.000299776432100424 0.000113018425977202 0.626698255114265
2.37641557758768e-07 5.88632814558495e-08 0.376092751834242
1.85595864156045e-06 3.14246724729635e-08 0.790710680439984
0.130218518111021 0.165368821309793 0.491154952137146
0.0347088880622336 0.290867295212726 0.00445309269411907
0.00747594926210827 0.91510554808597 3.49960658076841e-11
5.14902136775098e-13 2.24760497764175e-15 0.597853556274599
1.67059682518814e-14 3.77027819641639e-12 0.000231992272818851
6.35669888363009e-18 2.83204863469391e-13 8.49235974056181e-08
1.67089169341711e-22 4.28459480646994e-28 0.870943343410999
2.94792658051665e-32 1.57727213537124e-31 0.000288680882016124
4.42588940269201e-36 3.68939806175631e-28 1.34679694875483e-11
0.579324052481595 0.748764998405169 0.518507972818127
8.27463551939574e-06 0.102111034608315 5.41001542842971e-46
4.74609025172604e-23 0.604177824499199 3.26662188500394e-139
7.69112706128443e-104 3.27711364866161e-134 0.757568818133501
1.1672990473487e-126 4.07045588846541e-103 1.03147798349293e-32
2.24891531479855e-173 2.3472785118554e-105 4.30186430590595e-108
7.38402996893193e-206 5.0610677382368e-267 0.914296953662105
6.58988572148849e-295 7.4614628050237e-297 5.35675199565613e-26
1.0492992161999e-291 2.49568786359316e-248 5.78121713994608e-65
