TOT AFR EUR
0.255159742729857 0.280956835620529 0.719709545836772
0.230463495456331 0.185669785423493 0.941769261667408
0.0667923007832992 0.0675807779560509 0.655669711418398
0.431680503064641 0.206089477231762 0.380097425844392
0.436327643463825 0.952134944598615 0.109766965411546
0.824752829164773 0.794040168176354 0.975492810718387
0.553930328701639 0.8172708091751 0.063948126108242
0.156573878568812 0.128195617093298 0.911750318484518
0.259766944289283 0.188535432959471 0.904357133329797
0.361994218410862 0.12136260024188 0.28369312505921
0.702536671666696 0.690275269068038 0.105281062938203
0.0192010122147159 0.00183603954780046 0.336076762309741
0.269049960226773 0.245425678043034 0.861174674361812
0.293776679055682 0.442258312366739 0.462331390298822
0.949672028129868 0.523780826992261 0.183750082746552
0.727059441104592 0.420950205425889 0.461538005915297
0.0624403997931981 0.0618778839856622 0.643988385732448
0.00174468327920987 0.00348601034636585 0.203037542537894
0.0790223455939661 0.264738884632583 0.0473391505690079
0.0134303342060941 0.308893498461367 0.000304616631468188
0.0750811528450428 0.874072651508766 2.54266305008096e-05
0.0424776421805331 0.00161742649811976 0.0550527056412003
0.00619709997915685 0.0148203009828927 0.197827398094042
1.69593795730867e-05 2.44532041207334e-05 0.166640102046214
7.88849047379027e-09 1.06145188507963e-10 0.960317064593966
4.33506300023268e-17 3.25172519549449e-18 0.126378774364485
3.16263017873459e-17 8.1322577645793e-16 0.00125241798974606
0.216507123673944 0.850705230949268 0.154310825706861
0.0618038636279484 0.242591187694454 0.134258947386662
0.543342646546121 0.613571654533137 0.6866213274613
0.694385916988995 0.245530739017259 0.0983185116874313
0.171335957218876 0.170514260207089 0.533215308860597
0.596289134452198 0.610620023569933 0.257723556825822
0.613484455298119 0.301839193313726 0.841354138775746
0.861567875630723 0.689513182369506 0.922533338104086
0.238225839646623 0.654639537545809 0.24368451222484
0.209259020306498 0.107741142293063 0.791026196497309
0.229518245512053 0.17157584740355 0.674858280523571
0.00350031815415496 0.211617520982236 0.0048304599177483
0.404835119451134 0.623583039892236 0.11951726617399
0.00466197313317126 0.0398984964860325 0.0340829145476684
0.0228424224443436 0.577634374707388 0.0125037184066246
0.986108862187659 0.299703546708109 0.369183100736118
0.0721321553376035 0.00357128478774021 0.957391031037057
0.00534493152697338 0.0047179944617334 0.176056277040118
0.45027660267712 0.221404606213707 0.96334120962905
0.0677621123937313 0.70957823532388 0.00621608970244647
1.06278331701426e-10 0.143184272918125 1.80458551402481e-13
0.0172999575335428 2.18688695553971e-06 0.396245329366192
3.10038911078016e-08 0.000129209834589256 1.89729950141799e-05
5.32053041808547e-18 0.000286769375290315 3.16567484313456e-17
1.25731536942923e-06 4.304998384844e-16 0.545614146871188
6.51130708438212e-08 4.2151049129875e-06 0.00105260283516179
1.38827135947209e-18 2.33436500782546e-08 1.94209129127751e-12
0.0314545609704819 0.0237050811852495 0.746809238819051
0.317048672226603 0.323864698825489 0.862072793718599
0.345005256523308 0.413616534080936 0.495603719531305
0.353968213864919 0.633462035493319 0.0398581889357277
0.259883034488035 0.400485143036795 0.0928488273648548
0.690086987182822 0.272045402017609 0.0071726013241762
0.352147324861008 0.454594385740898 0.347446293168362
0.18564251453687 0.292218393573254 0.209339491227228
0.763528568462303 0.96818592589572 0.290813654355458
0.487447271219916 0.577817848480268 0.446784370893723
0.0253935420074033 0.0359555932038629 0.387532854432635
0.566817368914737 0.403455218009626 0.0664396311898969
0.0029828763481706 0.00632108336090034 0.0453581498989541
0.00256634954116392 0.00735109287711024 0.0370859999445821
0.0426062265646152 0.0609525480550009 0.203802869311209
0.00247724772551287 0.000923028268165292 0.367740461969071
0.00120010693154278 0.00126847226756437 0.644752821734652
0.00106035600616237 0.00160538080962828 0.293792881158401
0.286882671742904 0.228134482132811 0.547674197725586
0.980290297812729 0.658901546871533 0.015264182529606
0.0609281082770434 0.154745871674806 0.00237812836626522
1.03563705958131e-11 1.2737882060884e-12 0.661678618901489
8.7109456616954e-22 1.0613685852482e-21 0.164611438360306
1.24986003207566e-15 4.42628963375368e-14 0.000666778342670789
1.73535573463726e-30 2.78670609887826e-32 0.790241334749363
1.18519710641311e-32 2.55746743061361e-31 0.00378771275499673
4.47933058257198e-36 1.21765769713892e-34 0.000878556000379696
0.110096327659841 0.0536895719919897 0.79753218507305
0.0646335654156039 0.281300881056169 0.0386352105854625
0.412483019716853 0.224706592095382 0.563006373019663
0.272363630881163 0.179349903111303 0.852131677051686
0.225625918258112 0.194016283166711 0.869882570853155
0.317236875751747 0.177335741776381 0.662779604919033
0.271054182174056 0.0954464020685355 0.32977917500939
0.307693279559307 0.464008128630741 0.360710468669544
0.257615483350405 0.170377317691092 0.839090858884065
0.270895893611986 0.257818794225047 0.818886458372105
0.330815847588147 0.68978883302353 0.137074878879199
0.357317800649425 0.0296098365708745 0.0172648879095716
0.026439307583159 0.0254870870706485 0.573271723632929
0.00950903720361682 0.00954611309710388 0.460745125505133
0.000127634008538416 0.00100643342703265 0.0174522914039355
0.00658008206019871 0.0109475875626356 0.222484641185019
0.0198010984123075 0.00627538424630687 0.832344378978973
0.000460816264517191 0.00135410214176094 0.11638907563457
0.827944219319177 0.788095351269461 0.260998177986631
0.709278648611515 0.292221548265911 0.00171726631911186
4.04943435128054e-09 0.0585726245408656 2.7041277297854e-20
9.53775490396615e-14 7.47730882581042e-18 0.834041221571309
1.42056363422319e-21 7.84607925250404e-17 1.05128374502081e-09
1.84615806707619e-25 3.3667079361157e-15 7.99482874775459e-15
1.25009141347415e-19 2.21175392287347e-24 0.787431646373188
3.75930430884681e-34 1.32373361203731e-34 0.00289243203129184
7.22686928533468e-34 3.64850891071269e-27 2.00854003787407e-09
0.0165311877741737 0.0739047744280599 0.0731211585002817
0.516093401717201 0.211596375833769 0.310256217101625
0.195811647537461 0.168699964214984 0.873794798881825
0.39392440584538 0.213555491178738 0.580910984656465
0.086550931867313 0.0622679768845523 0.900164604003894
0.185387547629873 0.204844128525022 0.66864763346346
0.00137197260269909 0.0454226045090966 0.00140883670962683
0.665942656279091 0.925886794501962 0.240791524045391
0.732690605270462 0.786284928005682 0.821927674156173
0.487756863502087 0.170882531557748 0.220190795020931
0.0343335461864429 0.0712379266201947 0.240761498166162
0.419860018718122 0.872034706196974 0.144136969192949
0.158903311655745 0.146072109882519 0.795245786036915
0.43484509537453 0.111355704136884 0.151703653739689
0.0208473888815621 0.0165741944741571 0.676695083093239
0.00372179971495745 0.0023767971186044 0.666228977271189
5.74001577084207e-07 6.74837103219077e-06 0.0278524618373415
0.000209275130043727 0.000278623773421761 0.249819181472542
0.689190161408014 0.796875340911914 0.143225239032611
0.177663030831918 0.555370077033986 5.10495245572319e-06
0.000179893271201611 0.896057304112574 5.52616678903174e-19
2.79619805080671e-11 2.0401556012253e-11 0.122475896976229
1.95816849839774e-30 2.45292889101397e-27 1.87910643273675e-05
1.16052028359425e-26 1.24529655293448e-15 2.64332706816356e-15
3.81811275750617e-49 4.05138508575124e-62 0.940664948872501
2.38990758127009e-45 1.29341095530238e-46 0.00159829502414867
1.38630545574641e-70 1.24439068781145e-64 6.79512100932769e-10
0.0299525769000964 0.900969160862773 0.00542696903622426
0.461074535381569 0.482912798211049 0.706246494664142
0.166564201220933 0.810751991467512 0.0369019223994628
0.765459141426347 0.698627914294985 0.946850779409249
0.318618424488732 0.294442856357224 0.67182226055096
0.0883329594883005 0.594549180489176 0.0699753046793992
0.895621519239931 0.369781884410432 0.556585285779607
0.309316064354626 0.183849016745349 0.810377097910987
0.228629250798754 0.15897300347998 0.683175397119385
0.861771537765572 0.740073563831975 0.601393119621534
0.921711862839888 0.9155602900639 0.966995031831515
0.124268077679535 0.093172781414016 0.000438334566096899
0.0519176571366182 0.227468817640024 0.120391393905713
0.0195519672876579 0.30829301471339 0.0256161852159067
7.61717215571464e-06 0.0133547388876743 0.000110153696866794
0.0807540655333737 0.0341489205117037 0.579419484945995
9.73928588787285e-06 8.78408827999908e-05 0.0112621476691303
6.81459824588843e-13 9.30808441158437e-05 1.18457352744544e-09
0.000501020564142005 0.0339270843865809 0.00444524509602709
1.53125252964012e-13 0.582671705004981 5.66993413536499e-21
2.6549156777211e-44 0.715895991848422 5.4953764122552e-73
1.02610571366602e-06 1.5882827811073e-17 0.548781334351136
4.06933360973203e-38 4.59136820085766e-19 5.25459360066049e-22
4.35881573929388e-60 4.81535504319318e-16 2.34099288579392e-51
1.33835633298751e-30 8.06143403384685e-63 0.317391630754909
1.50946740732848e-62 6.98929464594916e-47 3.83869302920513e-24
1.35223681493602e-98 4.32228075557135e-40 1.89796818088119e-66
0.695757460414422 0.578131545693686 0.473943730609889
0.792551445595155 0.791864215743122 0.977448894671961
0.968291683127498 0.918369412878237 0.472011099571963
0.730280020819442 0.691122131714712 0.83499696232827
0.419635420480503 0.531713631378236 0.327170855330436
0.604769767151196 0.808837390481826 0.189395022975713
0.463015665390287 0.285171613524208 0.122111467514093
0.35487729177224 0.290873330548243 0.571953516989416
0.766672096502618 0.951925293195581 0.215710802076416
0.309286914525388 0.333349188730449 0.692139886264596
0.140104180419011 0.215299471072599 0.174850671973844
0.485237512702891 0.614436939451554 0.309305861083601
0.00374139389445994 0.00368318765018686 0.725618857554828
1.4012517244057e-07 1.5297373077982e-06 0.00474518101901624
5.71608253033409e-11 6.16438376252006e-10 0.0161167450973387
7.64039041871778e-23 1.20569510239866e-22 0.113982507074353
4.50187535289081e-18 1.51426755755661e-17 0.0532288051657549
3.48962971398306e-15 2.30510412571239e-15 0.417402406679216
0.0726757700828223 0.106400690143824 0.211331172305055
0.359765180198897 0.828997851960381 0.000349497229034448
0.129902450299961 0.931977857389996 1.55822904550919e-16
4.474843710953e-52 2.06111679150942e-58 0.0130978733438568
2.53290523103718e-59 6.07104019600401e-57 2.94256429735083e-05
9.46584717297552e-57 3.07914856746081e-51 1.17803798654802e-11
1.29343288308936e-120 4.38776198949757e-131 0.103536985972988
1.47761963623237e-141 3.5613242116281e-148 0.688655463026119
6.54564344991367e-147 2.98852365665502e-141 2.93272840337516e-10
0.930823895331938 0.72457473861661 0.347382171636829
0.41751783709737 0.373052079311415 0.943080327088924
0.390350491318788 0.636689933472467 0.286006074946483
0.531882207668679 0.593409713676293 0.713718928545829
0.234762832947904 0.281386042770194 0.577331464796027
0.112811473249061 0.161995490563862 0.407343905037378
0.364744450164585 0.516310107010791 0.431176275754848
0.0543495625924662 0.156316333246187 0.121727868618859
0.639674904321736 0.989957894766642 0.261522721962914
0.47942608823556 0.714771453581576 0.352682734251777
0.722837307372301 0.545723268847615 0.0349336380739855
0.0809689269202859 0.582831553804258 2.03235709865605e-08
4.31706406203144e-05 1.2105392784778e-05 0.591834412146229
6.47679460476947e-07 0.000333580054552226 1.61493389375986e-05
1.02693515928862e-12 3.51980416528955e-09 2.24973684599532e-06
3.99657458808177e-11 2.68723845869959e-17 0.0468771334448677
8.03402987664807e-11 4.1849745114144e-10 0.0191824201732114
1.77629273694035e-15 4.50418208758741e-11 2.73546701299206e-07
0.819403129836512 0.295063977254895 0.0935175464798022
9.35332528171155e-07 0.64517318473247 2.20177432955806e-25
1.36294642682299e-10 0.624654662651358 4.67722054676529e-64
1.26270402406105e-42 1.95493394921147e-56 0.607438325076045
8.96165547034997e-78 1.4062103774249e-61 6.55589960871259e-22
5.55043569536696e-80 3.02805618555356e-45 9.72090211794416e-57
2.16264898035881e-111 3.79084789946246e-144 0.876486060075977
1.96619717999218e-138 1.44601927777636e-140 7.98120966220396e-13
7.34078624256463e-172 1.33680958440533e-146 7.09720952865399e-39
0.340691178543274 0.777555972894523 0.104605455148759
0.104301103481442 0.23423813972315 0.208821335839372
0.0559154745337675 0.0487143460864421 0.714972098887993
0.858852854076936 0.980261422528024 0.659983585195604
0.81990270176175 0.612378996059868 0.612829850073816
0.000584474735387625 0.00267960395966171 0.0870967906092592
0.532227623486288 0.315590650804919 0.528537465077761
0.0340009166767809 0.0121015281960377 0.753350687219409
0.472264239711315 0.0630155769362452 0.0329961405778857
0.910850296003131 0.672052348984093 0.260838181881113
0.306421243394576 0.818693638614221 0.0675719210880473
0.0556183872521329 0.524218987344916 0.0020697746990398
0.00376804201394696 0.000232737240737316 0.381214106495612
3.57922104085178e-09 3.37697387369646e-09 0.134575913767763
2.04272904770826e-06 0.00033892095797837 0.000365501794898677
8.81561998831548e-11 2.44890082363403e-12 0.583881233501766
2.16510211138272e-11 7.88749923262665e-14 0.890710625681425
1.86168594893793e-08 3.09590140912355e-06 0.000728924376248984
0.960659929587163 0.553078967874935 0.184355552482596
0.000547829140549439 0.546240516403525 4.88386108322256e-11
1.12943889284615e-09 0.535769548067163 4.46255444900903e-36
1.99104830512328e-22 6.38768983917144e-31 0.251439105680031
5.04162423414688e-43 6.71323007205869e-39 4.23901713986312e-06
2.003194403962e-53 1.05134100760341e-32 1.2267403141585e-28
7.20759231405267e-71 3.77008455113161e-97 0.0611478131958297
3.55109549714154e-129 3.63977130313642e-128 2.36685639162435e-10
2.64376191296047e-141 1.6066878666686e-113 1.17380719154217e-31
0.0167190080383144 0.00852058859249459 0.346666882587111
0.233674788348484 0.172014414324123 0.681684908734786
0.812637233470401 0.235381138670961 0.482310465801757
0.539908604059835 0.287829055572871 0.928159346572268
0.973713387108149 0.580833483552069 0.666287829684855
0.108839401958108 0.6094889792463 0.0897275513836732
0.0493467565481944 0.0166339127253353 0.569790277625571
0.0266882688187548 0.012458451546467 0.42375543934048
0.36023330192994 0.140078520704875 0.975818162908581
0.158070405573641 0.158214229863029 0.491939169497618
0.0167565542322014 0.929954442895206 0.000946183137748443
2.39397976284763e-10 0.895422324288641 2.49550183353911e-17
0.0554144996274472 0.000271044927737036 0.556001689572094
3.71076744247486e-06 0.000233584555988882 0.00266970485679185
3.51608277168619e-10 0.161351356870295 5.68230152561868e-13
0.00631363141890603 1.47045771736129e-08 0.214648579350523
6.53264391775303e-08 7.12187078222582e-07 0.00302330570602926
2.0979587823243e-15 1.49369195357526e-08 1.28720560578317e-08
0.814835536373043 0.828305909153318 0.900038720079279
9.59522606626057e-25 0.922614123492383 1.39412395815243e-42
9.28082596102228e-80 0.69111802957406 2.28053523964389e-145
7.36154968613376e-16 1.05312251242824e-26 0.106014603497474
4.48593158356297e-65 1.64631661022724e-28 1.15352696963542e-40
1.74641521820997e-129 3.99280327509896e-27 4.20207162002881e-122
9.80087813404524e-48 2.68045935636646e-111 0.578573732577653
1.64908350392504e-118 2.36570205745903e-105 1.31807709260404e-36
1.24126326650743e-191 5.8473073126185e-92 9.84379848736082e-110
0.967461555625453 0.881431376018485 0.61970192734981
0.894169786709685 0.767990368989557 0.399774137901359
0.864265702498399 0.811613115750044 0.757520483933509
0.0103512503266801 0.00985403340803721 0.815063527299912
0.0110117305777326 0.0199734473548743 0.196623056156142
0.561455662367728 0.447325894601939 0.435695911591516
0.053995705076289 0.0518944073148292 0.87057781636443
0.022427337897958 0.00956907553728098 0.231415933876607
0.230967908507979 0.229188667960368 0.895910355068583
0.546999635449761 0.656539042643278 0.435779470706768
0.0843862644157068 0.200753284467064 0.0166529301150567
0.419964035224222 0.476584203417707 0.566162949294004
7.39623996145734e-11 2.16249436660364e-11 0.959644005901757
1.34634674176728e-12 2.03265981767245e-12 0.234377628159151
1.65571957980689e-10 1.85265035261535e-09 0.00611748998256469
3.14908714696962e-31 1.36121003531247e-33 0.414364748602941
2.16306265126638e-36 2.20886257145272e-36 0.101038279953712
5.38300277232122e-35 1.35966867153216e-34 0.0449825544161389
0.0656387777324792 0.0770118074661115 0.556884817047803
0.225155514471849 0.967773823231503 5.83301813210213e-10
0.00064150365627701 0.413156690786928 6.80358262787671e-37
8.6168528470048e-124 5.22404701220138e-135 0.0566842129967449
9.15066743729341e-156 1.27291853055465e-146 9.18470823935259e-13
4.57713162719454e-153 1.98090133240785e-140 2.78460091250571e-21
5.01714664114714e-286 5.72397275864393e-297 0.192311153763178
1.71934844752754e-321 0 0.00837889725600644
1.32567286930708e-286 2.78377483376374e-277 1.24163668127767e-14
0.810420975228111 0.81096801863364 0.946480335923813
0.59970706864668 0.415438822470557 0.655952365300689
0.462713321759082 0.186510518735943 0.301218509613289
0.315746115825347 0.0651222261865176 0.144491137882844
0.104973878123683 0.199285453611481 0.227403797049254
0.661642197977581 0.65863360344217 0.906577239985245
0.0202157921890613 0.0331539443897646 0.29440277762245
0.0368878890052486 0.0061046358173984 0.448896912715229
0.00193123762181117 0.00485034481590958 0.158757393912468
0.987058412597813 0.97067217031867 0.969256441501986
0.258530209261906 0.943929890678731 0.00599596516681238
0.00286086682791126 0.752538916896796 3.40634061049884e-14
8.98900435615027e-10 1.30423606598986e-11 0.709369279941891
3.15751614334786e-10 3.17359349963123e-08 0.000837982741298597
2.9061961801375e-16 8.03614092635973e-09 1.79410273230385e-13
4.02248305730374e-34 2.48224023870135e-42 0.7559409043389
1.30691711046956e-35 1.31395630866081e-36 0.00231262329400333
3.67463712581501e-39 9.28291645211172e-34 6.59610998559966e-09
0.518341904516398 0.588590040355692 0.680543790571589
2.82826262320047e-08 0.964855442319686 7.85426304447676e-39
1.41418251327398e-28 0.460310996106072 1.18555580076796e-137
1.45822051552477e-113 5.19185222460063e-147 0.983795523240301
5.42868150764097e-152 1.53929091507865e-126 3.36395980265958e-36
1.21191007795296e-164 2.54945581000965e-93 8.19814849650336e-120
7.84832651608291e-231 6.47069728570683e-304 0.907845539168396
6.33392157968478e-321 2.31694060879836e-318 3.73304698452944e-31
1.83507422576004e-313 2.74458219831794e-263 4.45803817972394e-75
