TOT AFR EUR
0.461659882656882 0.648961648400015 0.445651540477138
0.0335264877163522 0.0604816049911093 0.330520056467537
0.313921512173501 0.574683794096248 0.244136680483213
0.210212235258622 0.620522344426654 0.0627807369856968
0.981495888279178 0.793184194616719 0.566603979526263
0.584895901247732 0.864118624522981 0.353778593153223
0.873984115633522 0.746404896999792 0.295484586787339
0.0818035295511055 0.0683144913876884 0.796153748799076
0.780587647212303 0.737091484961205 0.961187238176338
0.658544656973754 0.825058370429449 0.550811883868589
0.996325569752223 0.506396026229304 0.217867685885722
0.170996349858455 0.268871954643542 0.392538487916949
0.317901560811196 0.0746333215765811 0.150060840082037
0.792317296129688 0.928823662726234 0.400474855798076
0.0985270138176491 0.15383738805282 0.411812204163288
0.0274535884307666 0.00348672307481568 0.412748756218111
0.496058161721607 0.526261938092785 0.807912953806122
2.80888909483123e-05 0.000610017059357652 0.0142903583161803
0.429765648284433 0.850809994510704 0.185026871235015
0.0772043251414174 0.288516740866002 0.0853221421639279
0.00171141855681781 0.308212966016331 5.62074139638095e-07
2.40273398326525e-09 6.8665553243558e-11 0.765848098191856
7.43959725644659e-06 0.000987480682746178 0.00118089163061311
1.20126991823578e-10 1.19033282132059e-06 1.24025048609601e-06
4.97053478402303e-16 1.60349293316394e-17 0.334225499352664
1.38809913519073e-10 1.63701772038267e-09 0.0128208197109909
5.86661400269073e-14 1.05529366186545e-10 5.06565447843786e-05
0.228571428697565 0.747452287099952 0.0638712340454923
0.722773338350218 0.507125062627846 0.900511885716437
0.79428001078971 0.637382054901516 0.953796039067646
0.0450315995408245 0.538635466692563 0.0341817657936817
0.916238009919517 0.746621252075219 0.899773866220063
0.962223849350071 0.564544239927544 0.681230623006204
0.135814365454753 0.58263929166878 0.0175117644158177
0.0462721979451937 0.055341159284288 0.30002892358947
0.372600426499675 0.278579156361886 0.808080632013841
0.755796742660622 0.992264089472351 0.683760393313601
0.419735614979369 0.558092731707218 0.110997879600821
0.000597077007167135 0.0456092029656872 0.00307839507762114
0.974383144551341 0.602882215003373 0.67350770755563
0.296349900478785 0.115001128567725 0.91004657979003
0.0274899215779763 0.242838893713212 0.0510695365506304
0.81679454390787 0.900151336814188 0.837567817309293
0.141043649154836 0.125068944383256 0.538199542591695
0.0182649604795314 0.150365546996935 0.0478195026902947
0.685017053979762 0.386959775080544 0.182571187014834
0.0193434001985969 0.570864632320399 0.000217406581930573
2.95155480942683e-09 0.368524435582655 8.05950925957809e-13
0.0404514275783759 0.00143307762042963 0.952986655907107
8.33711431200755e-07 0.0107467914222836 7.66813523252386e-06
1.99188454334647e-13 0.00590735280957965 1.46099239107407e-14
9.32131396187434e-07 1.19653321085078e-15 0.899885038144024
9.59680550263145e-18 2.750114739302e-15 3.62312387303131e-06
3.02275631233733e-19 1.97454464097584e-07 1.5101384776236e-14
0.278628739128365 0.237687525776042 0.724173251406975
0.27178347366165 0.3634200906076 0.233354169504851
0.450214490314183 0.429197525382436 0.939490876061923
0.106762849066201 0.124512450392966 0.527798659799599
0.136796314161256 0.0693576750249762 0.212781662406517
0.407835788095394 0.251810382230332 0.102170875218428
0.122259556396031 0.082889177422767 0.440162309856005
0.219934657098158 0.215851896190298 0.918489874044773
0.049326168908143 0.0636768664243612 0.3614071805584
0.750932153453789 0.807936012817913 0.601405434395535
0.322965471603195 0.52843744949697 0.0769348940443629
0.106399713475177 0.0214111431215667 0.00425455760729489
0.00323276161554535 0.00158789833038851 0.565523773522884
0.145718942589847 0.205828205277472 0.292695429241408
0.0108613208173525 0.0295314258779405 0.0355670745998895
0.0147048954674978 0.00399204649346346 0.0178751702590465
0.00210683994610142 0.00247113106815678 0.528694015091335
2.18512193752408e-05 4.92187614604869e-05 0.120791150946491
0.972759214856551 0.926476107847189 0.797938736299295
0.101269535510381 0.135955048890591 0.380544599378544
0.113631081920499 0.356057362398826 0.00462557621420407
5.97867277195594e-14 2.98107138705006e-14 0.596280286781034
8.3527724667958e-13 2.7793604765608e-12 0.0656166547123501
1.38241632490608e-26 8.93372734160374e-25 9.60134199254748e-05
9.36181510957352e-35 1.34947312704786e-37 0.58061294575998
1.57728059117919e-21 6.03443164844336e-23 0.885441812968619
6.58718025692759e-28 4.1421922009772e-26 0.000980941669490513
0.472829468921397 0.310918171976462 0.710404917880468
0.598089600719974 0.786546777364035 0.476169390424655
0.0619118277671346 0.103762909418849 0.325237442437165
0.0003888648906445 0.00550071320523947 0.0154534206008174
0.931383810206711 0.679138680277654 0.544519189999464
0.905385416574223 0.696427116781433 0.276991371037622
0.0544719260516601 0.00826216560964748 0.308770975438578
0.0851102632127533 0.326869696492691 0.0332607496500287
0.0695490468721326 0.135366667521381 0.228551063756252
0.605951334932473 0.39083727593796 0.569114163312841
0.892890972914919 0.952572331420005 0.84970443611393
0.418350312465994 0.965155050508134 0.0733796397416741
0.0163056897479186 0.0321778156220894 0.207425685601144
0.000290148771832767 0.000490154839033816 0.165136424983212
0.0076310424358158 0.0214487810357846 0.116922051628458
2.54342589250842e-07 7.33889524391523e-09 0.893518777818481
1.37434343508288e-05 8.59766122692165e-05 0.0408476311508992
4.44760155772378e-08 6.3444428732524e-07 0.0166704709236732
0.0940648955001459 0.114566627955499 0.499712406454534
0.0134555097658043 0.854602839601641 3.26513877942323e-09
0.000841386508336866 0.775357195737348 2.3580216409268e-19
9.38301466977386e-14 9.37360581180329e-16 0.188306359465994
7.10370176195138e-15 2.00734576036763e-10 1.40065127325389e-08
9.62976607745365e-19 1.37906706521403e-11 3.46484960616745e-13
8.54563111548681e-20 2.16283756740636e-25 0.979427827026367
5.01246845255239e-22 2.6539071167436e-21 0.00221201693729951
8.781285801216e-38 1.93741819133028e-33 2.69419756727104e-07
0.943556135714105 0.742453915747064 0.610495622041952
0.825403969293788 0.937905173255514 0.496902980594096
0.311414343589635 0.484499999133679 0.364796130429714
0.624443589864817 0.317141795598174 0.38131355437402
0.969693822208151 0.767173397312245 0.598696191654417
0.795636204804572 0.944293789387529 0.474220656228819
0.0209832777394846 0.00486634347353729 0.661050855954589
0.470531086269077 0.547814390498908 0.673921765501003
0.581060028889905 0.426999195346419 0.721419515691338
0.232943784307621 0.148091225426515 0.828233227531495
0.638240831805399 0.651268446551188 0.882391318435586
0.00805345749659902 0.202076065117572 0.000416020058013537
0.333312387173871 0.388407188147252 0.651112578132157
0.000670058873693905 0.0008760077910697 0.305362739718035
0.0133761484080289 0.0758084110927177 0.0490748768461347
0.00149757903374623 7.59970462578505e-05 0.412858935125077
5.69494600149306e-09 7.27865972652218e-09 0.145489413886098
0.000646130760302465 0.013805927162061 0.00495425374707989
0.0253159300966075 0.0913963160882066 0.0985811782560855
0.193159283997619 0.545580064463002 3.22750629767196e-05
2.99959222227581e-06 0.432796019587468 4.71491814982121e-19
3.51974946511422e-10 2.67256936082248e-12 0.928269278970882
6.0966127577819e-21 3.53251453354665e-17 3.50191119127771e-05
3.43841019008178e-26 2.24332230403523e-17 4.43875071066e-13
4.57833492762952e-46 2.38949411883421e-53 0.264158417617743
6.20480768208052e-53 8.98711190314647e-52 1.35740775966283e-05
1.87690198428176e-58 2.90102175461253e-42 8.04498567923819e-21
0.420883809651596 0.0598455673433356 0.569418707626498
0.81564200018915 0.407515804967366 0.703320019953593
0.787883377154379 0.373360845557626 0.270491990274374
0.628104210773456 0.913413022581538 0.460955730845339
0.765403937656861 0.649400863769333 0.429385400993767
0.518235114068743 0.751620012218905 0.557366463060053
0.379393283741899 0.21668879381855 0.889312089882712
0.0662039869277285 0.105543576498403 0.302743414039328
0.453831176728748 0.278372964285509 0.0548997533615827
0.00617094525660211 0.00161175550025494 0.348306775060516
0.0260040705466009 0.502253974231957 0.0173344137067872
8.70576745989256e-05 0.128326028291257 8.26073609348181e-05
0.129636792224136 0.0694817165198529 0.635877080822266
0.000125332862279249 0.0214622783071638 0.00174625974726472
9.50821868200445e-06 0.158441832890572 3.17591314897267e-06
1.78682545348354e-05 4.55658056054233e-09 0.51942436333664
4.15817745500062e-07 1.65753433240857e-06 0.00804272278361374
2.12588963972006e-08 4.09692325124786e-06 0.000461002029778724
0.233138567378691 0.122615965718905 0.762095801177644
1.83709820205707e-08 0.0909479107515544 9.20902231681012e-19
9.99658010144575e-48 0.344629556806975 1.18835922753503e-75
8.77250380397576e-11 7.91739770865038e-20 0.345602323780897
7.54363289701651e-41 6.12602492906447e-15 1.1003598766179e-28
4.30859245564045e-73 4.80870853530183e-20 7.90018746476119e-61
5.48241462092474e-13 1.88299467004896e-36 0.467133912878837
4.01745096552023e-69 4.02816352167285e-57 3.22255009563273e-22
1.56886390491836e-101 9.11413007718865e-50 1.93102986821913e-59
0.321755514644994 0.521156644122841 0.0363898794664468
0.664724047064714 0.66394449625299 0.961039273953494
0.8317455824778 0.731890016347595 0.537008321567632
0.207400686385192 0.110486163176912 0.128277149367696
0.40151580527155 0.616689277954827 0.0474718617170381
0.944357411352405 0.763476061838849 0.203892508040397
0.000729389773013835 0.00256535120030402 0.0304721629094927
0.00979150003897547 0.00884366734110479 0.88169996308575
0.00863687234907639 0.004329471055518 0.408979629107872
0.397196103395488 0.439805701789081 0.622976802209381
0.0319691345965258 0.0495912014651163 0.211095771202389
0.0878572789407666 0.431488317733783 3.11911963312191e-07
0.00416338617331679 0.00150855152798739 0.223369189032366
1.89292583538706e-08 1.47501645563933e-08 0.65340405933307
1.2444477110331e-09 3.27325223044931e-09 0.133025515934803
1.14150334914746e-20 9.27650873778435e-22 0.872627010080439
1.35275249229907e-12 4.49913887551177e-12 0.0959080851951958
1.30467139382509e-17 1.70316341612808e-17 0.234327132426609
0.655450764064155 0.790667784927077 0.339319655440259
0.718717167961305 0.50859567209657 2.71001073477162e-07
0.351062503962721 0.685271505776937 1.97245872424744e-11
2.53388143100012e-65 5.14428655706212e-67 0.313039678179559
2.61788200781247e-52 5.92224875316276e-50 0.000216483433155004
9.95931041929289e-74 3.87236833390637e-66 1.39668165677901e-13
3.73729038415665e-131 1.03341780280972e-134 0.0816350084632807
1.64119173033994e-133 3.01829215889359e-132 0.00030014463238489
2.32012075073956e-156 3.47400082246469e-152 9.63218892840845e-07
0.280661129650096 0.170524771482529 0.760638941924742
0.814213544562532 0.704495717242208 0.18694737735114
0.463774489290373 0.428923637228518 0.000732614512533972
0.986731098570415 0.626709067992697 0.319146572958357
0.00189798167211259 0.00694709929902893 0.095016494035666
0.881273774673605 0.621616771011952 0.50007738855725
0.0655523023488873 0.0839167001611175 0.453112703081452
0.0249080035341409 0.0196548952459516 0.671125120462505
0.0069765547991071 0.0351388842202564 0.0441722549541624
0.259173954634849 0.185108723770567 0.916853999331448
0.270413781777906 0.912910332280346 0.00649807294269993
0.0137916972461245 0.950225130742249 1.63051246873947e-08
4.76733255494019e-07 7.9417795711349e-09 0.875874898129732
4.57843004890235e-07 2.76199863011751e-05 0.00113380199709048
2.95504321066337e-12 4.83842392671481e-07 1.45506876293065e-09
1.02336478943002e-14 5.30400899686451e-19 0.802646561620888
4.74598073682086e-21 1.0642739641001e-20 0.00533441677442153
7.13197781113123e-23 2.27470907441737e-16 5.26377866710405e-10
0.326308783996693 0.469920990968198 0.41183206910947
0.00984101885441027 0.227661309661792 4.80570839241954e-19
2.49363451646135e-07 0.115689252226188 1.15740042889057e-57
1.39745736724389e-55 1.02333510921014e-66 0.182462144130524
1.50190235906627e-84 6.43393534473859e-72 2.46112926830922e-20
2.97128921378224e-73 3.48617462684629e-47 1.09713498832938e-43
1.34606543773481e-113 5.17562850267734e-150 0.696066448196053
4.44706197669844e-132 9.2757567207368e-128 3.71786838705354e-17
1.63386416801723e-146 7.97190143217899e-121 9.41025364519e-42
0.676374927975624 0.598665223547989 0.906601990565087
0.570305120255921 0.102231841721926 0.050571594771996
0.290070270490065 0.233001514171199 0.992702126708909
0.507621599342803 0.52091444205631 0.841090155671659
0.351272063995636 0.366162740170961 0.775509808477185
0.313365234131904 0.677995291059819 0.142754488391156
0.609751511461115 0.426817309708073 0.657007341731863
0.297953280191161 0.795362982566449 0.07113131894909
0.312947315073463 0.251707583513012 0.97442862985309
0.0883736730202911 0.189168339237378 0.218664962762279
0.194653762812945 0.10025354543395 0.701692346867565
0.116052710948033 0.685055267827748 1.27480603347094e-05
0.0028606356747717 0.00412889489015979 0.341076402101626
0.0126311145211219 0.0538566899609154 0.0717899743455756
0.000669661943888332 0.0120922823152193 0.00900855850098788
3.23145460581959e-07 6.3958344106235e-07 0.116817246452525
3.86956540463946e-08 7.18479227753666e-09 0.478171776906012
7.79377394740111e-11 6.04804161983521e-07 3.88455611745215e-06
0.449556320000806 0.473577294763108 0.786616583335156
0.0407471775303158 0.950485228285969 9.39268631832335e-07
1.18567155541615e-09 0.42082221033795 7.092874011389e-36
9.34222094700213e-26 2.58627104355485e-33 0.603421877189121
3.48909446735063e-47 1.09701112885761e-36 8.08377672503504e-13
8.34890399905485e-50 2.93444437278971e-26 7.46934928453811e-34
1.506050028257e-87 1.97880245950658e-106 0.554421419614977
8.61354347430824e-132 8.05597856709444e-135 1.03966342549772e-08
2.66683793123002e-113 6.57750166516053e-88 5.73766613966277e-30
0.938103892380196 0.571573209190768 0.700512794397437
0.0658641637665915 0.279483937835423 0.119311082182378
0.0671338421870042 0.32433078597699 0.108129984784504
0.373454118149402 0.708891383936701 0.383079577003793
0.9836017430524 0.214769366952383 0.281645588011433
0.445437711458354 0.0732978933138761 0.600332901084349
0.957515222458625 0.295091843967806 0.417001474894822
0.572947684196964 0.698797342213886 0.671728555607905
0.0412443900225461 0.047897083740948 0.307728710413887
0.634225465720724 0.947027093892151 0.489136601027773
0.000614178269757967 0.436274184258686 1.57046180760004e-07
2.89285705320797e-07 0.492209797709104 4.44026716112088e-10
0.0409378756078658 0.000145897034833213 0.57520585779881
0.000483659374342107 0.0190406842090216 0.00859612751067253
8.2347831136057e-19 7.09206759952838e-07 4.0897827951103e-14
0.000109839717294622 2.99755971642547e-11 0.575804237972763
2.73473596406824e-09 8.03662939191691e-09 0.00246666017849114
3.89362710173434e-29 2.78755990745561e-15 1.19504166539386e-15
0.591295634288328 0.306832122831131 0.877005234364774
3.54665968920851e-20 0.812099208846053 1.41930708637272e-35
3.97043068461921e-75 0.891504107356018 2.39893158763732e-138
1.04336861269361e-12 3.45894543430174e-33 0.487978488115805
2.90375290422573e-68 9.11397352774938e-29 7.31206261630967e-43
3.14315050915378e-136 5.36312297110321e-27 5.22157441914572e-130
4.3774200072046e-54 4.5901376368511e-125 0.428964841862836
2.51188929772998e-123 2.62860330661906e-97 1.68665798902932e-44
1.29808398769247e-177 7.40407480137558e-82 2.37689030435424e-103
0.0143750241987268 0.00828221027472813 0.491460207772973
0.963742475340701 0.895203759853118 0.425979872819927
0.0370054816577053 0.0234735170115852 0.515662747902455
0.297335068698077 0.183447855785729 0.186237012231013
0.128914684156071 0.074806911486988 0.284412635144962
0.135516646252205 0.1638702179137 0.497754988947381
0.0634255497943059 0.0229662929593757 0.0545428128871675
0.000870547302019576 0.00163154730446158 0.180781299466953
0.316370704789199 0.276185584198354 0.73230834496866
0.270563429189395 0.45617993907172 0.040117081541983
0.939862742362744 0.987072811427778 0.63739717273132
0.579211420585131 0.201140615092546 0.000338349013890014
2.68346193514615e-11 6.98843323625685e-11 0.110134802985862
3.57907031078171e-10 2.27573769729279e-10 0.674348488418921
1.31958020067731e-16 1.61900694774315e-14 6.95182929069958e-05
1.76795401144025e-32 1.60140238155684e-34 0.723851966366337
4.68286061772511e-22 8.05065422286317e-22 0.157003522885755
2.09469775811835e-28 3.7741693698661e-27 0.00685397289468016
0.303146180279425 0.473309316492534 0.0827216053114585
0.545160500926281 0.528283274691618 1.9944220865375e-09
0.0113050684713493 0.865758201076834 1.03001698665888e-46
6.65060695402926e-133 1.50554690045769e-140 0.780199337545657
5.50060324204983e-120 1.69994064615636e-118 0.000121501887712862
4.28385291562908e-153 9.80077766765998e-135 8.35098551512205e-34
1.60021698178907e-263 9.01911211625412e-277 0.824513359253648
3.40779317135737e-285 2.01483592437188e-285 2.92517334388356e-06
1.33106370937225e-281 3.96833048113312e-272 1.06918781018963e-15
0.629822229847151 0.757517416869582 0.616834502613079
0.0818174641669313 0.105782747010406 0.444682870958748
0.677218976428892 0.589038586302283 0.881718896195857
0.0333643940639226 0.00428877298779448 0.361277008260762
0.525026077290584 0.8868646248122 0.219589361302546
0.51075119708468 0.983625646642505 0.109829369025404
5.21625068478524e-05 3.27150856355213e-05 0.373497188366555
3.70142151574906e-06 1.66887894171235e-05 0.0515412418897746
0.115961705879081 0.0110524424525004 0.121717130131528
0.0648220059637821 0.0543473141267968 0.733622362908263
0.0840189617945136 0.888867484436646 0.000160570053759325
0.104837909480296 0.240542370785114 6.18443243336737e-11
5.38692015818703e-08 4.70317562647444e-10 0.891762787214318
1.24659509878371e-24 2.37450017149758e-19 4.51509594487317e-08
1.07189286732079e-14 1.18999683532073e-07 5.71260966162863e-13
9.387707868748e-28 1.61668553238262e-37 0.310321087644525
8.40490316364048e-29 6.07302444911402e-34 0.273939062002783
3.62414674040644e-44 1.54460033197118e-38 7.00679251001154e-10
0.804697066890673 0.609692961257611 0.10006488203506
8.29639394695425e-11 0.773769008258635 1.28746360302845e-49
1.16035679530654e-25 0.658008823989613 5.18725984406485e-141
4.88838402308037e-116 4.49387482461898e-141 0.113123199586206
4.16423111169396e-147 1.1674228820503e-119 1.06119786731733e-37
4.41187498326744e-181 2.5470732332288e-102 1.25371937414266e-138
1.15031856705854e-194 2.14514028467836e-258 0.617514896970224
1.20989446539812e-271 1.29500470394081e-273 3.86186896271761e-24
7.85620302210497e-301 1.8634972267402e-261 4.71019785281927e-58
