TOT AFR EUR
0.901508816150753 0.783624976918196 0.451514427109526
0.137205352663776 0.210776714177332 0.374806975014296
0.298935482287824 0.230643934820992 0.954724847328238
0.881978410700205 0.949077850438449 0.661241086882345
0.471405788873304 0.453540466692059 0.903852030442159
0.385407842911782 0.939953686448624 0.0467851003089535
0.806455984248088 0.693597761233819 0.773017318306982
0.427345923108399 0.632676331377189 0.360085168593034
0.820691413893325 0.749393140638123 0.903841242674196
0.801364071563002 0.56525697363286 0.532836731112848
0.395582043113064 0.196436243646535 0.447268636911837
0.784555226583195 0.416502017936003 0.302604878753243
0.243262498141591 0.130421689874541 0.727380434546588
0.59703098097727 0.152618680023905 0.110945692254142
6.76840606235354e-05 0.000315632658285651 0.100313739922184
0.810719122199323 0.473802458738327 0.339768524150631
0.0116951314126033 0.0230233321164422 0.231019721002697
0.00741750698632719 0.0199843621238229 0.221487340920265
0.654597651774144 0.212919280302999 0.123466160718131
0.234051236442433 0.454751372326487 0.215054318338156
0.261581349608687 0.700709010346249 0.0657988564087409
0.0248090114454119 0.00332959803222904 0.374565474627626
6.25754989838439e-07 0.00191338005689007 1.13965455658658e-07
6.97620590784541e-08 3.84079377247991e-05 7.93807657091312e-05
7.38854575753396e-10 1.07752210732503e-11 0.825670004327546
3.52951685260531e-23 4.23713642448532e-25 0.0756457739054188
3.50429557350582e-15 1.67770576171438e-13 0.00299638978705701
0.956294063695218 0.501243392042617 0.613572170759384
0.434089518362781 0.874360826955172 0.249781140365072
0.40973372617364 0.649383549057788 0.465665506222721
0.152328581662555 0.623792944151835 0.141007783090404
0.965399212231241 0.149964738288194 0.236243971549554
0.418909343126893 0.857589183519381 0.346646079276849
0.716719605755495 0.545778580513086 0.970332337723664
0.335538493640479 0.0452805371501113 0.665941847965038
0.951848204863225 0.914130096096292 0.862370978511009
0.42746532063698 0.525717655615905 0.619707252759159
0.442950360457788 0.230978732273018 0.0437238547112513
0.520044875519174 0.572567506222105 0.707250383794097
0.712744224770463 0.0320731749269019 0.18197682905505
0.53784755092781 0.571783813851451 0.73286593183048
0.222865528196312 0.780655333044137 0.051324361209573
0.00403761979754261 0.003178215458397 0.192625568748396
0.727473131389549 0.879001864091856 0.740662453653817
0.007509536240429 0.156127686013181 0.0226585789172261
0.898447799992759 0.990906636807221 0.871743182385244
0.00338749000951864 0.906479325131853 0.000165606879464193
3.52695928618834e-07 0.0925547971339808 2.8291203172435e-17
0.000470893586491969 7.68754771316021e-08 0.997626012681593
3.93188447826524e-08 0.000181090656746439 2.1569905633864e-05
1.07129711659923e-19 2.81258167843433e-05 2.36574520996054e-17
3.90143537603204e-05 2.66256300264549e-11 0.980584316025487
8.29321320170204e-13 1.36773589096803e-09 4.38943433149593e-06
8.37092682183978e-22 1.7011480701983e-10 5.93057951476208e-14
0.0992948802633131 0.181510676033234 0.107691823501464
0.246213034858217 0.226556899530368 0.934987045442774
0.190170612159822 0.289274182915753 0.117696988110792
0.324265589657038 0.334331678997496 0.804760874400768
0.301545498173905 0.57337150111687 0.0692943023529681
0.394433311766608 0.566895014692407 0.153614067924241
0.0897516334628676 0.100926130355294 0.599206074932635
0.57576009554311 0.602635183782728 0.784752539916206
0.179150742644945 0.232236876065392 0.442150271930664
0.965398231152834 0.837094958785037 0.454160777750081
0.517745900255754 0.274189238826812 0.0790059513674801
0.301595187978315 0.211792975569646 0.257023422105888
0.107569459116876 0.0399807100409576 0.0640086496250536
0.130714340116198 0.102639885487556 0.60513467325414
0.0975403209993772 0.0719598264559237 0.528212979637157
0.0102272362152105 0.0154927717739424 0.33318849121233
0.000555042551433736 0.000986548667668153 0.257863971437208
0.00133579432257066 0.00395890008039719 0.042662774332065
0.347979167256005 0.294693433828424 0.716728842181127
0.745710555003762 0.418452184254166 0.0244258200417593
0.0295333819141153 0.216463985880683 4.61990769151285e-08
1.94257138686541e-12 2.0374279590836e-12 0.320377566401702
2.79380514729018e-11 4.55741808800469e-11 0.298277667150374
8.07242299370441e-17 1.07881112419295e-15 0.00059199167590059
2.57571818327848e-28 2.15577831380053e-30 0.522241518404163
7.47689769506643e-31 6.46475422750195e-31 0.198052631234679
1.73779204003531e-33 6.40750065150322e-31 0.000179734185122064
0.173381679157468 0.139296025200038 0.862076570769786
0.585806137567086 0.651917824390262 0.727270185975114
0.211356352102403 0.482147348007917 0.142549694210033
0.982260094637001 0.874248913728019 0.712513972424137
0.679803024718268 0.403901381903001 0.47169950200083
0.729608678534116 0.831226666403905 0.714373058730556
0.912034122526794 0.8250067964082 0.454353092070917
0.0126139209606091 0.00374849746746961 0.889500420243949
0.535054878797862 0.574681968719465 0.763332105089585
0.374049379273558 0.355669782542538 0.862396431977867
0.308011904926629 0.547703232295081 0.236410463997542
0.806598499896308 0.721601178852679 0.171206065503663
0.553283115143548 0.177074626761909 0.191838995406793
0.290117350467204 0.570837466603465 0.165265094920136
0.000564872482419733 0.00504535211132752 0.00767677021080986
2.02715635225202e-05 8.75586732278208e-06 0.517520434834764
1.61787020152502e-06 2.07817391708716e-06 0.176133004065939
0.00153961428613355 0.00121292886030533 0.482739589046709
0.0750452564927063 0.0733128008679633 0.709689783820035
0.033975644051059 0.761715865404842 4.78076041539984e-07
0.00708035790838353 0.676134764341192 2.2544154799272e-16
3.9727682417587e-20 1.53110829145572e-22 0.24994856818909
7.06410827679111e-20 1.51795676040107e-17 2.40692720245384e-05
3.38598087690646e-17 2.29075509880590e-11 2.18007259849431e-11
1.48341604101336e-10 1.6903628271617e-17 0.0277711578460537
3.65409114076717e-21 2.36523684436033e-19 3.94359385519349e-05
7.98246981707706e-27 1.08478128978555e-24 6.15581835260974e-05
0.913209996816074 0.817773268518147 0.827219002610956
0.0311253544341745 0.191601043391109 0.0207959671306754
0.681805860446202 0.920589500033354 0.475845714487336
0.26936570959824 0.594553190449843 0.152378036636323
0.332617325356688 0.760839513228605 0.133037154986033
0.00842299214061143 0.183699741732423 0.00078780493139134
0.291050813033996 0.388416946260243 0.536984195334081
0.0201719890397339 0.0233869840444756 0.49614001437498
0.0305729769014895 0.0352338245236922 0.514191841010812
0.194974088983386 0.0906845873872191 0.611320653538838
0.00972541031638058 0.0465141828048783 0.0665713135199622
0.582173673882076 0.895548818880449 0.311461163297611
0.0134074350157908 0.0122785463097526 0.585965349481499
0.000147573052993751 0.000529164072496305 0.112679286580885
0.0151119555497662 0.0133303634524153 0.621732764853504
0.00266370104387516 0.000367935028421353 0.732547225074021
3.76022559709738e-11 7.09326610566682e-09 0.000990545241947433
1.16837172989471e-06 1.81240387248277e-07 0.623404562220023
0.00993744062371584 0.0456410447954243 0.0922137361603005
0.00689214251363528 0.880606605887913 2.90642143087275e-09
1.41199785261715e-05 0.22964263789001 1.46678044246057e-13
3.40120990099006e-15 2.75099260976391e-14 0.0144380779904145
3.84657469885443e-24 8.70404808452742e-20 2.22010623000844e-06
6.55289462543785e-32 1.01374995648469e-19 2.76986545608855e-18
1.1478255043971e-48 2.58465103699401e-57 0.2157991357497
1.00954086132735e-52 4.2313665773741e-53 0.000118861718165559
6.03923108157826e-83 8.28293644301003e-62 8.88530004165479e-26
0.686109579243117 0.227250795622 0.632011560829465
0.0209398288655828 0.904008422007491 0.00272025878979696
0.0329703069643916 0.00372614627670015 0.745411594397832
0.311387776697263 0.320047990619906 0.6134921194056
0.0569566872112003 0.345452387576699 0.0886893997731398
0.81474734786724 0.273325067841314 0.526970987643921
0.142325387325894 0.0762963690860733 0.684924822782985
0.399725031812517 0.71715374933333 0.151557795259935
0.110831973541641 0.275252509895616 0.241689759175303
0.225497396600549 0.580757545120692 0.250754173121667
0.682925489937568 0.104398361515226 0.0581352906566975
7.83162862493147e-07 0.838397413784379 1.34427259057948e-11
0.18704373440004 0.0109995912579962 0.701897884979961
0.0118137597111511 0.24983617993083 0.0174948129769551
1.14437543460264e-10 0.0025147725421814 2.73374897297329e-09
6.15661424767309e-05 2.00289858867734e-06 0.203312141250765
3.4753638184762e-06 4.97256266581644e-08 0.137319635232388
3.43017243350191e-11 4.88515677017594e-06 1.49037751369727e-06
0.856489871171976 0.871944163694228 0.920112996578687
1.32744630272006e-14 0.547581569566435 3.52006013076943e-22
2.29715018951975e-47 0.124475837618083 2.06270910666675e-73
9.29364200850754e-15 5.11723273202736e-23 0.0668236672185714
1.56528443488221e-32 1.9222537720679e-12 5.31865824820896e-23
1.87378406273365e-66 2.71145193751303e-11 2.15764614953905e-67
1.07133974488449e-22 2.47957572785699e-48 0.543421970364914
6.90408851823074e-60 8.86962322555954e-52 1.55682503941664e-19
1.80758238377139e-106 1.16060039362129e-41 1.50702519516839e-72
0.485295516295925 0.402486422753149 0.563363713057488
0.193944559037377 0.459559397818912 0.00725250275258813
0.815360959890402 0.902155858108395 0.544029576575733
0.789037149147834 0.959231174020315 0.283251557343699
0.547367997892962 0.397144231653781 0.268857909846446
0.0591779981883921 0.0810360928259281 0.366152351804124
0.249139594396645 0.153590197997532 0.213814452123922
0.101642581140717 0.0944583233474406 0.977271497482817
0.0060423222922522 0.00608710896743603 0.707160693869456
0.354904041500351 0.433829993933733 0.434855589015661
0.179844187740093 0.202529653235576 0.618357031220051
0.516238917763363 0.168316692466926 0.00130625420763575
3.50196078415078e-05 2.92613097527914e-05 0.76482153581857
3.74065214464309e-06 2.21110532084245e-06 0.978208976783021
4.75354903101269e-08 3.18561797247503e-07 0.0223745743730872
1.87987585692478e-17 2.60278801782292e-18 0.94019411385331
1.57160619464991e-13 4.93826859343728e-13 0.0776278752553548
1.4351525723837e-12 1.22112509708007e-12 0.401256771648228
0.787069328598797 0.816836182901889 0.811951740853626
0.545686255146021 0.865212968306643 0.0122613730837373
0.00542732806073941 0.449984618158789 3.82536484436756e-22
1.29569843082877e-65 5.72965525357072e-66 0.0465702061875479
3.15788702859955e-77 2.40306191505946e-72 6.90060876508637e-08
7.86025554260119e-55 2.17731674076614e-47 1.82013750639022e-15
6.90642996916637e-133 3.77684859197141e-139 0.698523268103491
7.9156690986921e-144 5.35417216826208e-147 0.0599814223380123
4.13630104350084e-131 1.03087912448865e-127 3.65414521342462e-07
0.713026091811424 0.402953786950514 0.386920756061559
0.889302406916952 0.758857795143809 0.349423533015467
0.623758497054719 0.567418865267972 0.97426110503503
0.0550529966638905 0.0324053362037577 0.924441910595071
0.291402621256463 0.369418364533624 0.526348499750412
0.239911215414748 0.338684920566241 0.442208317213742
0.023851306212618 0.00387161969762643 0.502541856335379
0.180150859051745 0.321734470141071 0.261922577331608
0.04441128598449 0.0406095328162001 0.613530216934457
0.634068890766755 0.643982452814404 0.869132962522572
0.419952462188665 0.822191514703524 0.147980926643414
0.0576699069990464 0.845370051437505 1.24638401774049e-06
0.004609257678245 0.000345983732227943 0.458393268421529
3.34887693344359e-05 9.335631998603e-06 0.543914106269639
3.84429892857369e-07 0.000786328165461059 5.54168501619814e-07
5.86303652555861e-10 9.36573332479985e-11 0.250558489882695
7.18394456314332e-14 1.14841455180271e-13 0.0311158499490889
4.92994381012218e-22 1.74454457242886e-15 8.38630853931772e-10
0.810532343194651 0.793282962351629 0.286431565043332
0.000189024367736064 0.631904795396324 5.67524791655657e-24
9.1332585423649e-14 0.538294456427812 5.69751148008222e-58
4.24677564059556e-57 8.33465878833044e-69 0.249042714271485
1.09477131107533e-72 2.67529047386051e-60 5.12694720206699e-19
2.76975147967661e-81 5.60192115075325e-45 2.25617004596005e-63
4.06415698582036e-104 3.60579914735671e-139 0.408884299596929
9.4528939835467e-149 1.37579265408224e-153 2.00443131863364e-11
1.9752592452696e-144 1.13663910137185e-116 7.89925352456073e-44
0.252533041387305 0.606916278915466 0.114148449989521
0.384732023320443 0.526314295716774 0.495561203232111
0.819385306765896 0.561035271623216 0.0931055138992175
0.80227331945268 0.851636903609739 0.84271521136037
0.28043867137577 0.367566415615192 0.530230156371737
0.566554169011425 0.610829907903964 0.785244860338299
0.0656723589194263 0.0293418622144284 0.825002806157509
0.826620728952476 0.508133260392978 0.41112565340753
0.201229761930845 0.217595772379467 0.685885316804175
0.366846005754754 0.4517729768993 0.598801628296414
0.660128997783486 0.725170305261942 0.0845850160171775
0.421173467057659 0.523412764052132 0.00167722340326753
0.00104099804011694 0.00030178829685608 0.896244663327647
0.000674394514894145 0.00184417521767557 0.168246651449644
0.000233304424897317 0.0276420178915121 0.000164769622057372
1.26264987246628e-07 2.0448297963946e-08 0.50340526301888
1.6644649567179e-09 2.61406331041848e-11 0.852433363309881
7.30367515382681e-10 1.90332711919543e-08 0.0104634561711536
0.958760539388002 0.38926831691252 0.0607810619135381
0.00108477587156821 0.256962372638223 4.19312203758481e-07
3.17000257681503e-07 0.564947724565086 1.31821771768287e-38
4.40533237112796e-41 4.61913937982886e-53 0.682803241166016
6.74007268161905e-44 5.28069551498375e-35 2.63890524441414e-11
5.48768735283726e-49 3.43279840784071e-27 3.94291115851119e-33
8.98576735259164e-85 2.38418832314503e-104 0.546506700480784
3.69259894950615e-113 4.23027498399615e-112 2.94541795839883e-09
1.04692482377412e-128 2.45784434668423e-102 1.05820659679287e-30
0.206391231703892 0.00970672439432869 0.579795516786217
0.0282079446698812 0.846633264136933 0.00210719105148306
0.131709560127257 0.829940878565811 0.0669415013674414
0.296261700435295 0.584921403865088 0.359835961434073
0.59730432871594 0.87127306961155 0.40277212442176
0.335614077316018 0.919799822002751 0.17355843973648
0.517416601846726 0.101491630700719 0.592302169821404
0.50180257747674 0.130394301420359 0.690930117467367
0.125173101293396 0.0818490099893207 0.568927940190003
0.63590786070317 0.510765643466475 0.940162575960988
0.0445339781947041 0.376644138454147 0.000668213111797071
2.28725065461794e-11 0.182240566213425 5.19032497985339e-15
0.133315688932793 0.000431629158966713 0.280579344471141
0.000158531092426706 0.00325690681227794 0.0100335502280417
5.24194028889863e-14 0.00135909466749921 2.07631819526596e-13
1.27688156926685e-06 6.90122570513896e-15 0.847906093805285
3.3291575818952e-09 6.60449421284584e-08 0.00104993185046879
2.48034614002579e-16 1.09756863828548e-07 2.38289687260669e-10
0.802859839547423 0.143683425541966 0.354531470575826
3.63462285632314e-32 0.138904165641746 1.46305688744094e-47
1.31789032206756e-63 0.119426894422917 4.00222371472121e-126
4.82270917343638e-17 1.42483094060862e-36 0.467920311360986
1.97306319882551e-67 2.36665742053968e-26 1.2714722120659e-44
4.58681191936538e-150 4.24743153996405e-20 2.06277162458502e-163
3.0333661764455e-55 2.42410664308063e-121 0.256155410554556
8.64162043681109e-118 3.70785270704298e-96 8.03690263869735e-42
9.39853207236144e-191 3.05592127590197e-81 3.88501254408997e-120
0.673824910055805 0.446498757703851 0.103758124710239
0.0514283654185491 0.0487170583423568 0.898040858395752
0.766805546289515 0.795127452835045 0.807914999207213
0.0206324425068552 0.0328691307625658 0.278730881392961
0.482891759419156 0.504725503506312 0.788760924564151
0.899824777706123 0.804588143758173 0.564511032995722
0.1889080762135 0.0983834253361853 0.125448189529118
0.00126210721494055 0.00141503281384591 0.552103099051144
0.0276975775625381 0.012895428040942 0.22993585927967
0.299868373522658 0.241706011687711 0.592373287560214
0.195505632176077 0.159844942827005 0.692400179985955
0.953955519325528 0.412832806026945 0.000250232318832171
7.05304639760933e-12 8.19337892490321e-13 0.557943843635574
1.42861383864543e-15 5.31732920113286e-15 0.0862164260280296
2.91609886863271e-10 9.89645842609972e-09 9.37894367154687e-05
5.78097548469512e-30 6.52907993909087e-31 0.621771962307632
3.36526124502587e-25 3.51294468068286e-25 0.178940233833969
3.80123801951492e-37 5.42019927446801e-34 1.01877630744986e-05
0.251746726741541 0.202452165725183 0.649483791178767
0.147078619018866 0.990061110565445 1.84497241516181e-13
0.0422253364605973 0.742281926838039 3.21967457956908e-28
6.70529188054135e-137 1.22723821369007e-143 0.954437325655942
1.68905314472803e-114 1.51287378096486e-108 1.49753645670169e-09
1.65367845199046e-149 8.87752852213912e-137 9.2766317924685e-23
1.54591645630432e-261 3.45053178314295e-276 0.961499777473092
4.50843078673515e-269 1.69532631605177e-271 7.39800511371696e-05
5.46894277687974e-311 5.00804169167576e-299 2.34460407245995e-17
0.901119946444739 0.778596703874008 0.381490070778651
0.490626794299378 0.967893345071076 0.0898187035385852
0.00137623203186152 0.00321073585105086 0.153249918941927
0.185789673036672 0.175202874891838 0.761968368765463
0.114035558159495 0.129892203463978 0.55900579989071
0.75455161181778 0.990376957094879 0.418591651034865
0.145975358614018 0.145513250347716 0.686168746700586
0.000228096967594744 5.05748247220721e-05 0.801922850945151
0.00510950201339275 0.0208642041684261 0.0699402132969116
0.894817174968147 0.679799327538646 0.233306643193027
0.593560462631343 0.935236333074461 0.154115241693982
0.000879074873751595 0.70364600408146 1.78811845854241e-17
2.81230863897604e-10 1.04079870432329e-11 0.498894370493973
3.61209874775697e-08 1.56811398923532e-07 0.0306060315845765
3.77246837551174e-19 5.98881337113367e-13 2.44462635093021e-10
3.58657671181931e-31 5.51390257372728e-40 0.841292283876854
6.97914186764095e-34 1.20801587022756e-34 0.00169161151069476
3.68650864847082e-35 8.54092854676528e-33 1.05598555526095e-05
0.136795453625102 0.157800601190849 0.568848809228483
3.90561075862988e-06 0.17141374604393 3.98864473504281e-43
3.13886484348788e-17 0.0332956563326902 8.64129570508872e-133
6.03806112609251e-85 6.30797187144637e-110 0.93125949708465
2.57719624539121e-141 1.10907763095844e-109 4.30468268563398e-42
4.25699318096734e-197 2.52042322763524e-113 4.21929641497632e-133
1.63167028600055e-228 2.34123686643041e-286 0.28635808757282
1.75983861120159e-274 3.82140099729809e-290 1.22289821370693e-15
8.73539873350876e-314 1.17500256487223e-266 9.28924570943724e-68
