TOT AFR EUR
0.68917606171009 0.50371171334574 0.653079651622712
0.694000850010492 0.878038870777356 0.205518457538586
0.260290459077254 0.127808604529664 0.552662750823137
0.445612841565612 0.682599434621382 0.388030421843564
0.660877279558212 0.826212329665423 0.135209639327862
0.382797321439306 0.288741028278616 0.86720294545976
0.843612390670828 0.895866230655074 0.502064360201925
0.976075963144138 0.897276994908554 0.755464882461709
0.542755926149773 0.978736545890593 0.214564122770521
0.778175772729217 0.69153002737633 0.855855407183754
0.215342373681382 0.372637459010156 0.388589693317888
0.130568317996365 0.11311190107068 0.791649559239814
0.230297585445859 0.2049800373945 0.860496714289296
0.0357880977967549 0.0270516849186857 0.840541359113563
0.0711387021893118 0.079904014336273 0.597599440907348
0.948502437551804 0.579925252699708 0.313641914394388
0.0422700850365355 0.0307140684417564 0.844246420125846
0.0346496020244012 0.103879556111917 0.143440766505392
0.0360746905653556 0.185763946261892 0.0435100907797752
0.0653948892740298 0.357383605601358 0.0221914559919514
0.686870914368737 0.115200904975304 5.55728385531119e-05
0.00589456703578091 0.00612860269490347 0.475011394533339
1.42886643408308e-05 5.85957299036218e-05 0.112942975390291
0.000117692339153965 0.00246678642550919 0.00568805727893957
0.000302894976942088 9.21184693045442e-06 0.435779348202989
4.12462470953333e-11 8.02918082755129e-13 0.577196031895811
4.9383009989965e-09 5.92459219336739e-07 0.00241063571861131
0.468171552950809 0.0466756152222063 0.425435221033835
0.976894174412434 0.449460775583306 0.490660297619287
0.0443858349373757 0.0699991995056436 0.268426768460104
0.295213521448781 0.933021260387976 0.183512935473957
0.504294066402134 0.227059552797431 0.8802225077667
0.246328929150666 0.554028794356899 0.0419984179092742
0.534827668597752 0.490059690025212 0.824741590489097
0.607666773139642 0.545071904721228 0.879971500205854
0.113740581521176 0.559256943773703 0.121831003419419
0.187415304897001 0.240527713757924 0.454600041639358
0.130310558616378 0.560970967639577 0.00996156550153753
0.00289405028329051 0.0279504998363731 0.0509776424784785
0.0823380552239203 0.00736157853941027 0.988021412155253
0.103220594792318 0.342395526945687 0.175720713582974
0.00239431396746858 0.0135012016260276 0.0424083735119606
0.10326060405585 0.0254425013764525 0.890131584934686
0.00471709502175375 0.0195012278206509 0.0704878398014668
0.0646322248772104 0.706988239756277 0.005395118253386
0.352511382284725 0.895518677304063 0.253499908077406
0.00271423211086169 0.649645464616696 8.86941215272793e-06
2.89789423225931e-06 0.635732680178226 1.04886446431326e-09
0.0135723141242188 0.00945897670280805 0.340362627263011
2.33543501061541e-07 0.00279559705204704 1.52598286210275e-05
9.270689984281e-18 0.00215238969568259 3.01983846784465e-19
8.29640695737222e-05 1.81581676999097e-15 0.153456135280999
3.7040392083144e-14 2.19735847330266e-13 0.000111014689284492
1.32614727861666e-20 1.6304192212326e-11 2.44380312347521e-12
0.517022365633718 0.388910320185178 0.166133978849795
0.552628063646154 0.443357045011197 0.448548743178185
0.610642440132203 0.775290581703021 0.213362202573506
0.189175530297331 0.152235140767967 0.581044791535711
0.803746940695968 0.909661753962817 0.514110514730319
0.834885000785533 0.966786362623354 0.160316094185245
0.754646270959756 0.972519482492509 0.0751005882322407
0.851283245149643 0.683767214673469 0.253577317558824
0.599613820751178 0.596697289114381 0.963827898444195
0.40250949688574 0.459803996156878 0.50275924219695
0.521213531883031 0.222270079747936 0.0167115202994547
0.298445594289585 0.409122988869852 0.256220694145943
0.116971543780524 0.0813870394058036 0.548273123723503
0.022303272641345 0.0420174110130816 0.102263786567122
0.217038661176813 0.208976763997153 0.974084233113857
0.00305802693717383 0.00218695707033983 0.930214701967306
1.65978810131522e-05 2.99040644619039e-06 0.212240814049033
0.000550344871009848 0.000474292719662737 0.819156636735629
0.0101433954325275 0.00697047307530393 0.834206853506012
0.218058034781604 0.460128732315397 0.0219372119112578
0.196580637034946 0.869639478029952 4.52216566818731e-13
1.26112658938891e-14 1.67612431394992e-13 0.0266958699335494
4.66213479218427e-16 7.2722537399973e-16 0.183607524505252
7.63828119893276e-27 2.39639018213488e-24 2.38243857340848e-06
5.82623422374791e-28 2.62192680061887e-30 0.361715187028561
5.77779882838022e-24 2.71314492398663e-24 0.311121009965681
1.43563777115037e-33 6.96431874824067e-33 0.079461351006206
0.854242327203511 0.768966939497773 0.867856235600801
0.523684044947806 0.380926980296726 0.769013583731003
0.275440739276619 0.370313031994236 0.497260181681175
0.653986624954372 0.476025633695588 0.657021443454544
0.141101935564001 0.318875623304381 0.16464991872244
0.500518139545361 0.554686500507747 0.749928823128783
0.104724885884719 0.126059781681136 0.522394611425168
0.563456720215521 0.561870662973344 0.882351410402765
0.265175221860123 0.34034969665568 0.475057038450456
0.749685253089245 0.644851176666598 0.828823837385008
0.028882047835345 0.188311959971764 0.0174076630048293
0.338830714637446 0.612806212306444 0.204288898008953
0.0624641948097989 0.0727793707022661 0.479050754403458
0.0500410118832297 0.0280533644152145 0.941114274014051
0.00156137781167041 0.00624790856015859 0.0834573149273875
0.000347544160807243 2.68722299692079e-05 0.71479499953171
0.000130285015478514 0.00140641510976465 0.0186984786272205
4.55680617078625e-08 3.71484510419875e-07 0.0080197577773653
0.727823810318216 0.4849717996372 0.517443242449627
0.00927633695625419 0.374142697247609 1.53676164896015e-05
0.00258672862901217 0.738341599350714 9.63718783496103e-16
1.12258557485131e-11 1.20602791804585e-13 0.519545859901393
2.16830694917907e-13 1.42514812325408e-10 2.60285487984804e-05
4.87029957960109e-20 1.78316342164623e-13 5.0376124232609e-09
2.4478751398765e-31 4.01452337813167e-37 0.346869625914168
4.28601538078724e-31 5.58683230078045e-31 0.000123860408127315
4.37241896978227e-36 1.00261974431475e-29 3.47486057908033e-09
0.472934606605761 0.596038223315611 0.584495053213488
0.99246953577996 0.602897713017345 0.304772150817064
0.0744976286516539 0.179028550942336 0.194485304022369
0.290520441265112 0.251380307030535 0.949215335661257
0.965751321203518 0.813830848464242 0.724464352209664
0.264094068103586 0.478667124638945 0.28540515965693
0.889237695918745 0.94169923666921 0.864469522432188
0.559835426246167 0.328430618968943 0.504789125025466
0.0481024121840948 0.0769523136138214 0.36264873048679
0.561018349569743 0.226749214922227 0.281465464543661
0.962170790288689 0.811691373102929 0.52336743657206
0.246286693089516 0.939353187997547 0.0155912720049265
0.0447232381873721 0.0254359498410591 0.963672416946631
0.0564326577182418 0.0782852905286449 0.43696687182332
0.139223582001399 0.103642694599121 0.951645645057081
3.82672799495019e-05 8.31501484169915e-07 0.608700088783589
0.000191784123921993 5.42899730925341e-05 0.79583455277033
1.31632577724895e-05 0.00165936876912762 0.000383571431350834
0.210785672976131 0.145400524328893 0.920614643137865
0.0298599507524367 0.995690227106897 2.94255347135115e-07
0.000438038712557636 0.374871662866694 1.66258293815691e-09
1.87627904458819e-16 1.14728605266966e-19 0.77411741238164
2.35031296101227e-21 5.73527850691579e-15 8.24646641831284e-09
5.73883920698955e-31 2.71732171971543e-17 1.93087122165067e-20
2.39494258792817e-48 1.29540104780105e-62 0.831402771213696
1.5865925388119e-52 5.26586341595765e-52 8.47217819472507e-05
5.07658213452088e-51 5.74885311200766e-43 1.05741939672905e-10
0.985138610222448 0.440872679828531 0.523459626668972
0.991654013424417 0.656076721503192 0.689783667456712
0.0815976007091119 0.43235479135852 0.0967314299401453
0.733915406116517 0.8224714773826 0.794688441305723
0.6558205781439 0.673468800908306 0.812945749471875
0.153895575050178 0.36287669787272 0.259408617306854
0.497785297584408 0.570158927753894 0.680074033529315
0.243212520223196 0.31767470603409 0.481201829943602
0.615590923520414 0.293646681173769 0.824371697879689
0.894713240714729 0.915663962357681 0.785556387071454
0.12100693386878 0.359857375805967 0.19348381153593
8.24821124861909e-05 0.799597676699759 5.45235445458207e-07
0.246504634225801 0.00184233535561695 0.230100155978057
1.12055955111289e-05 0.0474368254229716 3.25637809226815e-05
1.41295544995641e-08 0.0962785712710144 8.51646713265572e-10
0.0716429103645297 1.75904624909775e-05 0.202707395911778
1.01114897518074e-09 2.87222906118432e-08 0.00066538412306966
2.36554611319653e-05 0.0145012901861337 0.000321824635418151
0.451313433870019 0.431231490714818 0.0868258111514322
1.70315116770539e-13 0.494336836508815 7.35910550969033e-21
1.45773708390584e-37 0.494290677890873 5.49676545117e-70
8.0715556680728e-11 5.64731962233886e-25 0.867316209686945
4.18628861254357e-38 4.88221842323755e-15 1.35212908392475e-25
6.45946953265534e-77 3.0481290607492e-16 1.40543376812931e-71
7.42865968096704e-27 2.08098317557897e-45 0.0287446491618061
1.87724493011414e-69 8.31649728325062e-55 5.28391668372369e-25
6.20935755675021e-87 9.2601020414494e-51 4.05772129475617e-44
0.0319268060157726 0.0347127145905613 0.686802281775632
0.722995273305171 0.904681915360311 0.208558446317226
0.818529720364878 0.862334831191025 0.747232881146352
0.223264946334033 0.233571996075513 0.777821898377013
0.0787441486586308 0.038887175790267 0.230801235871834
0.477805390384713 0.692042533272055 0.110094130741612
0.601430082641406 0.478389393599191 0.443230914117418
7.21059624156083e-05 0.000125117864645748 0.219696875599575
0.00453140552399323 0.00544200722463647 0.523308128107018
0.598518565307695 0.513667644323051 0.606768727133058
0.683078710717754 0.46353554476245 0.133500589444851
0.273032162687267 0.497183766093407 0.0173569084041152
7.47078714357611e-07 1.26034640743447e-06 0.26335463821647
5.04839916982139e-05 3.06031931147505e-05 0.93266480207608
4.85580206807693e-05 0.000288833676649822 0.00331313558230069
4.000826941436e-20 1.18578848882394e-20 0.626035446088921
1.49140984532902e-16 1.52580737883056e-16 0.349372951256067
4.26106332882121e-14 1.9406816256078e-14 0.636561137294105
0.792849356710461 0.831739050677495 0.76385540475293
0.0776614794893412 0.426043525469942 1.73783564245782e-06
0.0508941757286077 0.835223151882751 7.5358168208008e-19
2.541301096988e-68 8.16199379791652e-71 0.493464978126826
6.93362796655626e-66 7.1542323908263e-65 0.00286195760079392
1.38957116688485e-72 2.42936190981532e-63 3.69411129624839e-17
5.32199805168098e-141 2.49264505230978e-149 0.877790578312655
2.14318246518569e-132 4.24955224140997e-134 0.0144106904344529
2.63741562700135e-168 5.17636201906273e-162 2.53992713183866e-10
0.126125658954238 0.084049822766655 0.983448720150824
0.0274404747311127 0.0775694698673316 0.126173489821611
0.515168254279032 0.533764353176337 0.00604124752424415
0.147018441101315 0.369102984555052 0.118514487679692
0.0630709099775973 0.0165927112544321 0.533862040819109
0.721035189530007 0.707820203585335 0.94762515344235
0.000461757986643326 0.00208071789558459 0.0624195769378013
0.0233552207097203 0.00827180809324162 0.876809825795511
0.560729909015378 0.84549678935162 0.0860100299547703
0.887437386182796 0.879737276355057 0.985522458710855
0.717848436642038 0.29368914612362 0.00247009381917464
0.0210667895317661 0.442282487131156 6.445993777276e-05
0.000140970614977544 6.15965234686288e-05 0.530920394007221
4.92327463591888e-08 1.07980091809327e-05 0.000192288826008369
2.84615219992332e-11 1.04670357540952e-07 1.19117776335927e-06
2.39321159241875e-20 1.4641472159098e-22 0.134499929991851
4.76139999659965e-19 7.63235296567568e-21 0.127449611080822
3.12651368301424e-16 2.61675559099017e-13 4.31606846754948e-05
0.585547643692866 0.503986018817903 0.918622708632059
0.000971770480541976 0.36949707927962 5.32844183896201e-21
7.39406045851642e-07 0.0493381698932652 5.03775655846986e-53
1.37441965654763e-54 3.11205576017658e-67 0.499576355156399
6.79360833073301e-67 6.65025607372154e-56 1.53323089707156e-16
1.00112355059727e-99 1.99304093153371e-65 1.77115857959303e-51
2.57807978233687e-107 6.09681794554863e-135 0.158045064888786
3.84578713882724e-158 1.23714052688388e-154 7.54020583069427e-17
8.39848715578264e-149 1.84301719762867e-123 1.03512598207413e-34
0.0134021519579581 0.0325506017933168 0.194370419306514
0.944597126005126 0.474358936321138 0.108095598360055
0.299184833898184 0.114260680223655 0.411253766633496
0.478392580767757 0.389696980242472 0.894593396701117
0.694516623563137 0.936118421147695 0.4638069335099
0.667365348895019 0.83033093663092 0.174501209139761
0.669674117073172 0.0849949162141149 0.0129323203550444
0.557135437443869 0.371729581773496 0.635664173241705
0.192947025660142 0.236492793173673 0.587156067213448
0.144444925773166 0.416827353111823 0.102405314506074
0.112287426703086 0.463048007694841 0.0317588540186818
0.388085863883789 0.791295058409518 0.0130540383212543
0.00342481904967812 0.00313759766387986 0.518614293820252
1.65909287432866e-09 2.9708234952493e-07 0.000865564835975964
3.00408333777081e-07 4.27099212037024e-05 0.000770239781721342
3.51290249014756e-09 4.9137038364083e-11 0.888244424199305
6.18438921430887e-11 2.5398404891613e-09 0.00478840270307
2.41218622628897e-07 2.94662333821683e-06 0.0247865480364612
0.871242419623293 0.541963730468107 0.392625949061831
0.00532177945529038 0.653674992921614 9.13867403591052e-08
4.24593547149482e-09 0.547120110132906 4.50846085043174e-34
1.80718510038541e-28 2.56841358914906e-35 0.945201343488113
1.28415343104284e-37 8.57066251668504e-30 7.7263987735391e-10
5.87046020530369e-56 1.69863981048517e-31 3.71907755140747e-36
4.19147062292023e-82 9.79765598779051e-106 0.623331956300673
1.70971549141204e-104 1.27053480130008e-100 1.36642461087637e-10
1.08743286769168e-140 2.04544358457341e-118 1.02003766515997e-26
0.580258308121432 0.344591292768938 0.119123705523336
0.282741866522759 0.602236550368765 0.324159534210017
0.193418511744513 0.705839922672716 0.0421503180666687
0.0558365515012157 0.076587655515272 0.301007452619646
0.310413567219026 0.405692588413122 0.529294968665177
0.517458559660945 0.678541369014969 0.217769276259782
0.774912985318117 0.616313455401022 0.41113071544149
0.738950392420584 0.0601843538960922 0.241118796665097
0.491410856069235 0.349112014614814 0.909858912526593
0.797643203516354 0.857867660901953 0.620742759813333
0.00183917754859315 0.437907107179338 0.000485636346621895
4.15098326925487e-08 0.990125023436069 4.73867819317907e-13
0.471824523222593 0.0203337629693993 0.309926128544324
0.000550879816636953 0.414045972389214 9.73845238790902e-05
6.40423413506935e-11 0.0845233312339269 3.84244416462915e-13
4.42999439129098e-06 1.26607643182052e-11 0.745457844739339
6.66021096974746e-12 2.6098997354761e-08 1.0878406070823e-05
2.48615479428449e-15 8.94865612084894e-09 1.57094298271827e-08
0.77746502352939 0.68848785893482 0.968682465862105
5.65682821867173e-27 0.657766523087243 3.6372981381727e-49
6.86309341817751e-69 0.663721774830114 2.28647732098794e-125
1.78837259875643e-13 1.83549547890313e-33 0.816099202023058
4.49789060157526e-72 1.39586415321107e-36 7.07401603503271e-40
2.56576808262689e-135 2.68164439390528e-32 2.16841310181392e-121
8.57975728969495e-50 3.69248000341757e-112 0.4955921523456
6.31247183827299e-116 1.03082036988017e-104 4.04177171235547e-36
8.59089472739258e-194 8.45169091631962e-92 6.96826716891519e-112
0.621145052425698 0.536169614691377 0.568151690196506
0.178453231510062 0.139105458079437 0.626004637688055
0.595139803034602 0.421475021386972 0.201741885140968
0.0330683688006825 0.0196331062430822 0.438507284865185
0.230076101818973 0.229094423698342 0.890258997327906
0.62585496330642 0.628389161026942 0.933427425700777
0.029251834291108 0.0232778551954899 0.864038123742784
6.98705627153742e-06 3.53109465060853e-06 0.900013113668926
0.0293460532029104 0.0301173158663545 0.740491674990007
0.00155985234371891 0.00134148951609894 0.858873835750172
0.203708395618281 0.248663466115448 0.452085336638899
0.444306809497457 0.850183629093773 0.001408951843225
4.21028587440647e-11 1.01020789605778e-10 0.141125124284002
1.851020481166e-15 1.39221858417813e-14 0.0277714457878838
7.99984921695917e-12 3.41244250406533e-10 0.000613651156513449
4.74610895175846e-32 1.45343420404352e-32 0.282620363864425
6.76646730879465e-32 5.89700266080676e-32 0.157797477404016
2.96491366528284e-45 2.99526036775078e-44 0.0085481008126775
0.840983132845098 0.983371531387487 0.367386202583852
0.348634103882431 0.0226463459387102 3.39087692434183e-11
0.000321915314393144 0.171998734236 2.41749931312292e-32
7.35236818188288e-129 5.2851560525405e-136 0.83246343800966
1.82631536979623e-108 6.4180344797748e-107 7.67629341807442e-05
7.79326634093894e-150 1.26268205400499e-134 9.21057545101247e-27
7.54279518365511e-270 1.14617372036633e-281 0.435573114538156
9.03819579925529e-310 1.28894422942957e-312 2.12802831290478e-05
1.80324704553884e-297 1.52021228054751e-284 4.84967632518998e-19
0.646898605578117 0.670502178455013 0.041851343167778
0.0712306313072127 0.0500719944501201 0.870880542849449
0.123153533525303 0.323171128383633 0.114618836740794
0.0672679410110051 0.0606454098752231 0.672302473909183
0.866855155840818 0.580263192164928 0.436391446834467
0.103653587193269 0.0792623309707608 0.841536097141619
0.23746806128212 0.169279036303016 0.94839416551834
0.0239160046032032 0.0523747133495343 0.204757858283242
0.0373022359548097 0.0734334925804648 0.238509945069471
0.743069637791269 0.901907800634514 0.30029637837422
0.421374260100902 0.964851061328953 0.0503274887360022
0.211750513128298 0.0707473261408866 2.44125875807464e-11
7.98826432454573e-13 3.60495886756813e-15 0.583546885495353
9.12787967879705e-14 1.06393772446736e-10 2.0196484701888e-05
6.96260273340254e-17 3.30008269877928e-11 3.40058073758616e-09
1.63584877153457e-26 8.73357416383271e-31 0.251623787957951
5.19138853567119e-37 8.62359222767019e-37 0.00019793476845369
2.30148390946924e-37 1.38162134741696e-30 3.44571877467183e-10
0.862050719004135 0.495612176707985 0.278267780205173
1.41226856574514e-07 0.750204913778395 2.66753753336916e-39
1.37331621828135e-21 0.658038377472294 1.27983763938759e-130
2.39059288616616e-100 5.40192206935843e-123 0.33840989665308
3.3582872989833e-142 2.23775450434686e-121 3.42316659823592e-29
2.38192838439386e-162 3.08974615567966e-94 7.18901103772368e-107
1.09627411967901e-203 4.12206044214715e-278 0.0473201935285163
4.42270306771191e-277 8.10173993490101e-283 4.09871769402331e-22
9.38023555490409e-309 5.64413192673896e-253 1.23200163702221e-81
