TOT AFR EUR
0.663057879586715 0.8224316285091 0.63532533610822
0.78784204989808 0.798302122636183 0.27571034756763
0.666677109844212 0.944545979513654 0.394305102494994
0.395362149805038 0.236131643961931 0.609183664758166
0.638301540028569 0.441103894116783 0.586621116110225
0.208685888793665 0.131202177281062 0.862479113529899
0.014604199781013 0.0354548084581564 0.170966254709908
0.475602284462042 0.822127763977399 0.308168210557672
0.828339600554342 0.346348256590436 0.148616000312203
0.927421552799552 0.934982188275573 0.712087222975121
0.0640031303448053 0.00392340728005237 0.0994846202235581
0.881175723103144 0.827982331235268 0.422945468468954
0.00481852535430312 0.00649847743126897 0.373937557201711
0.491487030640771 0.485616371976629 0.873605408341543
0.993153006568273 0.61461241191911 0.30176297452883
0.0634576742585015 0.0184336021449602 0.559083465051251
0.0699921799537059 0.0709202654981866 0.619326244748812
0.00163540018745798 0.00018556377791629 0.841979195486647
0.562091591815236 0.734353614921462 0.0437193911960355
0.135364133595205 0.603287981145555 0.0179763035718553
0.00902311460486776 0.420256842875038 3.62523458607884e-05
0.000196163030151169 2.6508420325883e-05 0.977621250218845
2.01460831139905e-07 3.13092653439591e-06 0.0102749448714837
3.60083847451653e-07 3.92552397100296e-05 0.00100502685280404
3.89507240610273e-09 7.49295232536599e-11 0.773693952159646
2.51701929297033e-08 3.60069552558404e-10 0.943743237716591
5.21152404153118e-17 5.99540214915802e-15 0.000604821644490738
0.482249202577217 0.25490600732099 0.999145344089251
0.238730674927591 0.423281577450207 0.390404472057426
0.0732885474577808 0.721606049853862 0.0359806763957661
0.452264542377622 0.712179956581957 0.493743299777073
0.942606339735953 0.337112017304519 0.475290591774461
0.46803717196701 0.752461559925695 0.235186907334857
0.683920609466115 0.429333894329112 0.236323808376987
0.129470208475309 0.43843537480517 0.15848835886015
0.0854495424249472 0.753242395957722 0.0401117815072908
0.538878221427131 0.741381265513712 0.606250254966557
0.00643116575496004 0.219067344098833 0.00760073546629077
0.235225053123921 0.781477662957456 0.170554010906184
0.0120974880600813 0.00388620634028742 0.394950922428205
0.235787649012434 0.639811195482982 0.0424520225595031
0.00220048106128455 0.45625096153893 0.000522466036084068
0.277730141981637 0.0123422499549583 0.411139810261955
0.00758425162618529 0.000134624437650138 0.843946725997538
0.00022808659324905 0.00772174824023388 0.00883709130639266
0.84643914206053 0.825449300828873 0.653071394200053
0.018726544759366 0.31458958803442 6.41088432989739e-05
8.83925333347538e-07 0.563128897870715 1.66680820635407e-13
0.00686204701520041 0.000167630839571545 0.694541739936639
0.0083364402945621 0.206384278762186 0.0141344681358739
7.70633957105317e-13 0.0564702147244097 4.53864859407835e-15
0.00830072429081075 1.58241000575778e-08 0.209412449293082
1.99228693381514e-13 3.90212625517126e-09 1.08526665343822e-06
1.81945195370601e-30 1.03205301661852e-13 1.18718435171123e-19
0.144696641716579 0.15263717916266 0.755815037509431
0.117688173132547 0.0857276689220029 0.635981441634311
0.958893377900378 0.936925992804842 0.883337050033196
0.384985025461945 0.467948725153551 0.235411021850644
0.125038515518512 0.114128549350887 0.963487193003963
0.76105120727923 0.71665115839153 0.817930856523683
0.341706915191576 0.511420439534095 0.158875145123876
0.797853851670831 0.569396299576308 0.12458414122539
0.013669034342444 0.00963235805340431 0.78992432354892
0.904715762655563 0.942436162661554 0.242555148705909
0.674125220541838 0.701993296181961 0.840134220573634
0.708350022405922 0.501145706105231 0.183163470043145
0.00205058425415234 0.00150088869682712 0.908179236323237
0.00422961746001699 0.00476247777109593 0.556876001323139
0.00466117402121874 0.00527502905507568 0.562183253412402
4.55362864881429e-06 1.12456597734239e-06 0.44947978347839
0.000552637455223219 0.00125944103244872 0.12768648548682
0.0102286999468441 0.0497701010809352 0.00239743292453166
0.376684733822286 0.339097757626637 0.759348570743483
0.243889374602633 0.815405835152244 0.000115218637338051
0.218345800902284 0.717651767300925 3.18964031750857e-09
1.36087394510489e-13 7.25330562802094e-14 0.593312149136067
7.12135359475676e-14 3.30283195489147e-13 0.0508660019651733
6.08741941202074e-22 4.48372353837164e-19 3.65123922487559e-10
1.11984004149787e-27 3.441419645051e-30 0.263004980749436
3.4759119321499e-43 3.89271799598356e-43 0.0644157662878113
1.12783251474823e-30 1.97855062069764e-29 0.0164011579976856
0.603963177954842 0.651549647822495 0.789965911642055
0.116173248088742 0.134142063051712 0.574614809734189
0.361206121846033 0.223745906497796 0.734439767727681
0.257689023119666 0.0684574847952557 0.292040931052659
0.0837241287622298 0.0173979280008955 0.367587891036555
0.325095115442289 0.402770942386199 0.602853283270286
0.213773321405094 0.273522520185284 0.472793461212656
0.302566133774998 0.63649699336736 0.142272587067724
0.701919397559359 0.83324430895544 0.646781113599085
0.00990639182554737 0.0280229300030358 0.152872440139501
0.0812640015585018 0.169340917248411 0.220713314182471
0.10804843130195 0.68295750212483 0.00716149675527217
0.0217094624031194 0.0153123411891174 0.691106589675286
0.0711488908348911 0.0528252053779434 0.827551349502438
0.000880966272404932 0.0246459240782263 0.00134587369666279
0.015761414980562 0.0210989593087318 0.406076509054254
1.74441331669314e-06 5.48304475409364e-06 0.0642419535250021
2.91964513615695e-05 0.000328327523344847 0.0255545270536278
0.815197851943748 0.683080071215108 0.75638331660446
0.000406140250166413 0.102792587379538 3.95172711282886e-07
0.010508093709629 0.864733529377106 1.89069602328259e-10
6.30707581202215e-06 9.05946167060393e-09 0.155490212706783
5.61206446186424e-18 1.50253589558865e-13 7.45193687264722e-08
1.35786147140681e-17 4.88954983941064e-10 5.27187533849843e-12
1.13451074643886e-25 5.33196093696032e-34 0.504363930300458
1.36383750402074e-27 1.18719749691785e-28 0.00179832634092987
6.55134821270741e-25 2.92055712301313e-19 1.31413889384261e-09
0.68100346234528 0.844326438034662 0.574887836576632
0.419496891078165 0.472504122306034 0.701985662031714
0.30628078857499 0.421320906858695 0.504177881491785
0.708922590993814 0.810976881617088 0.725404056184716
0.477174908656412 0.240459354516336 0.434187883924579
0.850679905173928 0.94907496220909 0.585849947321029
0.108658920605579 0.0698368302423465 0.963890162224154
0.785461298377282 0.465782368413603 0.384293551131937
0.664057404904099 0.877022652719708 0.188590218008189
0.986451135486268 0.972888180127408 0.975302439651216
0.212792437860232 0.393428789996163 0.281435941813839
0.405878169430729 0.184544468977473 0.42171968610433
0.332834558788414 0.26481713280277 0.952827525291713
0.0436701367417922 0.10089165852609 0.207361544327446
0.0021989038411772 0.0403934700977616 0.00590601683792251
0.0114530509873731 0.00135470547301177 0.451660618210221
1.1951895995008e-05 5.26001069961617e-07 0.849539212592472
1.03724566289888e-06 1.89889777646565e-05 0.014272947282565
0.0702941830204211 0.0363689441379354 0.934930965645982
0.184873121343025 0.413314059832489 1.76641514926868e-06
9.35397821639227e-05 0.730848331210396 1.74738349623133e-16
2.25284649868786e-14 1.16455574302345e-16 0.609542458762888
1.36052661048077e-20 1.76074387176646e-17 0.000108968327545338
1.22397164250888e-30 2.63177627712185e-16 1.70119183445819e-21
4.91613512533853e-52 8.39374541970742e-67 0.752912191799782
8.96026546164554e-51 7.37344120855044e-50 6.79496792206117e-05
9.0512271466542e-77 9.00483420928376e-61 1.53758092518997e-19
0.819625515622533 0.409704620008379 0.684941770872491
0.626853690954392 0.512108787428465 0.929730235437863
0.924492122025295 0.152942371295759 0.166379664413645
0.527681434769673 0.371139957147266 0.103210740792802
0.993193866871831 0.0903985510878413 0.135870337924261
0.406485996999545 0.28628657945898 0.831497211069945
0.653794055517875 0.662532372146511 0.811938253211326
0.2300558270406 0.685025400896052 0.213488844051839
0.436716663348632 0.234206558377199 0.989148507287527
0.145977274336755 0.756726084087929 0.0912061697195128
0.141788267687728 0.461167269805006 0.0106936851935918
0.0686090312979646 0.426039753069956 0.00153963641871074
0.120028007870474 0.00180593030622471 0.533900406832259
2.39417969094558e-06 0.0911038941796807 1.85522045078826e-06
8.34363254709886e-08 0.0709490519242558 2.18055111302225e-08
0.0362985475148203 0.00161998623816492 0.928319105413333
7.38379340391163e-09 5.05890502142318e-06 0.000118672545636157
3.17710896675039e-10 6.03679406222128e-06 6.73689693315292e-06
0.137737358828009 0.650528408449726 0.119145639503335
4.63936213000994e-11 0.630969181726193 5.21111547286314e-20
1.34253836723435e-47 0.632420274319307 5.55667870766896e-81
1.67956350688452e-08 1.16626063742801e-14 0.342367259415805
3.68681295580182e-44 5.46378701097917e-22 5.37972633478813e-25
3.38683847865489e-66 9.74102836785088e-13 5.34902948498967e-65
3.15112219980448e-22 7.5189666763034e-48 0.501425101195448
2.0869734404182e-65 5.25634022321314e-57 5.33129104133505e-22
3.35589308247435e-87 1.30378834639036e-43 1.81293448054621e-50
0.186801865869133 0.201001818130335 0.685206606680144
0.621751838266329 0.857229038935905 0.103467137061003
0.23367309412567 0.294921829716965 0.398320007975387
0.181074618238563 0.243592424985472 0.308502402259745
0.980524183693043 0.927286386154916 0.579452835717674
0.44335675447096 0.457407415985204 0.830435646636798
0.0997483891388139 0.10182648118098 0.787565886754724
0.00440080899188083 0.00254507272141228 0.537021527748911
0.00977581850462422 0.018827372566561 0.129018977515956
0.581345041294478 0.466503494046315 0.410213075734709
0.990864351530864 0.81882752050917 0.215242901734036
0.704797688622519 0.892281690807728 0.186560474957403
6.3634593340565e-05 3.177921582433e-05 0.785473861089355
1.56462093962247e-07 6.93728924492646e-08 0.926232217139189
5.90273892564256e-05 8.94571294288894e-05 0.391169609481631
6.07917643969765e-11 7.38709856280662e-12 0.501482069174876
1.25955955138755e-11 1.54203500038908e-12 0.567679707366966
1.52259493978933e-16 1.41230725202586e-14 0.000383986419966202
0.0216246320342986 0.017449415108762 0.889482248904021
0.0545752769326943 0.373565697208305 4.23132334167046e-07
0.00897265522604412 0.240888948707589 9.15202281240435e-14
4.50477423081809e-59 7.2471482890408e-66 0.00821646259372795
1.21805013753797e-67 8.97116813778985e-65 0.00011911194049013
5.38881918792041e-61 7.86554185258738e-53 1.42940050304159e-13
9.47311997138922e-106 4.14928313091382e-111 0.999050304307402
2.81983502928448e-170 1.94650783159589e-170 5.85146098406134e-05
3.67966020121852e-145 5.42571147067262e-142 1.90637182398532e-06
0.734285889966593 0.471743708963493 0.473168695471022
0.385681855340114 0.63314538011975 0.284029382531717
0.515208949144417 0.266256522871428 0.449339630733245
0.415478489729361 0.487769811200268 0.630225449766755
0.0143168651244276 0.0597953367623899 0.0589071645559421
0.255356648348918 0.410006584860647 0.324622473167455
0.119281915562065 0.0071359929335389 0.0548505868823268
0.00419999356500908 0.000310205927300156 0.460206672698465
0.553668453664761 0.614973336447586 0.723243609486602
0.84847212879507 0.651151681528339 0.631085004379542
0.256382698285533 0.741374073226269 0.0497054023090665
0.208120308073901 0.784896003583959 0.0157385624244419
0.000736578720799647 6.20254023636732e-05 0.733721702060889
2.35473547744339e-11 8.35466593935023e-08 3.71268780709486e-06
1.06429128318476e-12 1.09940872861457e-07 9.72406493679598e-09
7.30609958261076e-10 8.20122242845909e-13 0.71337510058141
4.95968475710809e-16 8.11121128410709e-18 0.181531911259718
1.30184256583746e-22 1.45973262838992e-16 1.43122022652018e-09
0.901184814318255 0.816713658994772 0.424143860112801
1.7970424942119e-05 0.852033721325453 7.68179312768427e-23
4.77299875170975e-13 0.743838938142579 9.32822689376069e-62
8.01891234761531e-52 1.07487197814025e-62 0.313657893079881
2.17599169335482e-89 8.02305643313976e-77 1.43234634347556e-20
1.62144829320045e-111 2.49295539083318e-67 1.89202852029095e-74
1.42267398367295e-89 1.33066761888223e-114 0.787906534651618
2.23767074066089e-147 3.2388341168801e-144 6.95186731455985e-17
3.87967013559654e-153 4.03234127714018e-129 2.61151497354485e-35
0.857579661728804 0.984093522673956 0.648160008559739
0.683300435471214 0.630357835354142 0.963866939031874
0.41542402428204 0.411143549641328 0.856250684221673
0.318522683348254 0.810116469384819 0.0700042994243802
0.249338586903011 0.383240790377099 0.372556192541455
0.373990237072484 0.412785423749143 0.717858481513963
0.70414172180767 0.963794770697227 0.449660952744141
0.963906141610427 0.657733195477012 0.444381955254582
0.98101919042368 0.644005079906913 0.386442133522999
0.0918017395650762 0.670137908319123 0.00251724914635519
0.481965362349816 0.891086762771689 0.0670910278901322
0.0431406297100628 0.988077858788953 4.85500222762811e-06
0.0702570323573652 0.0912633720810505 0.478649999875514
0.000810708849907464 0.0012773162674876 0.284595039372124
1.16738541948805e-05 0.000620812900263408 0.0029060384294545
4.96148082913646e-08 8.20317331761676e-10 0.931748429698938
1.31985085058622e-08 6.15047873193775e-09 0.280779062113529
3.02216336963674e-10 1.62989517171128e-06 1.83976227764511e-06
0.392954448672596 0.0885374015474289 0.116995042010425
0.038266528325861 0.932430109002945 7.49922310433004e-07
0.000680955255947046 0.152888399558736 1.71341887810836e-28
4.3685275203883e-18 6.3274669793014e-22 0.806466148140445
2.67283074792613e-45 2.69218960518562e-39 5.06843653342521e-08
3.51364518105861e-48 8.37551583192462e-29 6.71495664110926e-25
4.55548588702013e-79 4.87933161986747e-102 0.46479920848111
1.30034242868933e-100 4.62442751343592e-96 2.03978671426516e-10
7.20750261705132e-124 8.79131997431068e-102 1.05192105061218e-26
0.517043016474777 0.28773753989272 0.965604728401018
0.271061666680978 0.122939990145534 0.00543061303828432
0.0036735821371622 0.104645817501886 0.0122052048385921
0.414536396575352 0.99378636933321 0.277687329290051
0.576678085680328 0.0319528685689473 0.269799568426729
0.457350019566837 0.216308069989825 0.947507043708799
0.590444328907312 0.26474700844861 0.0997341041965657
0.889845321765415 0.863798793682967 0.970207852567447
0.0004524126134775 0.0237485624133934 0.00709657449969226
0.837714452361724 0.558257537387495 0.439112935489351
0.0216701091379743 0.0145257680992515 2.48819358808681e-07
0.00043366961839185 0.0404832975235325 1.03421888710183e-10
0.0171285783246197 0.00019639968132139 0.982659374197063
0.00177645335496528 0.00165360716382052 0.142387756501445
1.40056236636024e-14 0.0248669675141964 7.15383841986122e-17
8.42632987596868e-05 1.26904629871916e-11 0.539075526140482
9.51516615678923e-13 7.75575396971006e-08 9.00708284468982e-07
3.06171102410471e-21 4.96090145157124e-10 4.02289459777105e-13
0.940443125860572 0.794526552816546 0.89991552109732
5.63120109296077e-21 0.107435363669621 3.40012330747555e-44
1.14938723311002e-89 0.340986575119724 2.52551145471632e-150
1.06519814487199e-14 4.36647981205624e-34 0.869662364822539
9.20069091551132e-62 9.2503720667935e-22 7.77178528649024e-44
8.67023023123884e-148 4.31321999391909e-25 6.72652942359426e-147
3.22697537488609e-48 3.60594516837586e-115 0.97877316396577
3.51779777722407e-117 6.62173697694816e-106 1.59014308464989e-34
3.81090650959706e-203 1.22497785570449e-82 1.48095248094414e-134
0.319999562393075 0.313825345859704 0.948581539121358
0.906072695061 0.646709839246963 0.0889701865774372
0.952890646086759 0.825386200568448 0.148722847338732
0.466555643562143 0.446909901169709 0.94986103931317
0.000664889510018592 0.00047037394145554 0.977855343023502
0.0648865496278696 0.072190007876354 0.660957852257698
0.0179666279830425 0.00735361049505129 0.215344026144163
0.343141251524185 0.434146809065557 0.324469569633435
0.0195576318209871 0.0177493936538002 0.901171780413569
0.61613880996045 0.414498631665671 0.129384458867353
0.900171600630803 0.693998144159752 0.0100623721433846
0.0977271029155851 0.405126641625713 2.41088878871676e-05
9.39183774614461e-12 4.47198369891332e-12 0.7285621629699
1.70355447841268e-12 1.46432296768618e-12 0.454813408539057
1.04781063526914e-16 3.47332422068681e-14 1.34537976743313e-06
3.08548362381105e-28 3.53807393288065e-28 0.135175284922294
4.66276212999302e-38 5.02292529167381e-37 0.010952092385086
2.84670894689385e-35 3.91299083751993e-33 0.000382207432287301
0.927274384260687 0.93583038324038 0.384370161045241
0.934025103586234 0.260621415476462 6.52732686971162e-11
1.59653798822253e-05 0.100565962008904 7.01626031787012e-47
3.63372765627489e-140 2.62027917176734e-149 0.334517846736644
1.09981832670399e-132 2.48242737341657e-124 4.85533890256596e-13
1.62903382469439e-137 3.09081123891495e-120 3.22608944992132e-34
5.98663162235054e-286 3.70525609227878e-301 0.93919577160723
3.66693217999264e-302 1.950849117907e-299 1.19427450842718e-08
2.43149729193397e-298 2.78071368478109e-294 3.19701370461726e-10
0.225596339101172 0.129198171723956 0.750159564420454
0.199543164079998 0.626980353239862 0.0480409823852498
0.434859468041153 0.256979963806024 0.607622983015345
0.320189841663775 0.235620553769278 0.894532645036798
0.56064752396011 0.46488131382396 0.884270790033806
0.0265642428357544 0.0282779602150741 0.493544261875219
0.0387796470814552 0.00616506293071119 0.397048333237199
0.000736127876851786 0.000568472588137509 0.442720683117487
6.70451778886801e-05 4.08337685917495e-05 0.382065557313821
0.644161401664899 0.60012022862612 0.996078108336667
0.32089512440671 0.00888732765783376 0.00181950009367258
3.8988244315205e-05 0.710505469221791 5.17489243132522e-21
7.68185694295825e-06 2.3371282806212e-07 0.81988613485171
9.19826628585161e-11 3.39422940366956e-10 0.0252597460226368
5.97017520363839e-13 3.06628762236986e-07 1.01588013979978e-10
2.28916545442833e-23 1.25790344690899e-30 0.667024259288668
3.40173254463196e-35 1.0062203504831e-35 0.00101042875597177
1.43078112722592e-40 1.20711572535479e-35 2.96320541057186e-08
0.577595150111988 0.759311947104234 0.0522082453880095
2.17270495008147e-11 0.181409545457363 8.87656788483216e-40
4.51015938873832e-20 0.121596157272491 2.00596012688204e-143
3.58227865185789e-104 4.29790424534385e-128 0.224761016653936
1.45363584644788e-141 1.15364191594044e-119 1.95030414928687e-30
1.09205903272705e-174 1.4672276712274e-105 3.1966486208914e-105
7.37742737676003e-215 7.88073517382402e-282 0.866885506974817
6.53529193863624e-269 5.08509353963797e-271 2.37853220806696e-24
4.1032493145768e-303 3.80946468008386e-262 3.02353352211019e-65
