TOT AFR EUR
0.276745484778751 0.308498405719858 0.677854461665044
0.231050399029863 0.443092132473508 0.220785293291263
0.058608176512106 0.359741668346876 0.0232588408101187
0.161620017795278 0.289406024059323 0.311016723999239
0.36978624142677 0.481171184634293 0.580304971535496
0.964534805785745 0.89237970116698 0.8620312689679
0.517039070306872 0.40972147044305 0.846723301477199
0.914938081613281 0.6404625811219 0.454840943624202
0.339386725623094 0.178323741093397 0.459677081401761
0.271952838542907 0.469644605303843 0.255294022636148
0.00770886991193115 0.0275370754984593 0.106882257730959
0.428228417037437 0.245676707828056 0.588645272227573
0.00356359707019476 0.00682381043779842 0.27449466385861
0.0153425364031615 0.0127120122124438 0.635467207143828
0.0409867068498225 0.361502008541923 0.00433016503047495
0.00462207467480361 0.000521241906327007 0.52322801774494
0.130813396965232 0.132649531301871 0.686708225517569
0.000295291171976954 0.00158005414515254 0.0670843572720871
0.527068179376169 0.487575072081305 0.954287183067445
0.289567763494764 0.730741307104045 0.00166592087996924
0.046686349525147 0.981169431214117 3.85430586532598e-06
2.57481166067986e-05 2.1036123078165e-06 0.883053379859025
8.40304214527711e-06 0.00105821614819739 0.00117105746276692
0.0209492201232995 0.333981203163045 0.000504753166173221
3.01110059247707e-07 6.98415686586067e-08 0.39497234678002
6.67346456117834e-14 2.29881094402818e-16 0.557983008831177
1.21072449951302e-17 6.69029916016948e-15 0.000246304863118882
0.825998508076958 0.920077983760041 0.703460455653209
0.0469848821943542 0.044697411773382 0.349378096847723
0.708057430878665 0.145549363665981 0.445931153366153
0.857974813818465 0.629589265968038 0.529064708999684
0.223133574401623 0.956973171815577 0.1185027653226
0.180789211345146 0.644392023911176 0.165284634008044
0.756363159867773 0.32544373803426 0.199897002595848
0.395432363946397 0.0136492719255823 0.319905712191906
0.92839108761873 0.557424100349142 0.512762819927326
0.658294960700136 0.639340719318643 0.852232264705891
0.479410209296338 0.581125706518534 0.627613422524026
0.0143459361942862 0.0979455899879874 0.050372232014558
0.298714317667544 0.0191568972075222 0.511164277058559
0.610994744018528 0.439882641917253 0.974181665420188
0.0314649580157235 0.727251435168289 0.0139921266184798
0.922060987548388 0.0730975628756715 0.0764037249937777
0.538576941411776 0.0374708005541845 0.414882555007027
0.00946865255022892 0.139481835627489 0.0276985868287048
0.0962150670351124 0.502840819489488 0.103213090884686
0.00643573016381312 0.546446834293042 1.78002095148753e-05
0.000546457387472668 0.128305020509322 3.76839240642823e-09
0.00134752583055413 0.00307382610398121 0.0645209477770672
2.75198370392092e-09 0.000614025808229831 5.29388657104434e-07
1.62498960702243e-14 0.00152239215595811 2.63164677183529e-14
0.0346820102583473 1.25480500801642e-10 0.00572881838989328
3.09470958651477e-10 2.03879406916027e-08 0.000404765450330526
3.95439253017324e-21 3.49361618653356e-11 3.29440056475877e-12
0.149491625410021 0.102382764513949 0.435944362697426
0.426372867150033 0.653068416730458 0.0383978436595101
0.114314005294372 0.19489851477147 0.123931814474312
0.208686791656288 0.220719160022778 0.695912725628194
0.654185864072738 0.6623832050718 0.910435931328433
0.580086528913609 0.591758484604417 0.912821253958933
0.679659755062801 0.697347383748251 0.868746697630314
0.824039772501593 0.741548428098998 0.588647274565519
0.62304310527773 0.888600009638519 0.128585748271734
0.216686425497118 0.326522507942044 0.142312796793909
0.751656193999397 0.536741690939174 0.129731389251053
0.230205816146397 0.338770606617368 0.217471342299237
0.77141952114075 0.855893675946096 0.588240246883716
0.0311354287577621 0.0309928578760087 0.805140457967666
0.0639170808234907 0.0606362029100339 0.909513231367401
0.0368142136671493 0.0448873987435708 0.494127782937882
6.03840585858248e-06 2.9163824361349e-05 0.0191963017757905
0.0181730229056639 0.0477519620561487 0.0568815652264781
0.132770536714602 0.168289808934653 0.417814840574265
0.0226165364685191 0.0393692363774921 0.17958738761033
0.443573559649147 0.94434910625431 0.00459899507336741
3.16258637214585e-11 1.72653825441746e-12 0.324149434680385
1.37549597892883e-17 1.34704237996176e-15 3.42043107559699e-05
6.14230916368209e-14 2.70725810495313e-12 3.78125005646643e-06
2.39646349875523e-31 1.86532834110456e-35 0.0309115430603862
1.5996775899982e-19 9.2724794159561e-21 0.949754311630946
8.99074610900588e-20 2.69600058879086e-19 0.0967133697683317
0.278376690313578 0.212704066637631 0.971734614884063
0.943253891100786 0.903432014089368 0.658951333388208
0.821625210482718 0.573954575326448 0.53140779555731
0.0800478002759204 0.0713292995230873 0.717199144802597
0.435611358520171 0.734512758327968 0.215901210819296
0.333283862168285 0.151831595099443 0.531697681099607
0.52025186448341 0.181973843727856 0.235762727754696
0.316579281991747 0.156315861581437 0.606576830926373
0.464114301356825 0.512709708925558 0.697075180247642
0.778221590122706 0.897597512867334 0.677418550790602
0.313011443323958 0.767338361971882 0.0558903179796696
0.825623704670961 0.520755599668452 0.0710401085230745
0.162530563890644 0.0245095403197263 0.140044626599617
7.25755823271147e-05 0.00012644656448724 0.127707257073784
0.13924320389817 0.39130174440723 0.0779747292660134
0.000187183197650256 2.07645174098898e-05 0.924445870319228
2.24135004003358e-06 2.08596030129443e-06 0.195577320056364
0.00428396630051729 0.00333997033753656 0.603028429782736
0.042232306129574 0.0173527131273278 0.860826948407213
0.1681517273786 0.679731787947932 2.56786024726657e-05
0.00271243254507162 0.471067348196165 3.35718380870995e-18
2.56462324531379e-15 4.15467204333026e-17 0.314424993533211
2.178421194115e-13 1.11772043155872e-12 0.00941742762807781
3.1187072049288e-27 3.02268371533759e-15 2.89360171553225e-19
1.3489218052e-22 1.27183306231884e-26 0.309515637030289
5.21300474630931e-17 7.40369400438327e-19 0.218010882466371
3.15899713852114e-32 8.04720937681087e-26 1.64233241273406e-10
0.360685653601004 0.271160143571379 0.880974666959257
0.470928241247033 0.125108249852612 0.152154731355011
0.684126427998957 0.538948949055524 0.756104084033223
0.499204342517188 0.991786538645852 0.13910868526676
0.328463651290192 0.327968607302176 0.815294685308001
0.81773145586792 0.666227297857288 0.72696409589641
0.30336561474766 0.280668767230954 0.878271631419306
0.0502408868849821 0.0350680178301355 0.87245043002076
0.00355974620261579 0.0278395625140598 0.0281405942044827
0.0358923297125123 0.0547020020623595 0.386700988397054
0.112198624184182 0.189613631405298 0.33689293084681
0.195041110771961 0.684327804187494 0.0376145463596045
0.805762220561332 0.551291630424512 0.501589640871831
0.0140076326342174 0.0435553982376731 0.146037574842434
0.0011914503069182 0.00112394605935464 0.440743333096243
0.00588856405516886 0.00015777053905029 0.152672434932165
8.24445098160678e-08 4.85418719737326e-08 0.282773909057028
1.72213400287947e-07 8.00877079240557e-06 0.00370118795184612
0.00191648886411551 0.00265446233288971 0.330457840728404
0.00101229797193421 0.649350863769315 4.53974343318403e-11
0.000962716547031647 0.71880697031978 6.74359137501967e-17
1.32907326231988e-16 1.87168854481358e-23 0.221413453253152
4.34931850183517e-20 1.01838716408334e-17 0.000323688877996801
8.52147514863461e-28 2.41954438669934e-17 2.21056990177715e-15
1.46669167579423e-60 6.97459415631015e-69 0.0764205784750512
9.94848523270155e-47 5.48978779245783e-50 0.00958572179324764
3.6330870741928e-74 2.0111746613562e-59 3.81758812720397e-17
0.363690042201226 0.185413492441977 0.917838026542277
0.222256960528194 0.423168210751188 0.0199151298019804
0.746578800171975 0.651354298541179 0.967267454898301
0.4457744819552 0.421213039207491 0.0881999091319171
0.159307163884059 0.000565568461272074 0.278198853653606
0.81555568198745 0.336796924929138 0.588063903494064
0.259822089801506 0.241641927249745 0.62304318953553
0.377938604791652 0.335860019811046 0.740035787769475
0.346262114399306 0.470257568768307 0.0607065942428237
0.834590346265209 0.842178877352913 0.915428184833978
0.0519199249166786 0.578261475087537 0.0324782872448653
5.66311129853974e-06 0.417963435273236 7.2568222686316e-08
0.0273020700420383 0.000637166666761279 0.987536976675986
0.0163904882170162 0.0996585488875472 0.0706191550051366
1.61843301565037e-08 0.000405989661583452 7.23058814527201e-06
0.000340989686453484 1.37158435236901e-08 0.988659242418582
0.000713690429442566 0.00181657832053584 0.0590762622326488
1.03258416261819e-08 4.92417843987638e-05 4.13198100742543e-05
0.740937459268187 0.140188106710953 0.381713743113894
3.13595213377765e-13 0.84892668403667 1.8352007870773e-21
2.08389411805139e-48 0.99219355492068 2.0853326438939e-84
1.2546998071176e-07 7.58366592799949e-18 0.797217956609677
5.51156032587593e-34 4.06073839820581e-18 2.93615178550056e-18
2.46711516258337e-61 8.7315021620657e-12 1.63374554651438e-60
2.62960951998724e-21 1.16056343984645e-55 0.400337334360222
3.56420311789606e-66 1.97979140450944e-61 3.46597658185828e-19
1.34679526574394e-91 2.2403021496013e-40 6.61639136633752e-58
0.753584844142036 0.809531192498762 0.696820915445174
0.633945096435501 0.482122082811976 0.275997307306552
0.269670041299079 0.398769707597651 0.104509275596527
0.947350597198628 0.804714380140329 0.326282346179869
0.0590317058284195 0.0434502319123519 0.654998280858275
0.50853423893741 0.399582187476472 0.361174024344057
0.0317727516058633 0.0276011404413164 0.991227724450179
0.691744164007277 0.544657160540514 0.326106604268329
0.37321986231265 0.549892968231804 0.096719944305619
0.10847378510211 0.0596615839226297 0.259803034304905
0.382812310813638 0.705309130033176 0.0173037244955522
0.138442457780891 0.0368772709569239 0.00423728408105323
6.57596200973266e-06 2.79191414572184e-06 0.760455102307482
1.4748686527737e-07 2.96653549714475e-07 0.183556330728681
3.05790321003015e-09 6.66331396818142e-09 0.194778561923171
3.54890381488305e-17 1.16425646115366e-17 0.697063808432659
6.90520957030397e-16 7.15226795256718e-16 0.321476181348183
6.98742327512811e-17 5.62803741348554e-15 0.000735965838208833
0.666610551949786 0.663101867247021 0.977962897378384
0.000948928153732725 0.0221105577071544 7.29905219254086e-07
0.0182387994180631 0.732802687149339 3.68658172046699e-22
2.95042574891854e-68 9.20636367477831e-72 0.963924158834216
2.88063461825968e-68 8.16978899723565e-65 2.99812104769917e-06
1.61532507156854e-69 1.30188966658848e-61 1.93680106248587e-15
1.72714427864956e-134 1.77243566741829e-139 0.252838869038215
4.42574834162825e-147 1.28265034901944e-147 0.00066955028072032
1.10897663875496e-158 5.19694140440042e-149 2.88851904643881e-13
0.0157578276039162 0.00952426109397596 0.748470815842714
0.637364467407621 0.664344822160255 0.814126802610866
0.196761052302819 0.12631606998883 0.894264859995804
0.479037593565624 0.32890138927211 0.709178354091554
0.496001959744178 0.681713448631009 0.448147934414624
0.0429805571426568 0.0661120855319371 0.348421344151719
0.688472879110333 0.823828967532878 0.166173490186295
0.160686052498573 0.269343110547942 0.313822952750067
0.109867585591757 0.0947281556879658 0.766710976740126
0.379667721224054 0.430687085118193 0.664283122138068
0.212010099002828 0.683120469702269 9.88020226183578e-05
0.187113818816778 0.919301914128704 0.000960713488408454
6.92399250564621e-06 7.98885939008502e-07 0.68712672853177
1.57162356295865e-08 3.75440717161563e-07 0.00460108367419611
1.20093137793462e-07 0.000232900527935196 1.26188773140382e-06
3.05613450473901e-12 1.56473222410334e-15 0.86567473453095
4.39146754569451e-21 2.52141418393226e-20 0.00423836359445808
2.24381008302663e-13 4.03027691897659e-12 0.00424494014794274
0.24021847546751 0.127281407878455 0.671067162481877
0.0186241679822391 0.119017835621753 1.19397857759297e-18
1.77058113544359e-16 0.311260756484854 1.63118910566577e-71
6.19175411032372e-46 1.61070093200603e-57 0.769664329725091
7.32331710711036e-72 1.66089802733347e-58 8.76065516848801e-21
3.6015519492251e-85 3.78763072634506e-52 5.8496388488379e-50
3.15395323515935e-119 1.04743130904999e-147 0.266876241821359
1.05739109378545e-139 1.59727978616065e-146 1.17440554239354e-09
1.42086146681582e-159 4.15752962819496e-134 1.57864072136634e-39
0.0364453625312318 0.104377822636789 0.147836223542204
0.42018287939801 0.878522073553011 0.123022496873205
0.787930499125852 0.0530312577843221 0.000891278014266591
0.902525135626432 0.816490781778017 0.444440977890104
0.797135510092803 0.9245311731844 0.428321385057494
0.276634307999025 0.316304504724609 0.655353998690943
0.535842507338419 0.754959443046426 0.447665885531708
0.000428505918291215 0.00899333884486917 0.00788487492600132
0.82486598274332 0.464513866226257 0.343359300816284
0.918451683312005 0.856579835708446 0.892067984211162
0.398364334700134 0.259020594026137 0.701087396527265
0.0617501997166365 0.851664143680666 3.15789108085139e-06
0.000220113215325182 2.43723387908273e-05 0.876141315960796
2.68587319601363e-06 1.31492533349074e-05 0.0683077475682881
0.000490763030845582 0.00796860148845822 0.00958287857263682
3.54898216347003e-07 4.85115249168559e-09 0.795873114377277
3.5318889823983e-06 1.6461196161437e-05 0.0616444507117136
1.14941561949591e-12 4.2899159984427e-09 2.27286846240248e-05
0.94989445479997 0.566435698450161 0.191885555974071
0.000392298472770321 0.5738757985568 2.83996083605102e-12
1.44863007973256e-08 0.801402176633643 1.8810846006648e-39
1.00264832273772e-20 2.8264943235197e-27 0.49540647270366
3.69245946554599e-37 1.56761430695326e-29 3.54341774728696e-09
1.58056546702606e-64 1.2828778485543e-36 6.47333279829343e-40
1.57737947625488e-89 1.53079374245419e-117 0.390358043286625
3.51852133311222e-98 1.73844863300782e-103 2.07916378783821e-05
2.80555058597453e-122 3.11683943493108e-101 1.08557064597618e-25
0.676754739081659 0.327828770417994 0.782885117336319
0.135490628406545 0.29537827493224 0.00343193442835933
0.0267461057678215 0.0914308060518996 0.128221319014088
0.471014877227954 0.716463325300135 0.208891483169196
0.0407461486541965 0.324585091587198 0.0614008241081558
0.472084553106023 0.236253792672161 0.945812819395644
0.0119082141817732 0.0174510929766758 0.195526449731389
0.719225589261915 0.890951995100963 0.715908324906294
0.203285420120619 0.806951344698018 0.134072806074656
0.692361719001266 0.857257328441959 0.496736188825027
0.0259566286455245 0.470575819470761 0.000303610284112669
1.19178853328225e-12 0.922464803379745 5.32119286883047e-21
0.0294193847542313 3.13338438334506e-06 0.29482322085166
4.67822906914422e-11 1.74019395243969e-06 3.09771467360258e-06
9.97194809134151e-13 9.80872592498041e-05 6.13445304245395e-10
1.31196334900754e-08 6.8420499747167e-14 0.245240647087185
6.21160968105771e-11 2.10995226545585e-18 0.256271517124717
1.96059942782623e-18 2.61127695136938e-07 5.37932125023666e-13
0.424695411530918 0.927765005364428 0.329184644329423
2.97192194712216e-16 0.14819791991539 2.43100679436647e-34
4.63906627902151e-84 0.975435774393984 4.10181129963451e-150
6.35009627705835e-17 7.05363356641145e-40 0.858473653316159
5.16744654289641e-74 2.26634477259667e-37 1.70891050053948e-41
5.33302918268096e-112 7.65710644597924e-20 7.07165375210188e-112
9.95768217533502e-53 4.11576732796783e-121 0.779303185483906
1.74796411540109e-135 2.22092157362448e-104 1.63871815956459e-50
8.75420769356004e-185 1.18673065601527e-91 2.60330677775462e-105
0.138376509178386 0.107332186330199 0.624941306294736
0.381775217487177 0.61862921459819 0.0579219076000035
0.333639141503359 0.4106547140067 0.382694068908603
0.308833334067816 0.413190283212269 0.254111710256107
0.181303078445841 0.409156494142219 0.00864149865661286
0.0887888054503782 0.0681928215330039 0.693779637706353
0.000152354721102086 0.000725885471324532 0.0117662828462723
0.00168985493607714 0.00148581540590526 0.834621965429049
0.0271050161056069 0.0474949727384527 0.161029379309221
0.716606477901373 0.648811010529531 0.679515619553719
0.179803224672917 0.336560005761417 0.0462006985431785
0.0724563831195528 0.25187640371103 0.000716895880952534
6.48403728484695e-13 4.85986576058602e-13 0.505746254080341
2.66774510470974e-15 5.42510567645761e-15 0.138164399200013
9.60400980642928e-11 9.9944532991488e-10 0.0134123307421031
1.12114897237316e-35 7.47962073432158e-38 0.718759380649601
2.61992749964758e-33 1.29957831585993e-35 0.56939246291474
8.5348646633555e-50 6.44172269657817e-46 8.00512390961277e-07
0.427445996653713 0.556325779985525 0.296676942860311
0.228280597098254 0.952316142955734 1.63114368197491e-10
0.21240542100791 0.262957637986371 1.53529054044976e-31
1.10368859676466e-131 1.06120376381064e-140 0.279474972739165
5.20793453051316e-128 4.78027145106277e-123 1.08628040584289e-07
3.32243896273047e-148 4.49618734032175e-129 1.10093028646188e-35
1.2797882914659e-281 1.04804819583843e-296 0.948932893252004
5.77527657075787e-287 2.0190491271031e-294 0.00784299462893024
4.86328079260184e-295 4.46806421896229e-285 6.24838061054274e-16
0.912941826150612 0.374320487462856 0.0353054782963758
0.691486005374757 0.716678816434183 0.854748552588288
0.668533296624632 0.374829927481445 0.402535573846699
0.0276988874916305 0.0151539574503538 0.90580443781021
0.00682197035354645 0.0465116066441932 0.0221822116852284
0.843575632977778 0.842050857323914 0.397285717565143
8.02981872468225e-05 0.000102258657455279 0.230334350801695
0.0124598309135072 0.00204233973165542 0.58742077600688
0.00201764902530104 0.00434614511958692 0.173625848471007
0.196291427779753 0.238402018412883 0.551569865825936
0.0434925784785547 0.398382516418972 0.00283806236200973
0.01088687043608 0.842792364641807 3.66277974467676e-11
1.69500332160501e-07 8.94294284597256e-11 0.26033757904082
6.90412251682545e-11 6.19892681461611e-07 6.47154138921193e-07
2.42369552744323e-15 7.6377617176959e-08 1.54506388851258e-13
6.26904049404616e-27 4.22423443577708e-31 0.244149255273725
6.97751298942537e-38 7.59730063039322e-35 3.07576154478859e-06
2.0611772656649e-37 8.08632181945366e-33 8.9325407279374e-08
0.096834333100761 0.0589436705674985 0.988609603469404
2.2773214636501e-12 0.800753593987352 3.22601111696154e-56
1.79432835575062e-17 0.180650950841547 3.18630501597397e-125
2.68912709215172e-93 8.8403446450142e-121 0.751578657127696
2.06811271380491e-142 9.89835619727356e-122 6.77823212033141e-31
4.26616855657895e-189 3.78972097188757e-111 9.57251521614731e-123
5.2063856382236e-220 8.41008551522902e-278 0.194386955034617
2.80712593737907e-276 6.78866154556149e-277 5.36938745678971e-25
5.02759096297685e-255 4.01600532858695e-213 9.0254085469292e-60
