TOT AFR EUR
0.350122208952528 0.0418464173715537 0.0557203796560103
0.113601321182365 0.0551478527873487 0.784259908132894
0.832392808343243 0.62101988798962 0.557977103416603
0.943774935463378 0.88099631172793 0.88912083650284
0.942207943877544 0.565698369331217 0.266149369467082
0.0240228734502806 0.24486040597283 0.0144923417154985
0.341191354384015 0.569794566662993 0.251252067223239
0.30071606412198 0.490167039941362 0.355847632108535
0.014310909620353 0.0170230081079799 0.476699451033678
0.94819906965441 0.519052718595135 0.112844612832687
0.16294773712552 0.252853046418964 0.399776396723316
0.791619744415658 0.961452801231656 0.469296284637071
0.412838112006839 0.253778215624004 0.615490287954881
0.267252986108694 0.672869279407439 0.0977033348754073
0.166687679888554 0.209656270897454 0.526985871938134
0.427378548699744 0.287555853609734 0.737029140883932
0.237927089281119 0.258845025886365 0.689602476816716
0.00121387658482209 0.000772840675204034 0.640331490016534
0.899195396978255 0.924890676404307 0.648025128259895
0.0478427856029389 0.205512104969728 0.0357338561288755
0.0275210221968158 0.640603123874612 0.000119741533984768
8.86135261678492e-06 6.86693809785258e-07 0.978819567494768
3.1789903658278e-06 2.5737563827046e-06 0.261295474375325
1.91324033344715e-08 2.927343323618e-06 0.000560217869333928
6.30413972611732e-15 1.63555768128128e-17 0.599732868386893
2.38767002506461e-08 7.57830305980217e-10 0.835768859935676
2.79698614737891e-16 6.31034320101857e-15 0.0143413036267971
0.366149561597384 0.768288250805479 0.331852632446014
0.135653914893608 0.264264409228063 0.289740034411617
0.609062117502844 0.716246322821657 0.320629567807256
0.369271446138531 0.6753786454337 0.389343069531667
0.514298749552409 0.378796835416572 0.119089474906312
0.701569120290582 0.800106182273626 0.762906283930478
0.47697072315525 0.482618720427482 0.713057866050621
0.39681489729579 0.486957534759089 0.0711396505261133
0.425336575138023 0.15412558851738 0.891765075211796
0.0937532146452971 0.103102769365178 0.425690592894069
0.267742956671993 0.891974705084835 0.124522587943116
0.225845963732005 0.673933540045029 0.222938717501438
0.54980942104886 0.966947606808146 0.441763963787821
0.00349310486945864 0.181497901704174 0.00584455746736823
0.041496900622835 0.614138585202923 0.0217200404075553
0.29890900323662 0.468597794211248 0.447616283468953
0.520498695102959 0.224038674509766 0.838581666947364
0.0278321836149571 0.229873827438866 0.0612668915852085
0.489839454670174 0.0135704496836451 0.252034202579253
3.58991810201259e-05 0.884977744765389 1.24458867988992e-07
2.63379913732514e-08 0.353016982484632 5.65791139538356e-17
0.0294357455797447 1.35846581215979e-06 0.215061774539057
1.68473180796886e-07 0.000700021484851137 2.96735032651852e-05
1.25807596425476e-09 0.0423834965233166 2.67166029505729e-10
0.00056240057425213 7.41030701696028e-10 0.611122663598692
8.45665316986579e-12 8.75441131543142e-11 8.20099259381858e-05
3.0411072177746e-23 2.72975677577091e-13 2.16529845895382e-13
0.703882125736143 0.772085966267757 0.562145076113694
0.4440758585273 0.501095276831336 0.61692023925313
0.0683180525909098 0.0553064952860264 0.847451583799846
0.0731228576454017 0.0483233308051035 0.515786151808018
0.94123331733779 0.759080537995486 0.235931424548546
0.580582207671859 0.522663669118255 0.713921638966646
0.569836860001716 0.500436848815876 0.590483527190079
0.0124484466616064 0.0108764560331072 0.97062099798151
0.275286957924517 0.21993835071585 0.622768912678211
0.0786923245680912 0.101081181894813 0.459525048924723
0.541079558485826 0.537111588999969 0.96620478997563
0.028341369818725 0.0356092199831492 0.432533952029678
0.0579512885443398 0.0576452031974596 0.763582925882789
0.0260370484099388 0.0300534294213128 0.585792059900474
4.06122091032331e-05 8.33938111794527e-05 0.202836061497892
0.00301366660996108 0.00158525182761571 0.515170883344331
2.34293051235542e-05 5.24559693753739e-05 0.094769759314792
0.00399185336343725 0.00320209761869655 0.978750034293321
0.838881391948526 0.984550677758109 0.387050048112277
0.367463261943331 0.992864687235996 2.07686775126385e-05
0.603025034786066 0.862519336185008 0.000493438020941058
4.18901264440474e-11 3.74693272858395e-12 0.388753306041342
7.95499141153801e-12 4.08622725193429e-11 0.0291927930419525
2.60090883158228e-14 2.0063181095277e-13 0.0108852124218463
5.67393385400578e-22 3.95707186857228e-23 0.944359514251841
3.57120676489528e-40 4.20075503325188e-41 0.391010328172625
9.12674324776106e-35 4.76780735477414e-35 0.0757203238578186
0.0485477441510361 0.0208598091284015 0.843067242853241
0.836930311146109 0.867503212518691 0.888347227259463
0.932009675078006 0.359143991310655 0.0432153213150438
0.595893978616404 0.705319323598112 0.62965104366507
0.981023805865235 0.582674679084404 0.229003732729134
0.192699125322136 0.186530159151844 0.726870449801215
0.32461185558674 0.424283093147448 0.540513369789808
0.192246808795691 0.174949182400365 0.806530373350917
0.706061352170389 0.873398274069153 0.578292250740942
0.361402023595427 0.20897087249029 0.648882809243772
0.192217583881372 0.718593291178542 0.0163748203742266
0.978728147449207 0.344855331486199 0.0790410135622773
2.40525672018799e-05 2.11411660769535e-05 0.360627757536422
0.0284191009351615 0.197866779883453 0.0171518601188499
6.25997344184222e-06 5.04266166176066e-05 0.0165570043914201
0.00024119669850436 3.09942800683013e-06 0.315158377439965
3.96262893331429e-07 4.30450878820441e-06 0.0210801734630901
3.20541622347313e-07 6.13016428937955e-05 6.06124957732222e-05
0.0842085995449705 0.128602126140382 0.342876918781956
0.484446249397649 0.171226058146802 8.10753051328278e-06
0.000304688824491403 0.992841702497707 1.07248092555164e-16
1.12184233853472e-07 1.24891858484088e-08 0.557265288313357
4.07703251000644e-19 7.41588673272555e-14 7.09185932758209e-09
1.23636223466422e-11 0.000111269981122614 5.54491472231047e-16
7.4836725877619e-25 7.34505294516652e-30 0.468594734509876
1.76265165079635e-40 4.81525279274361e-39 7.74688597243418e-06
1.32381938961018e-29 5.50939452825987e-23 2.97679946309816e-11
0.10871266799417 0.0953789320897983 0.796177575949444
0.557726034293468 0.169079098126447 0.148954503878487
0.16770790475428 0.70247229798796 0.0225871737291947
0.757269245041841 0.171622327666864 0.031924616928834
0.00690611964607578 0.0277075299839427 0.10109308667177
0.14326314020534 0.464080443548373 0.067349967627449
0.00747588552594762 0.0163716071238667 0.218523721624628
0.278280746146193 0.2032644239682 0.906128652781391
0.226566678163992 0.429509120427025 0.26013474910001
0.371663888385292 0.807096552733684 0.131150156076279
0.117961659401076 0.141687016727434 0.564118539690227
0.0783812564916012 0.501393366494995 0.00710806795185023
0.00888216807328652 0.00665183696201561 0.659790972458937
0.296609570069432 0.467053089947812 0.365696068238462
0.00622614082248497 0.0452009513289361 0.0286147027950853
2.87676459499994e-05 3.57349909106685e-06 0.84645739551125
8.48404412744573e-08 2.14486544216682e-07 0.0945839052350768
3.47556396800347e-06 0.000314269355167229 0.00204900232873549
0.498114737699295 0.270291166411956 0.483363284034898
0.00337977425606495 0.393803825429905 3.1969166909307e-06
5.43261883364875e-07 0.267636704914702 2.27475185059583e-20
1.04424050759926e-17 7.89361905988357e-21 0.611006629634795
1.0716937573297e-19 5.78693970923009e-17 0.000344329160694691
2.63497022401752e-31 2.51086827955457e-20 4.60009618557634e-15
2.26604969267503e-44 9.63263848387411e-54 0.789642806246312
5.68478986490266e-58 1.86982985725908e-61 0.00114673679622598
5.36687142559745e-56 1.03539917324795e-46 1.2043289286537e-11
0.31252336675439 0.901797984327252 0.218788175432779
0.702291101814877 0.205815661188119 0.572732387571867
0.438255268582734 0.591747883393516 0.13739835274227
0.281891432173304 0.610817008806174 0.316933024624194
0.0545790218376447 0.942594087130443 0.01278961472417
0.449969331626107 0.988623284670676 0.319356179164601
0.567487591842815 0.433900965619668 0.91772863589625
0.544311330922547 0.741633076018019 0.273652988296836
0.851305153914182 0.615084672261152 0.854520860962446
0.351392908999192 0.0452212573707813 0.65316675300173
0.33630016435074 0.424424500864147 0.544737988625666
0.00011978214050275 0.930574338181539 2.08744276831662e-07
0.150827304588853 0.0636845148006079 0.726065797652566
0.0109832826089449 0.0641987635858123 0.0653190421528837
1.07217973333723e-05 0.0567894817236655 1.63989888015531e-05
0.013814584210422 0.000227977124166262 0.887535972440269
1.00949306375804e-08 3.03333099497942e-06 0.000242311853199634
4.65519289126911e-08 5.17797070852858e-05 0.000124347382483286
0.472699021145447 0.994881013296712 0.336117219183196
3.84459952027952e-16 0.972460089469412 3.12036552689544e-27
1.13211229928427e-43 0.148117252609348 1.05879193645911e-66
2.87248318553518e-10 6.29810986128998e-22 0.861116804257012
1.48142341044264e-30 6.38977917131227e-13 4.85592194209522e-21
1.79282868601725e-70 3.04481928081345e-13 1.93074007133461e-70
3.31562344922184e-21 3.27159185031593e-54 0.415302021641976
3.95207115885835e-70 8.05252284024373e-49 4.88695808103504e-29
3.26048116866017e-91 3.63223849538552e-49 9.54068964292911e-49
0.550268706948671 0.537787085482376 0.987579436395614
0.404950189419553 0.375426867237068 0.878133234811065
0.185848820007331 0.421054078200637 0.00910315071504678
0.379902270154996 0.220012664016515 0.095706165688541
0.368807372677509 0.372230137940712 0.88791101059483
0.541741336674637 0.448807679704656 0.535200357149925
0.222732138706714 0.276377614287576 0.427087296593416
0.0121323829521484 0.0159745797992831 0.44816886005777
0.171734536653992 0.127572457782393 0.54194849140032
0.393409494260347 0.314530605693109 0.489794944132592
0.560842131565656 0.846433435917947 0.0464015890094639
0.79801669654531 0.853663621527261 0.0288030455816001
1.69239734833527e-06 1.49238809070012e-06 0.603005825538113
0.000355074452055341 0.000323769096206704 0.730094137130633
6.24886520559646e-07 4.67054007178764e-06 0.0042840156872833
4.98516494362114e-20 4.16221978466572e-21 0.883123844168185
1.7308367442246e-17 7.60744173292484e-18 0.536863501404535
3.14830320636755e-21 1.52571581571099e-20 0.0348768362788329
0.481095682783327 0.606720954938726 0.352600450260391
0.185152446520471 0.895196962217274 3.06968793988147e-10
0.0485197879256586 0.703645008812569 6.4002213636538e-19
3.19444776726784e-66 4.91209074615856e-69 0.713091100500955
1.12678541657891e-70 1.70596001188253e-65 7.23746246996777e-08
3.31845765557491e-62 1.12864365815023e-54 2.95261074048949e-19
2.96234128939745e-135 3.02624015798596e-142 0.898673969434851
7.51266524772308e-136 5.86847364446978e-138 0.0247078781632333
9.2117737137156e-142 1.55848636928154e-131 1.14134112697737e-14
0.551470653545556 0.544959458274343 0.879617591630477
0.216507066205662 0.87112306197964 0.00650418163718148
0.541376741976464 0.450112480599914 0.896697069472898
0.857911324198056 0.786762614503517 0.888173279334125
0.103787437416377 0.0633679937265132 0.966615927390498
0.0672346759896312 0.119338075590734 0.269439054002074
0.0715683415916258 0.169266068577832 0.16514527598025
0.504341373913788 0.396830268989722 0.848318633304761
0.000900341525777521 0.00114060939074112 0.295432480686728
0.995120033171707 0.8627346281657 0.726201908147915
0.304940436204896 0.739171492440097 0.00215599388516152
0.0535950715081107 0.261625133356362 3.91165513151437e-12
1.20595253650084e-06 4.30372957483587e-08 0.918455330412815
0.0121434232282514 0.0191540794492358 0.278382538383088
5.58736926082685e-12 2.20231008103178e-09 9.2700115850721e-05
4.72579332526411e-08 1.0761879089269e-09 0.893322195653381
1.13884536349536e-18 1.8572332941737e-16 0.000257950195543413
4.22707416763749e-18 4.48403266117974e-13 5.14234420642741e-08
0.68563834609886 0.786314412126861 0.119734311719215
6.76248621163434e-11 0.0373527237309299 3.30362994357383e-27
1.27266067644603e-11 0.602396588699862 1.86820719335489e-66
4.350987374991e-49 8.66115125591849e-67 0.264029880745375
3.52498376390351e-83 7.64460286391609e-69 2.23067810496765e-20
1.79815429949118e-103 3.21690615371802e-57 4.60964969681884e-76
2.53879646142286e-126 2.84656356838036e-159 0.738961193042223
3.65674024279503e-120 1.97318131879252e-119 1.06987394027825e-12
4.29724076285648e-155 3.29730710290185e-137 4.76447172947103e-31
0.212716029841883 0.78620163075122 0.0231603484148939
0.129840610275363 0.100639597525176 0.907994286251132
0.656961096432776 0.719363782212102 0.775918003110853
0.528540913621432 0.446664976929361 0.914078365207716
0.900537637910834 0.815457202929646 0.439117221993262
0.260051748234562 0.202486566911148 0.992414140580262
0.365448523570698 0.55663543196832 0.384031969725414
0.664308975799581 0.366181992513382 0.405871003527566
0.888375205465484 0.714700678240916 0.67482016682689
0.437221538654615 0.554295551596786 0.582752537915264
0.163953985168775 0.482101542205871 0.0777419903558533
0.279733536561342 0.298830588301659 5.41767935938394e-06
0.0661506876345326 0.0299478918762269 0.811433252928068
0.0361466409354304 0.160563848319056 0.0531515859022793
0.00644401419390031 0.111165236837496 0.00309595514783486
6.48451639515774e-08 3.10682064175898e-09 0.752772737362035
1.88196382373086e-08 4.33153123277605e-09 0.388476958044242
5.4546245576959e-09 4.63231069042211e-07 0.00212044004388746
0.822650495234275 0.636418311160003 0.141437465342524
0.143967573954931 0.300949886779108 3.56693157162422e-08
8.59795040279885e-09 0.568510764752747 2.0914579557209e-34
2.24589070254656e-34 1.84677339327347e-39 0.26877653497732
2.4879983007633e-34 2.1098121505743e-28 1.56255408322218e-07
1.01702442112464e-49 7.71101180950783e-28 1.55284655246458e-30
4.07539485719015e-78 5.10086456798104e-99 0.743051852617553
1.73493863746946e-95 3.99470375444395e-96 1.18375894270849e-07
1.30473192099197e-123 2.92687471003442e-102 1.53461879264432e-24
0.342074578097054 0.267630457947783 0.754447300353024
0.175638270155501 0.293968192385323 0.357603331534236
0.133458866267206 0.907018291014342 0.0581163206939659
0.183402240247255 0.0142814705698689 0.766766905347786
0.990922487469379 0.699923376895786 0.725548454535633
0.10715387289098 0.0792503407065147 0.516444555728918
0.524523012869186 0.46661682831793 0.814706980714953
0.20288151197502 0.398567721270398 0.334949609999592
0.0252191422369081 0.176065274155604 0.0723104668639526
0.778856302851574 0.799316680957831 0.874283057199517
0.595594886233132 0.0171836539188375 0.00671004962512934
2.27923825064405e-12 0.0390279719357518 4.53866593076037e-14
0.0320364137239266 0.00217223786831753 0.8124931809395
5.36925887786025e-06 0.00194432020010602 0.000619689216612604
9.44130632881674e-17 0.0289019395729783 3.07796418727481e-20
1.8077817072438e-05 1.04352469795743e-10 0.833101544566053
2.12183150058681e-10 1.07822907901006e-08 0.000367517368584952
3.22800586758536e-13 4.58133790678641e-07 5.76660509687581e-08
0.609731376299221 0.751647875115388 0.34839719661454
1.86620326723689e-29 0.255725387485026 1.61735242572069e-58
1.57938180493048e-80 0.639832180900402 1.62414909788552e-147
5.17952284548225e-18 2.65524946578013e-39 0.808264034992895
3.89948679292174e-74 1.21321020239703e-31 3.84044445184873e-47
7.49738756025348e-128 4.91565901734819e-33 4.30947771368604e-107
1.38606376532539e-49 2.1973655004868e-108 0.295348002422825
1.73457661181582e-120 2.28845349870394e-112 9.41234541781301e-34
3.89764208593639e-224 2.66637752906736e-103 9.48825496364935e-134
0.441981541521827 0.494693342024294 0.587880864320607
0.912569506309972 0.750394785470178 0.285555897967374
0.726549937738458 0.767025483942086 0.754244391224462
0.602418661741472 0.926573063521873 0.0178161164622225
0.711211461089488 0.8886578319299 0.220662468374813
0.905835454318853 0.721666242547169 0.22984741208493
0.772168547846638 0.554153148615649 0.0978461601656115
0.000878920915402144 0.000509879312743865 0.763222247950566
0.00105917781531615 0.000724797100116017 0.905887489476078
0.609587793903674 0.539613404666161 0.659003576215374
0.985423964951738 0.458231157150277 0.000300435343812737
0.891375539199616 0.461644254451294 0.00844594505808129
4.20755395779462e-11 5.13659119939404e-12 0.471224844873597
1.5505364744149e-12 4.68453156658015e-11 0.000736566081800693
1.33958927471108e-09 2.86413361615495e-08 0.0003912490595937
1.72567777153924e-33 3.03027359837511e-36 0.312350035927208
2.46840929987708e-23 2.00992906522831e-22 0.0153649058649466
2.06318237143197e-32 3.54397988497304e-31 0.00907922850561484
0.424486488864678 0.513782566871076 0.431988431643958
0.158458563087095 0.779168366382024 4.97993983237902e-08
0.030202357972335 0.941728308623591 1.11132582815171e-26
8.61011061907623e-123 1.61249009994631e-127 0.423837823839726
1.57606265632822e-131 2.53797568978837e-127 4.56835033705615e-08
2.58754296941717e-133 7.99457303938688e-120 3.48335630522174e-24
1.03884174487172e-272 4.51605404045017e-285 0.559485595850417
6.86532785641378e-290 2.26992972439653e-287 4.72330631026247e-10
3.19047590638397e-311 1.06825126599603e-307 3.39279414894181e-11
0.742369999859624 0.335226686244298 0.225632489934115
0.0675520188208947 0.0284658434293859 0.813420142774951
0.479510782705959 0.543378426461837 0.00357161317164543
0.144638942127973 0.174935129530889 0.535621001197196
0.00326890876870232 0.00481847966977891 0.279812903451173
0.519281338222711 0.843170893937844 0.271478944542815
0.00582600579847071 0.00151930441904859 0.931380761361627
0.0282167300683688 0.000988034204997838 0.103598994921701
2.02057291240334e-05 0.000171098985341999 0.0212443612995771
0.0320826683280657 0.014355267552713 0.968979791174797
0.00482678776500286 0.228837644805608 5.31843102742608e-05
4.15215675378461e-07 0.151422230793613 9.20756205287185e-19
3.44695507037448e-11 1.29667462666401e-15 0.305971296034604
9.78007024555329e-15 1.3793236841851e-11 3.80131579886754e-05
2.1382103502082e-19 6.1450205033759e-11 5.54746624135577e-14
8.27586236221671e-27 2.0131774533692e-32 0.517472678987516
4.49043584573598e-39 2.82004486831669e-40 0.00140452309989266
6.72658336488076e-38 1.96269575469857e-36 5.94806105124334e-05
0.143333641906779 0.135576839716889 0.729126479630517
8.23211328684111e-07 0.313000028660653 1.4521268077856e-44
5.33427336094989e-31 0.119276222610962 1.95536970497149e-128
2.76104592538671e-109 3.11693485181525e-133 0.204441244135597
3.66782503357719e-143 7.0458242564249e-118 1.48392659965449e-34
3.31055697575527e-173 2.80884712427794e-100 1.96431602180489e-121
5.36045966686673e-242 6.28879741038283e-295 0.0424660256841433
8.76935989474504e-290 2.15339556161827e-271 2.16823183259553e-40
1.32112353852856e-284 5.07899281725263e-232 3.05358090674347e-76
