TOT AFR EUR
0.262761207235032 0.101032677265825 0.49697815215135
0.944055235307614 0.962247777921635 0.940036421584091
0.395385927303446 0.375942418481562 0.886678332493106
0.0167177511687979 0.0290216727922417 0.306771945437781
0.0575009743937818 0.0521609924084237 0.708923979695414
0.832293489342477 0.637159394004021 0.609127817076995
0.372704507439667 0.60203656996921 0.337954134283427
0.392673347957222 0.406208065068314 0.795327934591584
0.13388581158421 0.267011175506566 0.267895011532149
0.0628064660758751 0.357800007471193 0.0198075391249824
0.143004314521978 0.649496090332165 0.0192572688795289
0.726491865584989 0.539744774687556 0.0472668405451276
0.95076412175281 0.793659781291229 0.675151916569757
0.0381806987098438 0.222714088495699 0.0183205637757332
0.449683943579804 0.618327836477198 0.484092881178487
0.000391132418817652 0.000278060024097123 0.548939199703249
0.025471386560353 0.052829835795879 0.256563843033264
0.00937933043847773 0.0123643178164066 0.383558143993976
0.813016601292631 0.726018539637897 0.850591545258497
0.660730427609848 0.708723436494073 0.0729338884660958
0.0442751405484032 0.903901438457828 4.78125797494633e-06
0.030973252626527 0.00754401323467044 0.524334370411085
0.000827305848990091 0.00132199333719663 0.293856299036747
3.40223851786957e-15 9.5244504583168e-10 4.02148945424747e-09
4.04167611250637e-14 1.11235179838929e-16 0.961639063669848
1.82191243278179e-17 1.19100993219305e-13 3.01038166338314e-05
6.97706015239515e-22 3.91819278648505e-19 0.000278443536725039
0.630162550081519 0.948629844881567 0.479604200684445
0.558068277888979 0.962715143561563 0.411354173536178
0.632608408845293 0.327278615746586 0.821620951317723
0.531086222031452 0.206170587369102 0.779532636062441
0.596015508911077 0.566751971518211 0.225954076378614
0.441203288097476 0.280420937699478 0.86056883239328
0.881412332845624 0.725048943732486 0.923970106494517
0.10091280187079 0.335596026629347 0.168596081802364
0.465315918098095 0.731863965798731 0.488586086388202
0.0427394022239934 0.982622913758773 0.00795124013528497
0.340488007223331 0.248058070913359 0.79187106258746
0.0165872918722079 0.265413883255088 4.30288239468179e-05
0.0801216916029389 0.1533553061359 0.259470990833114
0.259588205409244 0.209974311303612 0.640868366491372
0.0135391475021918 0.676461372319206 0.00288281716757565
0.381147265568688 0.0187867487659748 0.445488881124022
0.0881451505786807 0.089681890797928 0.385612803656761
0.00921346028939547 0.0379112890929331 0.0879057446437842
0.752384602316938 0.835202210263514 0.79687937121363
1.82876849667838e-07 0.265179556471889 1.39811845143061e-09
4.39472914346024e-07 0.213415106482288 7.53788638091471e-16
0.066890080731927 0.000117344393886869 0.435285778233397
8.13938049665979e-06 0.00769039954177521 0.000260052743843721
1.44458933748886e-16 5.14190258806125e-07 6.94560262154423e-13
0.0001462835591777 2.29574873978919e-09 0.972327471173554
5.29232248939158e-13 1.51686312995056e-11 0.000151450887883334
1.23572439655005e-17 2.10288150605638e-06 4.62693337192737e-13
0.740846160924839 0.879291011581728 0.378768664011779
0.320097939824256 0.415848099358656 0.23703650493171
0.060427508596458 0.0970944048701426 0.200938639207425
0.270322521183938 0.318541752695896 0.55125996735777
0.125113701731799 0.0840368856308488 0.354681014887971
0.552505245412655 0.71276303628102 0.165708388224382
0.692049166937285 0.624180807917927 0.587296583066499
0.564155743556419 0.850156507047626 0.0331121863433499
0.366405425249102 0.289019472101687 0.436480992735878
0.131563965493809 0.202053358585971 0.22185753219015
0.806050050913622 0.52279255128804 0.0947044216959231
0.162193896037043 0.207086012073475 0.399197481003714
0.00513524767878821 0.00540490279428197 0.655742084780369
0.0101431591129289 0.00995336842463583 0.857201801768199
0.0199511661387251 0.0442249187267424 0.042033119716235
0.0125017747945553 0.00515088887914282 0.378623096071999
0.00559263550548559 0.00983936518854693 0.234363330900452
7.90582597680281e-06 3.71638917763518e-05 0.0169810764591962
0.563988609495769 0.524192617053568 0.747041077400229
0.919936597179162 0.604331841232117 0.00795088989177363
0.136762139506583 0.318187816001648 0.00599812961567449
2.43188624285367e-23 2.32595998098975e-24 0.937792959536335
8.02621361310311e-18 1.27616044742272e-17 0.0892296818795507
4.47534399869822e-16 1.03795185309288e-13 8.35287931288149e-07
1.79157889831078e-41 3.47805273726332e-42 0.23781317965035
3.39861186898657e-46 2.23983182445292e-46 0.0504833781115214
3.71429755312525e-30 1.06306188646137e-29 0.0558843788596243
0.898674798576071 0.933861197660047 0.63750928966634
0.833677279793868 0.841324427984472 0.425900172703405
0.982631802864695 0.692467100788095 0.468882978872593
0.644351867301396 0.981517748714581 0.298710072129914
0.420258788161358 0.568850873272241 0.462131126482309
0.0430921844216899 0.15235230508855 0.0745363875493793
0.657621774557751 0.454667522359395 0.643101828801701
0.835299335423716 0.834727895084827 0.356216928479349
0.904551598802398 0.695275536448033 0.260758165339785
0.863461269128089 0.993001968306721 0.680598435037197
0.241946115306473 0.732353203284201 0.0518534470697475
0.677495658077102 0.604221979385485 0.0241561917518333
0.0827794724544344 0.0327194614036968 0.713578333450792
0.0292666850684261 0.0453588435594145 0.351759983051208
0.0164862792707736 0.0240025103661103 0.308238249480122
0.0028437469034905 2.96740496515143e-05 0.115791740917918
0.00051051929923706 8.16012933276896e-05 0.9667138128596
0.000104346356253691 0.00012775541464197 0.268528248997451
0.671500646021108 0.676586739496553 0.900327973463617
0.165105461089934 0.448490732903063 2.93530386883619e-06
0.000738050207946957 0.744356096941705 2.93602797780259e-12
9.85568468094995e-16 1.04269224076994e-18 0.545131668682037
9.72122086080546e-15 2.37091295148394e-10 7.23554018261998e-08
7.10739366815423e-20 2.65470275097453e-12 1.863792702595e-12
6.32421816533078e-17 9.68496305715122e-22 0.690064996889229
1.08912463237468e-21 3.68826895807946e-20 0.00040344299151324
9.15546341540347e-27 6.03611580317774e-22 4.60963199879296e-08
0.274468576744529 0.33302996538601 0.599967833252642
0.682038047918841 0.64779743760173 0.0511873669749631
0.0961144272892119 0.0938465758606033 0.713062976991315
0.961450585628428 0.828697383945906 0.731801660723228
0.966818110176153 0.891268975511387 0.706911049743213
0.243868663716941 0.411338801001787 0.310750554429179
0.0343569968022023 0.0228453761138533 0.838308491916218
0.00614033376915372 0.0104021135386743 0.304519205991563
0.0251948222939093 0.169292795136156 0.0212916793407485
0.149348097048389 0.0614309004861882 0.608647169726124
0.876574899317147 0.986457900441918 0.712710677866734
0.7551469238855 0.637879777252928 0.0870464967073004
0.0149806909636141 0.00141452497849242 0.38410453984907
0.0220220579943987 0.136615667396825 0.0205902056172833
0.0132019141524032 0.0699604357039305 0.0502272267916037
1.51288983534494e-07 6.7803287937831e-08 0.319722804932228
3.84048726247883e-07 5.60843105958387e-07 0.177237978117551
3.82136018197905e-05 0.00113881639842393 0.00567578338855676
0.31109818397758 0.199273116188156 0.776842088022322
0.000404759140306372 0.0830354437608235 4.06812025743837e-06
2.99883251810087e-06 0.502804787624237 1.56031367090067e-19
1.47137802248871e-08 1.49630151104513e-10 0.910570094787991
6.44426927134712e-15 1.67948658901023e-12 0.000292699620884652
7.44112226897547e-27 1.99878553721557e-15 2.15191224091922e-17
6.33729927844176e-40 1.5035965736753e-48 0.682132077625489
1.09315948265169e-50 7.17818263852136e-55 0.0126820472763824
3.38107486677845e-70 7.06424829917335e-56 3.40630144453449e-18
0.963858861341348 0.0913717052979643 0.159434008973668
0.936013514611582 0.30600878395447 0.331472620184216
0.694914633877556 0.405745108282503 0.211382980004037
0.498257793377586 0.206106449472094 0.865383359418614
0.104015869813732 0.0131077503324285 0.959504103021857
0.346049469204924 0.972598509636895 0.198264245036998
0.592953467867297 0.0125047526088993 0.150645428976179
0.295947648675584 0.36365071878586 0.535209528567572
0.184864828122537 0.949602349597476 0.0859942529933046
0.716835799540932 0.475533288907559 0.901559930551612
0.695029471055719 0.20830090284485 0.111278686357184
0.00203726909557454 0.671805808229529 7.33084624756964e-06
0.0464072796857366 0.00352290875177988 0.854896388833999
6.84170769101879e-06 0.000186399436838568 0.00575118370005288
0.000200215430462012 0.0187160574972297 0.00310275190955956
4.93342710551523e-06 3.73398922113239e-10 0.445914660437318
1.57057976169423e-06 0.00280106772317632 0.000147620465258051
5.26511665652591e-07 0.000254493101755972 0.000339305549129627
0.0829343458984639 0.256981283005488 0.182954133518326
5.12688729518319e-11 0.0687690628330299 4.47687712967073e-25
1.31851340101905e-36 0.649283208518905 1.0614231038258e-61
1.93646796518062e-07 9.88335365034639e-22 0.190377739930804
1.30903944735236e-29 1.31703163417663e-18 1.00227091139847e-13
6.98312827768916e-63 1.27862280715994e-05 6.99141211267869e-79
1.30872711287688e-29 3.43929654033035e-54 0.108980976797057
2.30511323679984e-64 3.01774227296489e-62 7.69485147307292e-18
1.23012489494251e-110 6.37682518525518e-50 2.81234708060745e-67
0.367629394792819 0.311943618806627 0.667179778631504
0.478004159594809 0.529969325770834 0.616955474153483
0.608053207605315 0.619957871314014 0.886281634306666
0.604423740335495 0.544780101597508 0.723688203616574
0.49553342117625 0.341918548781126 0.137355789926683
0.60147360849517 0.777278904913858 0.2097282101387
0.284456169375493 0.30546425986587 0.70993104034599
0.00442490563410667 0.00525395476149839 0.51196844967197
0.00202410313398622 0.00472615337027958 0.0950224450298621
0.916345559072259 0.755554767197752 0.349321116022895
0.431716715308723 0.572543159325375 0.261432935027945
0.399039937539019 0.747920032556743 0.0193012452392145
1.70930191613725e-05 1.14318617124216e-05 0.947729028424962
7.54756649700176e-08 1.42895416019948e-07 0.183981787749861
1.41403634442296e-05 0.000131682916972912 0.00105764946295954
3.01873232581167e-17 1.20536190302931e-16 0.0761017534561976
2.56486681337275e-18 3.37233897563554e-18 0.179199253966924
1.42800751152175e-16 3.84488739738617e-17 0.77242075405615
0.212807719969342 0.263905261276019 0.388375273775831
0.986453659280495 0.319302873969207 2.46322333690778e-06
0.0182566239979409 0.494590173997117 2.95094817498829e-20
2.84000703006988e-68 9.4436136918233e-76 0.0155980405036156
1.68047028089251e-73 5.82576052522144e-68 5.19318734257444e-11
3.14462005144175e-63 1.08414131960385e-53 6.61917093937605e-21
1.10693797555243e-145 4.22141361697339e-158 0.0371963306028847
1.12361693513704e-146 4.62547107337264e-150 0.0453166999480816
7.61894077057909e-150 2.16049204262863e-142 4.1468935093077e-11
0.0127078130544269 0.0122800244511119 0.500470142859217
0.37757386355843 0.432460041015113 0.661207793337537
0.671323284873452 0.55293872679539 0.817012293844493
0.889203475069866 0.460955854418429 0.244115435411977
0.787769605885308 0.717380084706511 0.898895079089918
0.26188753561941 0.472814994672378 0.241451878254903
0.343126469089726 0.0340494560915122 0.0393466232089194
0.373507071676461 0.225796142089972 0.701700304840219
0.00675775051326333 0.00197746170618423 0.980798559327181
0.889466143103433 0.247128375115563 0.0382890904232704
0.666655998720691 0.879156664559355 0.177835951561433
0.000298819090424056 0.438051686616085 2.4404407222781e-12
0.000974778720004282 3.37020737871948e-05 0.387779924507254
5.18323191743383e-07 2.08829186427519e-07 0.301644230380722
1.12204264469834e-09 2.23725102542037e-06 2.91797013741871e-06
2.52423220498912e-17 5.49348864977771e-22 0.97595108129009
2.77892488985773e-16 1.42812687068224e-17 0.1423164450407
1.66482045847766e-13 1.85863946373001e-12 0.00475332056571454
0.127348985468372 0.0266053559201866 0.289522032666983
9.34973066097e-10 0.178099269149366 1.20035604868751e-31
1.32915763955026e-07 0.0259336913803305 4.52232860642521e-70
5.67604279645481e-50 6.47342840337886e-68 0.351693131576673
2.51511040655897e-74 1.06474285235759e-61 5.12954766687312e-18
1.66768728463336e-97 7.07660812212028e-55 1.6968995381017e-67
4.03379759113321e-99 3.5689574863781e-133 0.23934737504576
8.19917857828452e-142 2.93312101023683e-148 1.8704236202892e-09
1.42066384527973e-149 1.7258129413416e-127 2.13985312175235e-34
0.737075567926943 0.560908329271659 0.674004222934723
0.136274299602084 0.139277132250768 0.69614230903016
0.649379517310373 0.694547931950463 0.810545187218558
0.106962019178277 0.0379482472839193 0.609908880588799
0.727061609416329 0.965227150045881 0.373714268179938
0.0221562555108009 0.00490126500027758 0.594729731889177
0.00444445616494592 0.00149884522616393 0.999413034438654
0.112810285531585 0.458219024690668 0.0366979017199676
0.101228921495752 0.0121523731085183 0.167217489163442
0.270502001854454 0.908954962917967 0.0226112812111124
0.0626007942186218 0.0604912810211673 0.659712302254225
0.924499874624275 0.311701204889304 0.0228076278087057
0.0012023422020586 0.0006799121083372 0.648062869403887
0.000306819605582247 0.00619914771190395 0.00955186294418577
3.99485344416944e-06 0.000446683635308983 0.000563604153729763
1.02110334791424e-05 2.81836581727507e-08 0.20043790624608
6.756625437445e-12 3.23121615445953e-11 0.0237725184704211
4.09989276478486e-07 0.000162066716817113 0.000121364485634729
0.880658111860942 0.407506955730807 0.180233454615004
0.00984047434291124 0.9967157403331 1.38689567863713e-09
0.00041737361818762 0.117848646673864 2.2502996321819e-29
2.34563021418688e-24 5.46438274216912e-30 0.847005969113129
4.33179468612123e-41 5.66843703580802e-30 4.47573348043988e-13
8.69896200687701e-69 3.07506012622625e-46 6.45430098547782e-29
2.26556164214285e-91 3.45510158690867e-113 0.656032754858252
1.65145184612216e-107 4.17093552951748e-109 4.57277429138045e-07
4.94735255716423e-121 9.48641325144772e-101 1.82251852875565e-24
0.0112663251321081 0.0193095500165804 0.167562375960221
0.721724326456108 0.297967676125238 0.68146903519921
0.291848474046819 0.342188670191542 0.0275660369158427
0.905492239956892 0.423566886821463 0.606351736470997
0.25978458446101 0.918625562863951 0.161313615285195
0.15518543543245 0.761479442677962 0.100471282144886
0.212069757253617 0.0610602839758354 0.95790747969974
0.0235386082762483 0.456829529214608 0.0184758950775675
0.247169551018484 0.242145407859694 0.595890077595338
0.832832908974988 0.199193664389893 0.163495329378281
0.00123464120614737 0.346676742849672 0.00047094880738358
1.84475869333809e-06 0.437733884582414 1.76157696924688e-12
0.203594710834397 0.140123527326533 0.658689633923509
4.64192277892577e-07 0.000139054689826857 0.000609618185139342
9.90934310773462e-12 0.0273339838910197 5.06769684893294e-13
0.000225370137946256 1.05943881603231e-12 0.236477406451307
2.58447858265014e-13 5.63089397252303e-09 2.08428037716444e-06
3.73568147280133e-18 6.35108388099076e-05 3.45433406945251e-16
0.853577774130031 0.489932494674979 0.72459306748395
2.78395356687098e-25 0.983684238635837 1.04777774209022e-42
1.185611419877e-86 0.996251360224897 2.24984096634541e-154
7.71915685293558e-20 1.34451578674394e-38 0.291189669745733
1.07451827072865e-69 6.44281468579003e-27 7.80497442046754e-47
3.04498808863148e-143 1.71769770580988e-20 1.71090790821499e-149
6.85394879450265e-50 5.53408141922146e-109 0.33657422924071
4.07169692877852e-127 2.65918148409046e-105 3.92592454250958e-42
6.0392796901317e-201 1.69771622144294e-81 2.76589409889596e-133
0.562082769912068 0.691091102617676 0.280954381500142
0.300394617559002 0.20466853827121 0.331307802276379
0.153211141966131 0.173816517697252 0.606220950573426
0.383138311078487 0.365560340843382 0.961667434297473
0.0113719876868079 0.0159588676170107 0.388771187156398
0.227200180203948 0.340751077904403 0.208908722721472
0.0615093687152234 0.046413234568107 0.731783463791863
0.373391315569985 0.270834246915432 0.332150151058092
0.0765344308829095 0.0833009623267713 0.669409691019822
0.567072112504884 0.661157407488285 0.443999587145644
0.698511861694843 0.759828927278348 0.649865375113718
0.0164391500076129 0.0872400948914526 0.000110159691982771
3.83638583792e-10 9.77636697926932e-11 0.783858113264227
2.168107113645e-15 1.12197344650391e-15 0.555096214604164
7.90866410211132e-11 2.58538344169836e-09 0.000160434794869024
5.4371943085847e-31 2.98214634478218e-31 0.25356349666316
2.95768787858048e-31 1.64231816548592e-31 0.202164360304371
1.72550696473704e-35 1.57904609476973e-35 0.114330470567377
0.244165497959383 0.355573539133453 0.194231492284989
0.801736543705326 0.465738693084409 2.59472871452053e-06
0.00100721770070238 0.284048976796203 7.33783244963848e-33
5.01589457416616e-122 9.58292210962347e-131 0.318627032674632
2.61387295226224e-123 2.62696212010263e-123 0.002699251038186
6.49379066285894e-146 3.1918032555199e-126 2.4143777399114e-38
8.16431431518037e-310 0 0.212538386551384
2.62886507260792e-250 7.56115779409984e-255 0.00380414351125843
7.66336750830466e-290 5.65636091888451e-279 3.6891640069232e-20
0.580602950342841 0.171770676323627 0.132918536259033
0.376474455660432 0.608595017543009 0.321779080188062
0.0995743964952246 0.0102333023893755 0.150379071273288
0.021602006260788 0.00333360449378111 0.475899344683692
0.218303504526039 0.478575673245021 0.159362718403023
0.158559065096105 0.229958709737046 0.406224664340018
0.379506726178957 0.0886512808008161 0.137162281218515
0.000352761733948083 0.000437214712480477 0.267042269269185
0.00263346529067317 0.00194228625387338 0.507924912662698
0.00166086355634565 0.00243988145988523 0.254438401346692
0.0732217462396887 0.435971020401369 0.0109260493729399
0.00451996523809389 0.210132032433832 7.91606988739412e-20
5.92038164142708e-11 5.16265809842761e-10 0.0098479892214012
9.92223073408253e-16 4.2061410521358e-14 0.00098414601001447
2.88616053994391e-17 9.17450209727848e-10 7.84720310152839e-13
1.36530911663715e-25 1.17896905718916e-31 0.783670773517796
8.06423358195567e-30 2.60597870642711e-28 7.68384570872189e-05
9.65624096826224e-37 2.14345836028116e-31 1.65334577456114e-08
0.363623667589742 0.485548680255496 0.48102443716684
1.46627956328251e-11 0.336180193190254 1.8100593244022e-44
4.74017575250187e-28 0.5705531215661 2.3114478667799e-141
2.61556843092506e-96 7.09399980331953e-134 0.034999785740145
5.1231845336172e-158 2.10881705212041e-133 9.77669235126578e-37
4.53700483860163e-179 1.04046900311724e-108 9.17359982838449e-113
1.29580292716392e-202 2.51032667726447e-275 0.173531579269864
2.0481086153396e-266 6.72296415232635e-277 5.21514023580773e-18
1.97722055688965e-315 7.93595128097436e-264 2.90656843019421e-80
