TOT AFR EUR
0.352692413985621 0.692491627576062 0.232859532595466
0.734756554178184 0.686872850063028 0.975550015559336
0.797378530074159 0.772458692765422 0.997618510364372
0.0141457822795488 0.0186177107456765 0.370054674576032
0.0613924306505929 0.00298676494650933 0.141659754086021
0.327059137089676 0.476187619288379 0.457946511148384
0.546189570967985 0.25449551405097 0.393668370121412
0.383279439335791 0.359946480750578 0.906698769612474
0.0361571820835254 0.0279589126022697 0.786711850838041
0.326431225792937 0.669373980062492 0.183206830429725
0.785765640500473 0.49432644453994 0.395928218160398
0.0979518788962209 0.363547312220674 0.100472200382034
0.0212332202984796 0.076047157664711 0.135874076701709
0.0557034918458503 0.131974290041382 0.247252395482404
0.460261404783336 0.546186059189703 0.611544694237269
0.0230753269916755 0.00906865909439059 0.844354509260466
0.00144466454648797 0.00356290409841362 0.161802187932433
0.266628601382089 0.394365558147463 0.412726144939293
0.0280389596920003 0.0727640044887418 0.133500820030523
0.0611612350171158 0.366058396058683 0.013314185553973
0.223855672941397 0.158467896865627 2.91133599474279e-08
0.000214055290178262 4.07926650877245e-06 0.293719997639358
6.35546131419254e-07 1.95387177805886e-05 0.00595118802084697
0.000103913529101991 0.00289902906308918 0.00381720771613934
0.00400327771232058 1.94602716532226e-05 0.0384657078749381
6.29074841614703e-09 1.2895818021718e-06 0.00154226306314062
1.3721039188702e-09 1.19746412429728e-06 3.94849734099381e-05
0.160525777790718 0.473537543873159 0.203357795936562
0.75208554702712 0.343464213665835 0.688749085432188
0.942481095060745 0.575774469435645 0.709703706528078
0.404102441127739 0.167119778728302 0.902244203553994
0.0514914511461241 0.538004602843685 0.0416751224231085
0.505132909396496 0.198853571958697 0.793705025086851
0.154435752198424 0.0270215348818812 0.899852079130045
0.652646421628265 0.538094556698704 0.250439167572434
0.195978065730456 0.267370601248424 0.00767391182706916
0.915307577055182 0.792112353968001 0.706421391909456
0.468623200228887 0.600757189656707 0.60594004333667
0.370415856370576 0.601785289332774 0.0899423734439439
0.149846528931484 0.0068417066529263 0.735218874816028
0.298773457820796 0.452359056282955 0.486187996978993
0.0305291749295442 0.620488152855019 0.0144223719851995
0.0686207813106697 0.0176171473820671 0.685412763702332
0.139824555018556 0.0448405184431135 0.818212881774321
0.000640595142941772 0.000772718616911417 0.0877867608366394
0.0919331499595782 0.220828844140729 0.219005633286194
3.24157727374795e-06 0.572643274918931 1.32967326889199e-08
4.95697263945722e-18 0.295856113090593 1.54561086684061e-26
2.95120803192774e-05 1.18502666449613e-05 0.0662067799449712
9.95461668838995e-10 0.00462798238255784 1.99394658008412e-08
6.31579898912421e-16 0.002780633751321 6.08904056915923e-16
3.53847728380194e-05 4.22282119483829e-09 0.519559746608972
2.08775540186388e-13 6.92925323828119e-12 0.000558511060906186
7.79432401608599e-24 1.03637587277712e-11 9.56484092164019e-15
0.0412448075844601 0.0116057218351398 0.105085433632261
0.832376177521551 0.992100287029653 0.243509619363773
0.500815093007502 0.562660276049967 0.52739792128924
0.988148695441541 0.917071971191179 0.505076393280838
0.503848365953807 0.345655750964538 0.185715457840022
0.981018086401822 0.801921224234771 0.354208173952271
0.475796340412781 0.569376707109355 0.544613209319312
0.27616806976786 0.392115655662975 0.261531875370414
0.662256316805464 0.779802976586535 0.285851314634216
0.933372346522233 0.906376561945921 0.306024035167083
0.626521333765474 0.793708686416245 0.223919974955547
0.397274997171509 0.503220966390109 0.294676436034739
0.0175442762658479 0.0277905575891673 0.341444255669773
0.00864169104395612 0.0117092482934146 0.470222091815421
0.000250010732955428 0.000314881850118792 0.457710870738278
1.00481669049899e-05 1.26707188116576e-05 0.430672278120793
0.000290174020263011 0.000335321305257533 0.570352997951081
4.39309267210257e-05 0.000250828979661916 0.0210378855235876
0.725104578276618 0.605159407169989 0.397688433813241
0.859891129038302 0.79718715923137 0.00452179272929205
0.373869339770708 0.953242016589493 6.11639353854037e-06
2.44536737207224e-17 3.9078661776102e-18 0.996820649520057
1.2775163470412e-16 1.76462054644096e-15 0.0024954721430274
9.22059103763858e-14 1.93332312132708e-12 0.004779021506897
8.95738083876774e-29 8.47336217590498e-31 0.606694240143217
1.31005368703519e-33 3.20899257110268e-35 0.854882051488837
1.18781756787897e-31 1.23205153880458e-32 0.524470568947149
0.699419296906044 0.697933200997672 0.912291907339021
0.438766057318078 0.379123790510994 0.982532829199388
0.867487688330253 0.716906906380622 0.724994033877023
0.460290093209444 0.614691610603521 0.00598170429026324
0.869455970793053 0.506436948472407 0.0650359687586314
0.417136565718403 0.853438853389815 0.136439396343332
0.254216563107569 0.128563073096215 0.691310555542514
0.0333645937613596 0.192548778701301 0.0231215627169098
0.389763046884655 0.261448353832141 0.77501821695143
0.130294490955385 0.624015792523747 0.00860270534770915
0.119666116592151 0.0477543506905609 0.622534997871805
0.830733127261693 0.666949645802624 0.202031479757673
0.00203999161012243 0.00104490383736833 0.708054987214397
0.00543193938595051 0.0179333360294088 0.119360260747166
0.355080793163991 0.600864286838462 0.245468144329492
0.0213635101730333 0.00995501836565462 0.959775796047491
3.32234693444493e-05 1.43619155153329e-05 0.431694028368564
1.03797747862523e-07 1.45130252687576e-05 0.000375432335826297
0.122643789716495 0.426295318212495 0.0352340158343318
0.285925266690002 0.114204401622221 3.55893030044037e-09
0.272801228924088 0.28482331773622 6.11718857975534e-07
1.45586337603106e-11 1.43204792537339e-13 0.539472432987916
9.96267824512969e-17 5.1980400490005e-12 4.20796046926722e-09
5.71025651680754e-16 9.70756105331021e-11 1.15248415434973e-10
5.07280621621067e-20 3.82144793740428e-25 0.927786684849941
3.57628046508829e-16 8.05635683113108e-15 0.0011222708634952
6.72318551158744e-34 1.29586940225415e-26 1.45305541428473e-11
0.232546265522311 0.0933720070172949 0.513224493122191
0.510918539780386 0.255918290792075 0.430063355210514
0.355017439698373 0.528697836531799 0.405100856253276
0.0616562066493232 0.130503124684768 0.232418635802357
0.139474576041505 0.224074375357978 0.361444107871283
0.605871506928054 0.164269827751478 0.108270980066113
0.324840422029665 0.191313882056692 0.699060249505548
0.232693398622045 0.198915570287414 0.902845820157921
0.819474888090877 0.725375048454292 0.834556709210077
0.252184001553343 0.467611059080218 0.280535945227425
0.151325759324164 0.541616130926921 0.0472023121337823
0.0332895000519694 0.264045360387948 0.0116701444895039
4.85014849302981e-05 0.00381283526810991 0.00069955593319766
0.000597140010723351 0.0356715926488158 0.000436174297901191
0.2947367905762 0.220009328259521 0.915726678120977
0.000254834319807591 3.61039924528124e-06 0.326740809450323
0.000115383863170799 5.12721665603661e-06 0.615054351103429
4.54127464357731e-06 3.8342028810374e-07 0.890654966967512
0.464400098177924 0.300855539319769 0.676222562581053
0.684272719143922 0.0964948915124067 1.12021222498817e-05
2.14105732232468e-07 0.110696073176656 3.65753820433542e-18
2.09450319172975e-21 5.3403328972513e-26 0.798206646916304
7.51935915082229e-16 2.4056951099863e-16 0.0916202967772572
7.44780251948314e-31 1.40223315434614e-18 5.15077073514231e-17
2.7538466100734e-47 3.03416380774535e-61 0.364146565856478
4.2142832554431e-47 1.11835605026686e-48 0.00125389623225371
9.91348766765401e-70 7.23701386468333e-57 6.95352384533069e-15
0.0257236567657662 0.201779715271773 0.0625542400791558
0.653375508907235 0.476278661057848 0.985948281458997
0.504664875152182 0.393830376326727 0.112319499140374
0.140001768006276 0.463163727767941 0.180178857197572
0.551653597743603 0.847627157373612 0.335167264720965
0.225087757087777 0.180599648208703 0.621388854936004
0.661403096338477 0.892825317327413 0.483680954392328
0.884384487737199 0.685378976705236 0.885799643773276
0.622770366134173 0.454385151892349 0.99305634303438
0.290087196929728 0.361229856090288 0.536535573981976
0.249983071075195 0.214493126472635 0.636778204874526
4.05302151743438e-06 0.0271880647640224 1.91635756136584e-05
0.165232250064009 0.00572912635833149 0.558262595747464
0.000470137517019316 0.109034318752558 0.000984739903858857
0.0897957690586145 0.464937284736871 0.00387527146874676
0.00705414351282529 2.48931709200328e-07 0.483929151696384
7.29360137044881e-05 8.22229013717534e-05 0.0536336347886046
1.19361622496489e-10 5.95281436255935e-08 5.6494894815878e-05
0.99186383681085 0.897119296018952 0.925313339366052
1.73143809355988e-16 0.547120975991081 5.29635661515828e-25
1.64265893541642e-38 0.691416778070501 8.41505368627061e-65
3.05207140501863e-07 8.52095447782124e-18 0.54557151888653
2.54526616965605e-40 2.80263670697849e-18 3.47207842748053e-25
2.75531922598122e-77 8.31573815430046e-17 2.25196211366182e-72
4.38751886024509e-26 9.92872691024347e-64 0.733864989088115
3.76105091055395e-43 7.26167433782696e-39 4.1817822455601e-13
1.30059441912909e-98 1.63198649507561e-42 4.64333667800641e-63
0.473409031019869 0.505385206195611 0.746354924853348
0.227494834965996 0.235782583634994 0.810920881081445
0.475275758224209 0.433736812023738 0.822112527102821
0.272867763687833 0.53067811682969 0.00745974935208776
0.521392486425685 0.531593052388502 0.862787760886785
0.804702379031552 0.816038073204824 0.91815515943023
0.147031168070652 0.12038403802014 0.746595581036934
0.112456757306638 0.0691695585518408 0.397887282448071
0.0311522733357096 0.0438502437371274 0.318681259921122
0.626064698519261 0.888123402371386 0.0990761407209396
0.550437933557468 0.695954616006594 0.279634299722372
0.534744377852623 0.969556225281085 0.00132975847176919
9.83361103714436e-09 1.17979284164441e-08 0.403782888331166
2.51023171443445e-07 8.4472528166779e-07 0.0292397393366761
1.52249228702016e-05 1.82655620401493e-05 0.417718452159641
3.24463145508466e-13 6.8577408003004e-13 0.195382402167784
6.25186177947762e-12 1.03442657628482e-11 0.221846369406751
2.45877894549151e-17 1.52703208371723e-17 0.434536599358515
0.633635721891717 0.445529958122538 0.186161326289651
0.109547571949513 0.518492638881484 1.44769228332374e-05
0.0148481622692981 0.603388888855968 1.2874622301758e-21
1.71378575580936e-65 8.20936985556841e-70 0.584132975403756
9.32571076899055e-57 2.29564328110993e-55 0.00128345801920767
1.16311176006694e-54 2.80835420543719e-48 1.05803699486466e-14
4.74279339489507e-166 1.99299168221392e-171 0.174668060663511
2.93450641974858e-143 1.27592580950921e-146 0.0666858942297036
5.42761528340357e-139 1.35475441980772e-137 1.31774493370365e-05
0.00716543130781949 0.038668469653908 0.042494045283879
0.5351313002231 0.929439877236 0.106518797396406
0.662627311240086 0.535164786654539 0.0161625020374125
0.831793183405949 0.969490463747058 0.676512623533319
0.630408301669205 0.758656850115402 0.629328081978126
0.0658615637778872 0.506880702876618 0.00270033164630598
0.199037914066558 0.181979043909818 0.795992640467621
0.0983301329880368 0.100291812887977 0.632587450735299
0.128718836288849 0.0808972104400021 0.971041674415935
0.447360879029775 0.740027199838506 0.259701311825562
0.467381208535923 0.408893902892455 0.000547101025030851
0.0112596694169226 0.804273357467681 2.94594327940837e-08
0.000360501959944385 0.00318401335867194 0.0246419757313636
1.26302160272256e-06 1.90152948494862e-07 0.541761037128831
5.51113406258385e-06 0.00015832315242677 0.00426536104877546
5.85551782140446e-08 6.71382840397547e-10 0.980171875687791
4.75200566985114e-18 4.31272115739041e-18 0.011532415465424
1.21049193728521e-21 1.10547264413927e-17 1.98703277568904e-06
0.196579623576355 0.230180215984148 0.593226075506031
6.67467912740648e-07 0.677630662800162 5.1652628556366e-29
5.32817658991877e-19 0.235168255777983 1.6681258607091e-74
3.16698968222209e-45 1.32031930727706e-61 0.474974877818759
4.76512123269375e-59 2.50100309138602e-44 1.38647406563023e-20
1.87901841048137e-76 4.47552610042413e-43 1.7615359208917e-55
3.79693969727164e-100 4.87441424943266e-132 0.609195936098213
2.59929845784138e-137 1.84106852962322e-141 4.31294946859128e-10
6.96898438000673e-166 2.66023758924482e-144 9.99008420617895e-34
0.0993756512554501 0.105457646053831 0.63300898705573
0.595709948658512 0.684552183677905 0.706582730761514
0.242365137697975 0.249869407464512 0.741506375027328
0.964236035251689 0.954007444651107 0.987574564830215
0.0395091255538221 0.0331875475088165 0.712151893511694
0.0821705216804547 0.109209989585144 0.469355153196865
0.167245062550002 0.175966231287585 0.687314261453495
0.0889103206158336 0.425599762284747 0.0235710671643131
0.000636671536984802 0.00466969243417449 0.0415644885468268
0.0879801134749191 0.170188326109837 0.293948370043955
0.210021608664419 0.702843728618972 0.0449887170044552
0.791354869376616 0.244532130877297 0.00254571106223203
0.085403649347258 0.0682467027314214 0.829160995595801
0.0026299017731394 0.0238989069730506 0.0263429542852389
1.86612019032643e-09 1.39080943172648e-05 2.35020483634503e-06
4.89437937323776e-12 2.42980512332434e-15 0.751243025928573
1.29040120275844e-09 4.74779556939753e-11 0.633268612382397
7.12988105315553e-16 2.17379299174208e-14 0.00281092396798721
0.928933463884665 0.674274697442881 0.293181421718812
0.000273742724152693 0.543940386441213 5.17343252462435e-12
7.23074790420016e-12 0.293449723911594 4.48454981627106e-41
5.91041022152028e-30 9.50944199809169e-38 0.92375982886573
9.90565534044955e-49 2.96792701465698e-36 7.9539375737349e-16
6.25908176858218e-49 9.16385670441824e-26 7.87263874746516e-35
1.53652793538319e-83 3.466424306667e-112 0.143818715762167
1.78220366855316e-103 1.88792325571644e-103 5.29147819275405e-08
2.09616733517235e-141 2.12264922947022e-115 4.56117723042662e-31
0.20252839318515 0.79582983440547 0.0533234431565025
0.0834992733518939 0.729901792336947 0.0420156126495679
0.265170113819215 0.480286130216658 0.0370943349364763
0.849615210491376 0.556064235791353 0.796578131935138
0.465594646665672 0.26233380180574 0.986298147906239
0.932041109236146 0.741664082677082 0.868604685239335
0.719825481222549 0.85866904653533 0.5350171821668
0.177824866328268 0.794630855188349 0.118259760246519
0.11225548664075 0.0773647691793191 0.563381333191499
0.561888757360477 0.359400422126902 0.988384597326233
3.05284500249223e-05 0.642897584240353 1.74206955873207e-07
1.94582189872964e-06 0.564289765437326 5.26674152832862e-09
0.227134161789278 0.000216570978362651 0.129024402613363
1.59359430392143e-09 1.98134235464647e-06 7.17099152075574e-05
6.90146328216549e-15 0.000756471719900972 3.40437446217873e-14
4.33904684062655e-06 1.66662826871971e-13 0.82547075334854
9.61671422698718e-10 5.29529393356116e-12 0.0299113147706095
3.0930931455541e-14 3.48024186051056e-06 8.83641803462357e-10
0.75425703003883 0.845223865077956 0.804192807969151
1.70554083983109e-29 0.39622256494041 7.21879223973187e-47
1.3252001617618e-74 0.794466437148386 9.50872580400148e-137
2.98561985865732e-23 1.01432965958912e-45 0.323407951127813
4.67451010937689e-74 2.27650926670778e-30 1.06103835345721e-47
7.41160254433754e-145 9.27997912547785e-24 2.26672178402602e-146
2.01206095358461e-40 7.91025060156269e-99 0.854448814633245
4.89186292002488e-118 1.84891488408925e-110 2.26122325637029e-33
2.32910030055159e-210 2.87135214539622e-95 1.53721406447647e-130
0.786282416694078 0.905977785683028 0.0786270215003604
0.126786912125895 0.0936010554882481 0.634982757444625
0.526462945699161 0.582782745072128 0.61890611468128
0.07012845917107 0.0807468814685024 0.60202782892642
0.0129548577375833 0.0174572670992196 0.393429346605834
0.0034641122959203 0.00539549643026532 0.271835934798696
0.00124329833009203 0.000594686946689542 0.551136653647226
0.0520770467023307 0.0380297213667987 0.701401210620705
0.101524919209 0.0928946042192361 0.999781819345546
0.910386892784147 0.956395553246181 0.434284029684292
0.422167633926704 0.360248763464957 0.641830295318428
0.126834613222623 0.302004595770804 0.00826857876991375
1.79245331135751e-08 6.63809595925919e-09 0.909678107081184
6.8762478210957e-10 1.59064205204212e-10 0.715416883243276
1.18279435949391e-15 4.5103631894509e-14 0.000787272648527259
2.65134186477229e-26 1.55809811221387e-27 0.998413216493976
1.67172606050217e-29 5.13727423598843e-31 0.974136591070902
2.22611214778777e-38 9.07673968831708e-37 0.00125337850629766
0.119561868671077 0.188041845349145 0.16087459956787
0.118878208122422 0.729368679914543 1.26001265556041e-09
0.0214435378090083 0.703572800353927 1.07015430964029e-36
7.42945634124457e-126 6.31595051182047e-132 0.907088721332238
1.63240322929983e-132 1.78306003278414e-129 3.50757143281488e-06
1.38325357894865e-139 2.83078707788529e-124 3.96245268864217e-28
3.96568191270366e-282 7.87973556196523e-296 0.652229427926639
7.90711448335247e-293 2.11418146455384e-295 1.98056299671563e-05
1.81203872314624e-287 3.70398057823961e-273 1.94733563173263e-22
0.685312905353872 0.716958011498199 0.839825599530296
0.489842969555417 0.269449317710386 0.518878103249703
0.295477710356725 0.1517355693223 0.611144630301397
0.13957026667396 0.0787164597514087 0.862519458543385
0.0516622483329987 0.273456811803409 0.0195330326998339
0.045964188311139 0.040732013560226 0.651572053358104
0.309679973136023 0.123405433270126 0.435835038144135
0.00598992617685724 0.0030646651255769 0.756713250070121
0.00067707756032026 0.000608211720893549 0.380786349596628
0.495062859548177 0.41852535468288 0.943168764660702
0.571017026160756 0.237331143840393 0.000148124669660329
2.53328627748045e-05 0.212474741529027 5.56432558856084e-14
4.84824010197067e-09 3.81145945726661e-11 0.939797770112746
2.05234254757202e-09 6.32179592957174e-11 0.575965114301233
1.82726209807767e-23 3.0018565242842e-13 4.98516739075553e-16
3.18379113331579e-20 1.09173592100714e-28 0.171040930280868
1.33424756261203e-32 1.64235832110398e-35 0.0331550937270812
1.97009433658302e-49 1.41074841073138e-41 9.82365739491835e-12
0.896837855719202 0.74193814515802 0.706467570761491
4.55519982273669e-13 0.207231585739815 1.36734419164908e-45
1.83174459232783e-18 0.0283260504159426 7.40482082693991e-147
1.02911839938309e-98 1.74860495005978e-124 0.754742929496658
1.85705376051932e-152 2.71356254176009e-133 6.28440100229707e-30
8.07555392143512e-179 3.26702478579224e-101 1.01963730415617e-119
1.69736461289714e-225 8.7793531599617e-285 0.172357707100768
6.23196577116201e-300 1.42729797696321e-302 2.41741794633108e-26
5.13828271674896e-322 1.94540025775648e-274 8.22180526151746e-76
