TOT AFR EUR
0.702357228696757 0.94985471178588 0.432618512052663
0.877215938008958 0.653967585785021 0.53940960178479
0.261783062181808 0.323404555824017 0.539371433540606
0.629537020861881 0.501064122261616 0.808132268912026
0.285746622397279 0.19531740048239 0.827250389685071
0.941734832804269 0.687932773760841 0.335459175423003
0.123392724135882 0.347105604410407 0.14168844085057
0.118855019389488 0.313563047639032 0.111656328794325
0.833018486577902 0.828246660360158 0.973989587276706
0.95162463692751 0.728968120577655 0.608093325977481
0.255514757888598 0.377574581723345 0.41929938389729
0.107051312870049 0.175847846896197 0.355968680826704
0.435255779597536 0.409352136788478 0.926864050039316
0.855506276593216 0.371339780827718 0.0294514056636302
0.526675327720908 0.969050867047929 0.179699211172657
0.0279865525355632 0.0240166645890906 0.723640011991291
0.452503998454282 0.216103521459671 0.468395003517738
0.0034347457210748 0.0138000540409271 0.103880189487451
0.351027899605629 0.44310177842419 0.58048661695842
0.86944253831771 0.0953957288341785 0.00421319515274848
0.031333447331913 0.54208057573619 5.36037224740872e-05
1.81728387730212e-06 2.30136575520479e-06 0.253292445212815
0.000348473848233174 0.00101107932033977 0.157907243050672
7.18537314479084e-06 0.000366109954238096 0.00100572754394936
1.11893973514706e-09 2.15890075663562e-10 0.351910232461368
9.33786074515277e-15 2.34119631965706e-17 0.49465126781363
1.68884718085366e-15 2.79275839700896e-13 0.00157421526200546
0.0625789193686639 0.028682450705531 0.534066211176961
0.75724210980447 0.638280615901169 0.405902310854794
0.067608211852161 0.250218001123775 0.155948789997302
0.49962767806504 0.0337234777217695 0.300787274494035
0.755574957583171 0.477200404259138 0.306518046378668
0.530514895993898 0.232747687790661 0.844396298382113
0.454836208496843 0.272362794628053 0.95770822507145
0.0434899807747771 0.101938021778481 0.201892025590531
0.367442350869825 0.139750949423816 0.981905804381198
0.211359112490261 0.672806841232426 0.185163573106182
0.244565204674648 0.338416288290065 0.0188490908859822
0.275923104998472 0.281213563988103 0.013051801489838
0.85741131500383 0.109774109786822 0.23787430755115
0.211512742039409 0.327167797612509 0.421169069917943
9.86606072984243e-05 0.0341574623698548 0.000610476762438626
0.223374398029733 0.114876317002064 0.76775112979007
0.130715159164317 0.944548036676647 0.0357952158405176
0.000516852046341822 0.0663363535602704 0.00199615782710446
0.798193102801362 0.470759141955272 0.768742302452228
0.0246232977084072 0.161746603849516 1.57024391239435e-05
1.13508545748354e-10 0.968788693818937 1.5557644666368e-17
0.00603424291139566 0.0441057008895645 0.0645083318647898
3.37212976188975e-07 0.000568172331842656 0.000133034970712772
1.50268363957305e-12 0.0053245084676309 1.17804544451085e-13
9.36896400274601e-06 4.03500018290201e-12 0.929707761762371
1.13124984845328e-10 4.90480487509901e-14 0.041073232640751
5.66309123958735e-20 7.06382862360047e-13 1.36084115551236e-10
0.452391866372007 0.444394199402934 0.967525282489774
0.785339225678742 0.736898375264074 0.723844405180709
0.956110195362076 0.877894007787373 0.532747148323374
0.177591511860185 0.307732671724479 0.0536554914515382
0.896453071666372 0.781176210130722 0.467181405273132
0.69978544231899 0.659147171202892 0.816851698584897
0.121651906131706 0.0940629869313623 0.655509733871423
0.659246439362358 0.532475836706903 0.359759889503593
0.674529508601611 0.584554726735628 0.445549428769374
0.459640768541809 0.522529952910472 0.510516998509795
0.825515773561988 0.692451376625302 0.430483066704411
0.162800984656005 0.180141408524892 0.588080549461063
0.0187508003604091 0.020683680962699 0.629587813830113
0.000932755960659312 0.000540857510830482 0.795612507010373
0.163308349020321 0.198694996318869 0.403996386395358
0.000127093867821363 3.61384199348344e-05 0.4316785484328
0.00653211853030427 0.00318722489267351 0.369573113002164
3.26031390422014e-05 2.77732658493754e-05 0.706242106761531
0.159383674870795 0.144441038753032 0.903890126461264
0.436635192641538 0.835738625787539 0.0108919654236863
0.936995782048161 0.340130124680156 4.20660480899571e-07
3.80707384339966e-12 7.36192146564294e-13 0.773726378644153
3.04134624646782e-14 1.52250535399667e-14 0.79062240898902
1.99596043761857e-17 2.10531032914292e-15 0.000107892382718118
7.72981994288384e-31 2.97166785911812e-33 0.426360584460787
1.89066707220239e-27 9.89396354819683e-27 0.0272907091857822
1.50327764216114e-26 1.31468300683016e-24 0.000981943709222457
0.0157943347953552 0.0547540304834599 0.10045054453723
0.941521161342347 0.774037680464686 0.675665813443479
0.462972417111489 0.511305614732896 0.713675933531299
0.584917339399526 0.612904388400213 0.81693774417839
0.688798565328663 0.79475443812035 0.687352212816757
0.0491927342515976 0.0923176966116955 0.237312201195444
7.53326799417209e-05 0.000624825795504762 0.0286415712755515
0.955417140195618 0.753958918917357 0.583150408717363
0.156414400574656 0.240282908989101 0.373152946081841
0.880170133129673 0.974646589461698 0.676039351991122
0.42223498610219 0.477785934497331 0.658954806097729
0.983226467031658 0.621027625031673 0.26719703295055
0.955444150482316 0.691862201721439 0.301658267575927
0.00260496417421696 0.0134652634903045 0.0500455514519367
1.44272416134344e-05 8.06450485815162e-05 0.0453665491747888
0.000117343870696541 8.24309755729165e-06 0.959873685589317
2.72058876314569e-05 0.000140804112897809 0.0513917079946579
7.63084365401616e-05 0.00113339299336523 0.00787021262387662
0.37719063420557 0.423132105762809 0.691039183534996
0.157861789924636 0.312723499652055 9.17014111368129e-08
0.227013828756407 0.141234612677554 1.82413470501538e-08
3.64876900309746e-18 5.77860156663259e-21 0.35408273002545
3.67937579224621e-13 3.37823620743053e-12 0.00668263486055542
3.56501112155447e-16 4.64034423130493e-09 2.5905686484142e-13
1.01061937854707e-22 1.00181425904674e-25 0.297896747814343
1.36503769675882e-30 7.19783745366196e-30 0.000152608324616631
3.81561654523645e-22 2.1180627170484e-21 0.00200848136298469
0.342769796489625 0.723397688111415 0.154194936162197
0.0949174045384647 0.0510822368593642 0.883627908471926
0.973164107620206 0.877959168142409 0.694600303601459
0.956480847113388 0.7206130000847 0.535231881562183
0.91123230327943 0.510584649529612 0.278501518905872
0.266911668012141 0.511011146449164 0.209490178161317
0.728021852074934 0.781674615147043 0.817084821188452
0.291558627119689 0.198155037095957 0.81506332671081
0.0632358380070045 0.0511158810845269 0.799329212182387
0.206772395743641 0.513805853668737 0.124481114833344
0.796724620371204 0.975150763805245 0.604035498599529
0.515805456204196 0.9515042591018 0.11943324565823
0.00782154327576922 0.00179232705161896 0.781186565433765
0.0234624627072332 0.0162535994476659 0.786659950200066
0.00632095933782508 0.00525235452719494 0.601188427772641
0.000177489663223605 0.000991335346325885 0.0655028167299043
2.10071495959895e-05 8.84510015478165e-05 0.0826346008093361
3.91517858796472e-08 5.96088188144788e-07 0.0210305927692224
0.991822384039694 0.734650589379983 0.47285814686397
0.159015103779666 0.377001356631665 0.160223179098985
0.00197743169363127 0.354001434009198 1.5118547795048e-18
2.91556372299294e-16 1.81130540888053e-17 0.143478162189891
1.60444028777424e-20 2.2068945282917e-14 1.20599976831854e-08
3.84646778683764e-27 8.81314322442596e-16 1.44798825611935e-17
3.91556404653009e-51 5.57991621739093e-63 0.841158894699143
8.50639708615693e-58 1.45467277985242e-57 7.55714130237298e-05
6.39700063897872e-62 2.59187049051276e-52 3.25854667462345e-12
0.142633290913923 0.728531565839986 0.0241237618382998
0.471344324127573 0.716495346658599 0.200730469301103
0.0738632030769591 0.0835356276781643 0.391819644553332
0.78128968052965 0.574190956393945 0.389775095895295
0.556668626834993 0.254629073829348 0.0797771170074677
0.608608075597038 0.547694944034279 0.239350873555075
0.667012329429453 0.289102508888098 0.748424056182529
0.0441853686452737 0.407827041135595 0.0483259490325582
0.000937474907081751 0.011671942312088 0.0262791545113632
0.421227838667628 0.564555652176929 0.123812990206257
0.174713711240644 0.565238775842223 0.0217512627179973
0.209804834771423 0.0282214079999974 0.000408946269090723
0.227130190441894 0.168622745402523 0.66400359921068
0.0006730044281374 0.0322162656442615 0.00779228848491159
7.92239494168052e-10 0.00672345868693442 5.03638436899403e-09
0.845118183400972 0.000838095461532177 0.0138038149820157
0.000591987564510794 0.00094111651557914 0.0818982079296549
6.65960360684695e-11 0.000174349153960505 6.37360535553092e-08
0.650314618816599 0.161097645048722 0.0787439478375538
2.23633226475011e-12 0.695095402965221 2.37931245328108e-22
2.61663898002206e-47 0.773249086754296 5.69804913110882e-87
1.22387558283926e-08 1.17505267317046e-15 0.486126990174856
1.62247411846816e-44 7.76829935846056e-22 1.19490507113632e-25
1.85966486585617e-77 2.06230068237691e-14 2.44880659618534e-75
9.77920313629232e-26 5.22455908029224e-52 0.254389639491259
3.76933283971456e-65 6.71383255859964e-55 3.06471889212797e-21
4.41888999538943e-91 5.88263365277265e-46 1.18760090117127e-51
0.0906180593482058 0.175696943678607 0.084103415273419
0.280772614812601 0.139574678446958 0.0813505744755753
0.888141227722499 0.731266240763812 0.334251114729105
0.86397628823431 0.924325894246751 0.172448171178795
0.861971715739832 0.95979285693922 0.308794602507948
0.234833043143688 0.347509858982312 0.182965341889557
0.0276050022225042 0.0610562306012406 0.0620835110446844
0.100881471407291 0.130660989445318 0.362291077036007
0.0611974951287201 0.0849969312392358 0.332388407198219
0.569068286222746 0.447706253603938 0.427962978842415
0.297388240260885 0.412366833781382 0.20182162749785
0.487193816242774 0.837161510962869 0.00846745928425984
6.29427570852068e-07 1.52703815167471e-07 0.490925274136955
1.66507197098516e-07 5.94488444638613e-07 0.0770016520163063
9.94933688438477e-08 2.77221816568355e-06 0.000268029138402582
6.54915971098243e-16 3.20552383766801e-16 0.528572903951994
6.76302253917092e-15 3.56381335004023e-14 0.0413955292559025
1.43560947388292e-18 2.19482390872047e-17 0.010941062166845
0.104147179703368 0.0573857327053434 0.184045629014022
0.956005212375908 0.437575672735963 3.16967968339332e-05
0.0311308144816566 0.907480070694988 1.22932435573506e-25
5.8552852023964e-69 3.25446121823274e-73 0.446525055769857
7.59962807794018e-55 2.00932793890079e-54 0.0159041188062286
1.23468614790097e-73 3.82969984985581e-65 2.44869874311803e-15
1.12913516546631e-130 5.09130753468406e-137 0.849503708773827
1.42241897164411e-137 1.87412811758481e-138 0.0123105016077759
6.27036986457946e-146 3.3031497489422e-142 9.01856045118794e-08
0.223295075361275 0.205548539319453 0.810131958305446
0.970706185524817 0.851552003011731 0.647632508021222
0.823450358444409 0.451431908822841 0.277017636660492
0.00907641208082202 0.0161014816265871 0.246729732902529
0.191168502633959 0.354809712793851 0.236510167637602
0.00612234820339663 0.053121912237688 0.0151036586410627
0.223953005584804 0.129881662024879 0.777890926337458
0.121227265574467 0.0917424319338028 0.878629038250518
0.0480464583078856 0.0668596065419427 0.377470619763813
0.0540099593323937 0.0563653891302362 0.541517083096437
0.180574526409737 0.953774574854207 0.000872195142548805
0.14744194106326 0.575797176429997 3.06688968423251e-06
0.000767899680012498 4.54421800153567e-05 0.557182164922444
1.9294300269597e-07 5.33206408602255e-06 0.00451447404984181
3.93956799870451e-13 1.27471244259572e-07 1.31719500491803e-09
2.50001415951308e-10 4.20610199788793e-15 0.159140117697338
8.64941657016924e-12 4.5372958485782e-11 0.0142950945556996
7.66686222100165e-25 7.3150412945844e-19 1.03939387810722e-08
0.301538040391894 0.0864491888852348 0.243711768314744
7.56036489119429e-09 0.322385075270318 5.1005837387886e-30
1.35158409705014e-07 0.179363327673682 5.69868909971786e-56
1.1996903508682e-44 1.89577191627859e-56 0.689386920634773
1.45982410165028e-87 3.25368621465015e-75 1.99051255264519e-20
1.38102453697385e-99 2.43688065486498e-58 5.53713998531998e-66
5.68370211129331e-128 6.85388669469659e-157 0.0999531314510324
2.99445918751138e-147 2.89813579370357e-158 1.78530493104747e-08
2.60310273852576e-169 9.27285831687752e-140 3.10894318201406e-43
0.769968728397208 0.638413240129841 0.768885175089199
0.709564697654619 0.64779854620386 0.938324549945003
0.533466592465059 0.926882404051985 0.225199487356337
0.318942200878619 0.257957234209316 0.968024746925219
0.505864551229013 0.60189011917969 0.642649883564523
0.74065612508485 0.427879599741273 0.39466647243428
0.378988413205206 0.447849682148323 0.639853446102882
0.0918010671245966 0.150520450393132 0.358376391303448
0.776577647116726 0.929124576972113 0.648484797292222
0.576607621815274 0.48705219144459 0.882082717884619
0.357518651910353 0.296347952033877 0.980190843675942
0.114265732470425 0.80634067198051 0.00161422108346654
0.182882623950088 0.00457277116765467 0.00793732329639929
0.000735602462621483 0.00558613747541176 0.0413107821702359
2.65899024888035e-06 0.000208094967839063 0.00147107302758213
1.58867493323506e-08 2.83844123174713e-10 0.961541629842362
8.56104723528575e-08 1.01983888343282e-07 0.179454718239642
2.45138355533839e-14 1.61084635654191e-11 0.000146355127752159
0.748269575812413 0.985603381023565 0.496556415692054
0.0877811506743029 0.439288055973974 1.46573350765313e-07
1.47463416793364e-09 0.99180120494137 8.4880853225965e-44
4.45851655498e-28 3.08693577687075e-37 0.40147779990161
6.84387646564651e-48 2.61546286410892e-37 3.76094705043496e-13
2.44500228407294e-70 1.61926477803322e-46 6.77691115787174e-31
3.58662615018797e-91 3.23140726863809e-120 0.320574854437871
1.59972497542776e-115 4.15696148570519e-112 1.23941946655187e-10
2.88880116518515e-128 3.69792352512752e-104 9.98311000921437e-27
0.112383834352609 0.974068187893877 0.0327266380662296
0.757676024534745 0.409197818161476 0.261511919376328
0.0505893373411497 0.714386157703059 0.00336964491879069
0.472105898354022 0.984330600810696 0.331157514089857
0.266043834306978 0.411376244410745 0.433864677664944
0.39303777302937 0.865184192323005 0.32024691185315
0.128968571993278 0.0109846634521741 0.888605334819311
0.315957526029258 0.17846915697075 0.858495901634605
0.0148829188643978 0.194637103709631 0.0329999499578761
0.468070936106032 0.975668719791525 0.343525755006766
0.00425666157367062 0.757120832059692 4.01724666465216e-05
1.76534722845687e-06 0.286866790485478 3.84546843056184e-13
0.401579325143062 0.0131388049301806 0.324430486713859
2.89097245418367e-10 7.54030648465311e-07 2.43917583155946e-05
2.62357396098649e-15 0.00142237902660247 4.23494086076903e-15
0.00197318742913539 2.67908673034744e-12 0.069605904407294
9.40305396241685e-11 1.35190037561187e-09 0.000430924532174525
6.0871705384885e-16 2.25602659967556e-08 1.72341456830846e-09
0.288074563166233 0.462383488947678 0.0403468842769634
3.61269625647571e-30 0.331968360013949 4.09211939725968e-47
6.6579916033759e-80 0.257656671234405 4.22281779692598e-152
2.62126220433149e-12 3.05554723595544e-31 0.516022015379285
1.29286968029805e-77 8.60072499514949e-36 6.80159004644437e-46
1.66139770420784e-138 8.79965884794957e-26 8.33689911742231e-135
7.13936637404776e-61 7.5982414427629e-129 0.16137108232626
9.82742619634918e-134 2.23510262318858e-105 2.04102116686971e-48
1.02032326814308e-204 1.26917245143756e-101 9.8914274051373e-115
0.425260654651366 0.673164988137309 0.0660467366379648
0.151540915153974 0.122785228696946 0.734428323224265
0.961399145476028 0.973597269591615 0.938319408918234
0.00892014978833527 0.00590523833336431 0.736067527589162
0.164804796729057 0.23431744842379 0.222490553512598
0.919842914366386 0.868223755827494 0.178149475579145
2.56461942310518e-06 4.3485810098615e-06 0.218351829489066
0.000180689712767124 0.000183598335866687 0.632664380841774
0.0104519248378271 0.0233017033762022 0.0866592770398756
0.764695569374734 0.641464319897638 0.433765494400892
0.364064903330725 0.681082977971227 0.00671895530092334
0.523519980262214 0.189024954830104 0.00128452125161395
1.1234575878112e-08 2.86105913778091e-10 0.0375267128505656
7.06251994556989e-09 4.24449293403952e-09 0.772139797197483
1.68473712057978e-12 1.93795648685576e-11 0.00353429483590889
3.69929955597068e-31 2.59070634676282e-33 0.49161730864855
7.87077697542077e-30 1.11933183140166e-31 0.613897430999455
6.8164900152874e-33 1.31081301350699e-33 0.41012778161572
0.789740776985685 0.966084462396569 0.210258096023051
0.0414642767772199 0.391080021964335 3.38578072944131e-09
0.540948070267696 0.140112101275883 4.12980506576604e-34
4.60124846866519e-118 1.90796547588471e-123 0.802876106163506
6.02878169322791e-127 1.94086953114124e-119 6.67464352148732e-11
1.22033269693212e-135 3.70026243746484e-114 8.91763910164472e-45
4.43366631641252e-267 3.17661508522638e-281 0.926923920195629
1.14942674544344e-286 1.49430849311905e-287 2.00456066459455e-06
1.40928550897436e-303 1.57230618535211e-297 1.84269764194081e-11
0.694800599354846 0.787216791703849 0.705209884691841
0.696837061472896 0.993771753528025 0.341883711740944
0.598566746626456 0.55593379402505 0.012218322598813
0.234406803702711 0.109129635669757 0.566377293002425
0.0278256930924265 0.0163372684543083 0.854086515040492
0.0496388863624016 0.174319218387251 0.0712777659074602
0.520662270375717 0.413978503417428 0.852962410753545
0.0265617332733051 0.137691347641468 0.0336722609832798
0.275768053107215 0.121926780339149 0.517087201873549
0.636658239285759 0.560786780576449 0.913284075858336
0.66493857496087 0.153637201655053 6.21649746476286e-05
0.00132738595835187 0.847932173652621 3.64418209466653e-14
3.16835230456829e-12 3.87943659007453e-14 0.461928605972522
2.06304811287926e-21 6.88901955696434e-19 4.17852987627918e-05
9.83936518811287e-20 3.42316068553317e-12 3.25841824516763e-12
2.96396002272894e-27 1.08653140402064e-36 0.447721760527418
6.59448014056006e-36 2.84436926695753e-35 0.000203068397958346
3.08943426678708e-50 1.34388762589712e-39 1.37089869956927e-14
0.645734950709772 0.633804682351191 0.924908597667704
1.40922834544134e-06 0.372932324685772 3.48772639028165e-44
1.6331762968357e-21 0.146651723327864 1.89946483369956e-145
1.43431952093904e-81 1.05292675141123e-111 0.121938423557962
4.21303749798099e-138 2.18202353867206e-117 1.99676177221934e-30
1.03591367240665e-173 7.64851384887473e-104 1.06089299557652e-109
6.99932881420669e-209 3.14008345096085e-275 0.725778625212432
1.53945433361909e-278 5.55695846585238e-282 4.82535682795772e-24
2.92100145695683e-312 9.29885197358549e-256 2.94866674187351e-77
