TOT AFR EUR
0.175360392614628 0.467984338602461 0.109035534251663
0.808174866313748 0.834943052869337 0.89477311452876
0.355078588002862 0.496201536024039 0.478044572617291
0.887206771893208 0.850899052903169 0.953036963918545
0.0200756534129721 0.0125745709737292 0.765185344407291
0.426959184291588 0.145492210540769 0.227755636646939
0.998029808869523 0.581303032995565 0.248104842266963
0.834934523440346 0.864941388823147 0.902471041410239
0.792222274029178 0.946465778748249 0.482013927729575
0.621389863008555 0.336545689782645 0.335260130906644
0.30284918187026 0.299273098643514 0.821187725412552
0.301419879912697 0.298991470079831 0.816896184875052
0.0283949271301323 0.00572713460640254 0.53687116675606
0.520647337244001 0.753886705581123 0.424403161615316
0.00695130105343184 0.0109482024541579 0.365160486023338
0.580892883800985 0.563514562982914 0.921836810765816
0.0459356934612688 0.0318512039549748 0.879635172837081
0.00384590427661741 0.00321465317108113 0.528466336874657
0.18026262872896 0.0513606572064655 0.361258795149385
0.383179717101021 0.44379053179985 0.000184758873164922
0.47545133806564 0.594481109145124 0.00431674468306199
0.00110943108881659 0.000564413391223178 0.689046497826841
3.6390017469956e-07 2.38971504401855e-05 0.00346459255031188
0.000713081881348643 0.0029866334585611 0.116481426209432
1.67571257604735e-08 9.66619964796853e-10 0.659536565623405
9.65796516166167e-08 2.61401392036345e-08 0.359349472699544
5.12094163617189e-19 2.9107332404594e-16 7.95408414580851e-05
0.250780325671136 0.267112265311628 0.562329160198086
0.909133588847276 0.283609994571738 0.322279531693192
0.354441513463645 0.334303689448285 0.687195971228324
0.369754220064489 0.590589883458023 0.469512076047731
0.874184781444406 0.618038500821839 0.520610020323005
0.377925671565296 0.756937447985517 0.136586499432892
0.406268050095935 0.372728273182747 0.712232585184958
0.685365038666595 0.370887742494497 0.818169707151424
0.656338376124796 0.0503796893449428 0.0251409660496259
0.788214032925608 0.698066946977787 0.977442117303507
0.0294593955714354 0.496486068540945 0.0212471834445737
0.00181387736874046 0.294402989961988 2.44566549069145e-07
0.182601548246627 0.103682719659711 0.644315098965593
0.164618757990066 0.656604779663444 0.139625663079612
0.013086866015731 0.342375399122461 0.0138859111365743
0.803766189506776 0.794390763697354 0.570398228971424
0.0760771978471759 0.00720573543777158 0.973474953834863
0.00245012088219943 0.08037286970168 0.0131024759019395
0.615914656885328 0.945287138748272 0.54441827749117
0.0256026936823882 0.418366600801944 0.0216619162407259
1.61860253093139e-09 0.549500155249725 4.54923803696337e-14
0.0331648249051118 5.03961734231508e-07 0.123320024456356
7.01063070190696e-06 0.00175250385481612 0.000965209624933706
5.12693823537615e-18 5.7910267582683e-05 1.28003310641773e-15
2.1772667687689e-08 1.03520270533054e-11 0.182153628106737
1.2461183711949e-17 1.98007789583045e-09 4.3079424847387e-10
9.80240082923599e-22 4.16633309216927e-07 4.40850444041527e-18
0.494408029102217 0.50514525550592 0.873561919759663
0.111432573983101 0.254573973679708 0.0159514291423702
0.400597440819169 0.31075338501262 0.459940599862134
0.801625234901213 0.601624259504811 0.169668566958377
0.505750697819497 0.540839429162368 0.701396083980492
0.693738321758046 0.665632254737947 0.898123612958989
0.358798743639894 0.377051582170374 0.805835390640876
0.232821741280147 0.332040095961203 0.194354271333297
0.0174101023974569 0.0378752601010998 0.0670104306494913
0.443205184818797 0.515933200600647 0.571441109424067
0.262364178527076 0.381745206558614 0.207681357261334
0.8406975278382 0.743338444378661 0.562155572960102
0.0243820272949178 0.0326328152361828 0.441170798710204
0.0018850831653392 0.00196233082014063 0.627639019145562
0.542276373120943 0.745698315184033 0.180491924789485
0.000181096736976173 0.000166638523016857 0.744915051830764
0.000666926516517706 0.000911519322853967 0.424867819722122
0.001232884758588 0.00111578025431118 0.821725913445956
0.456510852522684 0.424562289355893 0.885284878222784
0.585431477035632 0.823602844530791 0.00045407094116225
0.335596856428291 0.874931178252713 8.62334048551901e-05
9.18759082177356e-10 1.67283544027317e-11 0.0814181895481406
4.42609468006083e-14 1.22804563385254e-13 0.0823442735217104
2.75869029341192e-14 3.86294775902273e-12 6.24918251395261e-05
6.79889693334752e-33 2.85536673755653e-34 0.881913662262833
6.29646695598515e-37 1.31764117805062e-36 0.0258705913210045
2.15223325382223e-23 1.42557633989166e-22 0.005077222923244
0.410889872216798 0.485870717881861 0.616584386138033
0.361770706391843 0.32114201222437 0.93984418984125
0.390749452692604 0.980926324015253 0.0435262696336867
0.857818542713262 0.911228196348211 0.844069893056263
0.573648211585058 0.408762969354729 0.712700623977182
0.434381268429057 0.261342207151391 0.602540119183308
0.611499670152528 0.255921759609899 0.22955714833875
0.112263980252803 0.0299474519454826 0.397270797102857
0.103241621948249 0.0795401070668527 0.860969007144145
0.830865446779224 0.275937745325851 0.09341132188862
0.078209448748137 0.27269237496803 0.0716436934941756
0.0299739363197888 0.38815501985463 0.000536432046323073
0.591866688318267 0.533129886439499 0.973859026069291
0.0842366503131845 0.0519777732337881 0.987274694506039
0.000165987644949254 0.0150801833203596 0.000215779082004666
0.00809349039003501 0.00119502207279131 0.634356234443456
0.00255791467650775 0.000129111573100012 0.536159955186633
0.000235719222231268 0.00914247080891835 0.00240845536282152
0.732717414978943 0.975574158661241 0.370358461599958
0.104000787580023 0.916476834551363 0.000109246000158533
3.7446056149276e-05 0.772897396574225 4.18636594529279e-24
6.5808798158856e-13 1.97959122284919e-16 0.894047354922381
2.92309013974227e-14 6.60089610905676e-12 0.00017287408856756
6.53363557715758e-15 4.23709245222437e-08 2.69346438352831e-13
1.81381177876274e-20 2.89877212741707e-28 0.349792135497592
3.25435989773327e-26 9.06444700948588e-27 0.00451620146647389
6.41488617294196e-23 2.96680385883438e-21 8.70337746607364e-05
0.892337377486358 0.883714540702911 0.989992150281674
0.171005699375441 0.144659718656682 0.88084039229291
0.392870150228498 0.779880739047068 0.164483283225073
0.258534319589627 0.829346327397302 0.0291563893528703
0.638224833597873 0.622763443914373 0.936625673399958
0.00895707655402806 0.0183510674523469 0.24053829451238
0.275148161436784 0.249192742916048 0.885123416558759
0.280624987804778 0.43368429977413 0.395760175899298
0.874835434693169 0.462629277479658 0.251526228713036
0.253284683122326 0.238858849193719 0.844116721120505
0.715216571935785 0.820259669103123 0.203907095133592
0.0231070342455931 0.29397073357786 0.0026282871072135
0.00228250204090122 0.0114504754194669 0.0672210630853346
0.000971994026038434 0.00544559628726057 0.0756793557431495
0.000706847374263442 0.00175062241110462 0.196918032001648
1.9312705571641e-08 1.41492878521878e-10 0.827625202197532
8.54164425187777e-08 1.18013963027471e-06 0.03121613883505
6.44281968498199e-10 8.39031302272498e-10 0.101313564020413
0.182985467169516 0.270570125067863 0.444804940312905
0.232725975477834 0.20004277647015 1.4460900822168e-07
1.43875031634594e-06 0.785463323697862 1.10764615201806e-25
5.49587537568055e-14 1.68074355067298e-15 0.357682421245868
1.88392223961567e-21 7.01427566308834e-21 0.0132722057159695
4.75825917741136e-35 2.57126145364319e-27 1.16371861486499e-09
2.22046257768318e-43 2.24937310243382e-56 0.572797754600087
4.45777839530126e-52 3.18603951536542e-48 3.8376725501656e-07
1.26671671270705e-71 4.0086137551234e-57 1.00080249955092e-16
0.821291066476985 0.941256196552404 0.812796835043123
0.589773645409884 0.765495019306056 0.337701027478872
0.0799008030618589 0.256757793141384 0.176599220773214
0.0706653939219403 0.228940358360076 0.169473456511286
0.49879602551003 0.903328510708512 0.317929217587373
0.47834536975117 0.197136103759747 0.873826000375811
0.0927437857035161 0.0895863092202377 0.43253613542084
0.636639409150786 0.968605919970113 0.507750232404637
0.107845018450621 0.897500090695516 0.0251653431297561
0.375683850655399 0.499567820232606 0.547374731866805
0.463201507256805 0.528974044883872 0.130016655429155
4.76469695824869e-05 0.461038976220064 1.89801347340181e-06
0.069784614250095 0.0320040164016547 0.569441216825664
0.00478930684941338 0.0354785710096166 0.0521881671841857
0.000325701339052022 0.0591769763660499 0.00124613829111631
2.52786208290619e-08 2.97758603616145e-12 0.134031138200693
0.000210184440888701 0.00272974996022998 0.0183837793830422
4.26157775695067e-13 0.000650714414705618 1.31883367409992e-11
0.839326378529664 0.171887123932225 0.140925751928653
1.18890141002458e-16 0.439589770969072 1.1011002404099e-25
1.75250766056648e-34 0.867543769574856 1.77555808850928e-64
6.89495085593376e-09 1.59293846281354e-18 0.943409634317841
5.77667088749476e-29 7.27936932344818e-17 4.81515246512834e-15
3.29914092061913e-73 5.38070000916241e-13 8.16636760054702e-74
6.85313896479938e-20 5.53216409470361e-43 0.452730495469734
1.49601422534238e-59 3.15614496890702e-48 3.61037167344543e-21
4.24823072943659e-105 3.72582982179763e-50 1.07848051374867e-62
0.32228376366911 0.331271406032577 0.825944689801174
0.886194304555834 0.850171975240118 0.105666249490093
0.998295232492097 0.872105473512038 0.413765385989984
0.300051260737293 0.220826682318736 0.404056461348807
0.170324808148215 0.137220578103363 0.676876014373735
0.0190383316693331 0.0333350529917728 0.203475492083199
0.133937769474862 0.205050517527415 0.200846394872768
0.169127233677614 0.207231793250202 0.436634509031278
0.00262467156909563 0.0170742158040765 0.000687626468441721
0.874223179101476 0.920984640317201 0.737319279090966
0.836974511240066 0.984449201234572 0.339842353059997
0.735503363534378 0.902052632198572 0.0178374830782762
3.11815231328182e-06 2.54842649453929e-06 0.707031320657457
2.92966377783867e-07 4.42082478373397e-07 0.274603166825314
5.19580719161966e-07 8.28945307455771e-06 0.00144754296748919
3.29538517820651e-20 1.16282466056837e-20 0.517495870250575
1.67692818381714e-22 6.48391099361754e-22 0.0435484860589976
3.13993928314188e-14 3.20525401381903e-13 0.0147337458739186
0.649367247917618 0.698178830197621 0.709624999517016
0.257783906431735 0.507824782372132 0.010236504767674
0.00262946263245645 0.268209969775036 7.49437263134363e-23
3.16036135993781e-60 1.73506165249985e-63 0.959073874679554
2.09264918784923e-78 1.65833748896917e-73 1.68911223717939e-08
3.45709493291426e-70 1.90082280299259e-62 6.93067820610047e-18
1.89535692611044e-139 8.16978452278158e-148 0.611799697385107
1.49751733114092e-170 2.12702957832892e-171 0.000360365650782991
5.37598886567589e-148 1.20164996142728e-143 1.25041853256214e-08
0.645971272211976 0.442109261522536 0.59316227867491
0.927957568377395 0.512032630951243 0.232848361675193
0.576885962887023 0.5613954267947 0.913210945001241
0.490778780453484 0.868475735356866 0.17328066926306
0.355870579251122 0.348208413781579 0.821035508450002
0.17944643049554 0.572330028310416 0.0469172488869328
0.0433300495083477 0.0978209189689803 0.178328740012899
0.00828274346240783 0.0290959105098156 0.0918423500831955
0.0158862492094853 0.0172929239680239 0.449290138963127
0.352249793341345 0.802305912572483 0.0587154761232869
0.233643201377503 0.947730428099138 0.00752037398139298
0.00617187581125134 0.803407538326939 2.2587467055684e-09
7.72074717889062e-07 1.16888269367757e-09 0.349094045417988
1.40802532664983e-05 0.00138578526171501 0.000251564466472679
1.26854481549895e-06 0.000371049138594783 3.18539610756076e-05
1.34180257664627e-15 6.83474659248556e-19 0.703940955432328
1.19428412713877e-20 4.34001912452012e-20 0.00355696970750383
8.70332327692926e-17 8.55079084327498e-14 0.000101623203904466
0.674463371454819 0.942683225878699 0.255880188562025
9.79696550729949e-09 0.0923234417651931 2.19893566276861e-23
2.07871485135795e-07 0.0580586446190212 1.0863813088639e-58
1.23908309183763e-54 1.61427569295543e-69 0.847872421193765
2.97100124231812e-85 2.32328796220432e-73 3.76779005300578e-18
1.67332435314209e-83 3.62761312470536e-50 5.32731470005948e-53
7.51360810354971e-126 2.28936837739629e-160 0.896020190127863
1.76044487863267e-106 2.79342146864388e-115 6.29386251937199e-06
9.7290727200725e-181 4.62888326351765e-151 9.86510827756189e-42
0.137651672887523 0.022159137610938 0.200884510075725
0.436587359310482 0.924233789165378 0.11605355358964
0.404678119724232 0.275309220307003 0.74135968511646
0.708256134201114 0.585492390460912 0.794213011902505
0.218543686898687 0.127641049552383 0.785553998984159
0.963011660606357 0.91825539023565 0.744226850100302
0.118128593286366 0.0438649034131579 0.590952780581825
0.177257667966255 0.0616763240632419 0.478306085287053
0.165113684155818 0.41287855892794 0.130130451068984
0.156132442418077 0.2170614027695 0.477025936318161
0.0925809660061214 0.326142748512609 0.0669110254242207
0.0179161584268805 0.190643840548025 0.00502395978519247
0.000980867470174291 4.0572851966663e-05 0.371668287798552
0.00410627378933378 0.00509292941345912 0.390553292718949
2.37491806804282e-07 0.000930626016311608 5.02239125907964e-07
1.05644606879471e-10 8.37364332630739e-12 0.388027064948659
1.5238792704065e-06 3.8506891149508e-07 0.51121028386686
4.57737939140852e-12 1.98215999356356e-11 0.0289704628672857
0.758632639596671 0.30456434036609 0.00517659012149163
1.65029132739925e-06 0.0413001423113251 8.20569157253609e-12
0.000236214558838796 0.0553189958857737 6.39601128997339e-36
7.13666834734934e-29 3.60407970173785e-35 0.585148977394856
6.68081967754249e-46 7.13155710886909e-36 4.14781282784774e-12
6.36271360988705e-68 7.91722466424921e-43 2.88217881039608e-34
5.94077266657446e-91 1.23191262261656e-114 0.861392290342136
1.45301023875309e-108 4.71650266197976e-98 1.37539431365214e-14
3.69057578255497e-118 7.2031892706799e-97 1.19037333271849e-25
0.258797752760449 0.218831306777761 0.641721078607297
0.492929520631167 0.890989662959735 0.422071217923831
0.798951556052662 0.988803781013192 0.741724711181856
0.611317782342154 0.342066698574657 0.887309775741788
0.0132840888303865 0.00535805997706487 0.362371398868451
0.0212909355806806 0.140708524148223 0.0687789703778128
0.825485616650463 0.540159685793061 0.8171679964284
0.996924841593656 0.696949922234382 0.731795040994374
0.0177995374873638 0.0621574254561317 0.117871389863165
0.452729453226796 0.810665380725165 0.232384656463918
0.0412958546065312 0.687073010774828 0.00193617968180643
6.90279223568277e-05 0.48717038898737 3.60879554189034e-09
0.0631364439079932 0.0180804187873783 0.649135080778549
0.000457546802962052 0.0451628677871257 0.00357012022703128
1.74565219401088e-11 0.00910864477665808 1.70980733611334e-11
0.00179789127868996 3.61332084313887e-08 0.639962939027199
1.45470267979212e-11 2.24751222272747e-08 1.98543258628966e-05
6.56136370003637e-20 7.51794184432179e-12 1.04127343753403e-10
0.529789485177353 0.545433586638189 0.75672966700308
1.64700763647315e-27 0.743293904793814 2.11390597667536e-50
2.49330215931126e-77 0.872935632391959 2.72641237024559e-138
8.36727004854517e-15 3.70261978793719e-34 0.966686769632034
7.03882895675313e-62 1.91073379737205e-27 3.98213351014624e-38
6.03601068186181e-139 6.01777543321308e-29 6.65273432503424e-130
1.34727974332524e-43 9.37018382807293e-108 0.84008966486457
5.194273831716e-126 2.13092083142332e-112 1.41081313348061e-38
4.81364770779952e-185 2.15911125612628e-89 2.74962466531167e-106
0.670669477725061 0.922926488347134 0.101413697620299
0.632873389448314 0.594670050464718 0.831285346277102
0.450253639928428 0.393797654433052 0.680043459389904
0.163618994368282 0.265495829957179 0.13340746333472
0.194206384591074 0.126504378699304 0.30210961128057
0.669331688905745 0.699616461782304 0.776269497682597
0.0890577648313683 0.076577563419779 0.902735957340103
0.0123636736236305 0.00605666418126077 0.352467776601271
0.023635454511844 0.0226715440305109 0.833201288910877
0.232045642953414 0.420900975212078 0.0341782427140826
0.782458257291506 0.865079741753051 0.554751150377026
0.560418598824735 0.910494631599138 0.000421220302330574
5.49246483332025e-11 5.3749429793639e-11 0.454313161741236
1.22028128899464e-05 1.64584522305217e-05 0.407086726755202
2.31441507038422e-13 4.37076910199541e-12 0.00316503056288943
8.7187594617164e-35 3.11500522646007e-38 0.124526423316096
1.76577428452361e-29 1.06451852658864e-29 0.238245485864446
4.62388223694846e-26 8.29790356062222e-26 0.110654489667483
0.638934951665972 0.555469599778284 0.558067181938171
0.154706995754606 0.728390354492963 5.3952560652043e-09
0.0468795413050703 0.921229852903471 5.38230176020632e-25
2.2602380177536e-120 4.33205029088785e-127 0.890582792601381
1.09741056247464e-131 4.61963949831254e-128 3.53240661119788e-06
4.64728516075164e-148 8.73550300670934e-137 1.01447556103906e-17
2.67245435556484e-253 6.23738271409928e-269 0.579189721928347
2.11046850521527e-292 6.30420242842533e-294 1.81654948248942e-05
9.97146766135641e-259 6.38220746483904e-249 3.28297721069621e-16
0.312662240764308 0.610559537970691 0.176762884704756
0.341162423843485 0.204972390261835 0.697154529088868
0.97038677415485 0.426095750615028 0.104828094646528
0.00711964886233012 0.000783792619950908 0.561614745140186
0.106959240865701 0.0825143736375931 0.834675665030696
0.317135812992272 0.682055654029719 0.00190676451237754
0.0117706099409537 0.00335885244761805 0.881965032418852
0.133288272058863 0.0412130307224935 0.452952959545263
0.0428826602330358 0.0874134336839724 0.224434025288745
0.322395394129126 0.469268774525403 0.408604007836539
0.796071847952059 0.241984431317961 0.00190592492078779
0.0104752523093739 0.883227866338516 3.90479188207469e-10
9.76762054499587e-12 9.93004461090099e-15 0.994822099976342
2.76102602220963e-15 5.0500136510197e-14 0.00274877661525591
1.73163292076634e-15 1.0905313658555e-10 1.25246452751507e-07
2.29720757464077e-44 1.836975509333e-51 0.12545648053261
2.12023729641777e-38 6.28861718201815e-40 0.00266594019128449
1.13514143443267e-36 1.79996703837784e-28 5.36388095661775e-12
0.34412149501713 0.589115672276028 0.275076538184208
1.35318065173313e-06 0.535965623277348 1.70734543447638e-37
3.43066333663997e-26 0.642844071100157 3.3500377013084e-127
6.3568793450663e-95 1.10372115095999e-123 0.848743156505363
4.12524026643282e-157 6.70678497228331e-127 3.66004702186319e-41
9.69452388346362e-161 1.07972147031141e-89 4.38424761934753e-111
1.66590586537253e-204 2.19128853989396e-268 0.706405622190015
1.28633949446447e-273 1.98334094624858e-279 2.03882425700278e-20
8.25224098883973e-284 1.41625278025702e-225 1.14933286311852e-81
