TOT AFR EUR
0.89523519940257 0.975331435408022 0.822093194206135
0.737379673543694 0.19817052035458 0.0424086038694658
0.908815169322286 0.811459592594237 0.408387486978854
0.172733553025994 0.0690488248673209 0.554401296553132
0.430624220110175 0.146711646575981 0.268341151490453
0.683819371417477 0.273428378384712 0.204426834919942
0.107847919801268 0.154032258859146 0.388406421228287
0.894762975273499 0.730563455256454 0.326666510612856
0.121498629609163 0.0884521419466093 0.970406182577276
0.450616684454522 0.533030700044395 0.670733699225746
0.897582930766058 0.911352769149266 0.587538035883731
0.940530197497157 0.846212269348648 0.575265685240927
0.477070816665815 0.694322693613098 0.398475975601503
0.0103593545072078 0.0261482283859704 0.15653809116089
0.584922647997959 0.992436259844574 0.181483837358313
0.300213205724039 0.162619871424893 0.600471704668496
0.02223551115578 0.00777660174435843 0.865861900584729
0.044828322339679 0.0332634675613464 0.822942877284178
0.445353758274447 0.571748262651583 0.564114247703844
0.703957211272714 0.179672510861943 0.0423898495128067
0.00224620317026966 0.329387999614129 3.58045064897337e-07
9.36868290349644e-06 7.27764083599208e-06 0.262584248314819
0.000168242275720119 0.00374550530026767 0.0117961026606307
1.55812757170803e-06 2.51175336518886e-05 0.0173925654852645
1.05137835606549e-07 7.82682551247832e-09 0.654253658780767
4.68637279984563e-14 5.82087125795999e-16 0.44897318669701
9.00130784799029e-17 1.17043787697171e-14 0.000707275652192695
0.0413507273554813 0.308088982341633 0.063242770847246
0.261682571037786 0.332743768653109 0.0178476963305596
0.732177904018985 0.619774963752195 0.983810499327308
0.0331501972783277 0.452453270890346 0.030671080279655
0.159775762031811 0.162960343978268 0.480625693083548
0.863786673618125 0.843645408623188 0.950398595165868
0.999340993568436 0.540975584733247 0.587488176891529
0.815791551180442 0.873689046579521 0.854834189729546
0.30498764837953 0.0180296411020314 0.470530076446931
0.352309383962437 0.622177261675045 0.423902132191739
0.373858419285159 0.507471791000918 0.534860526003888
0.113820777421021 0.417583260781291 0.0046928951588779
0.22938882648198 0.977589595783086 0.0986071877294777
0.711876798160316 0.711198759912981 0.854181560240171
0.056498758390308 0.225820710750003 0.131012012891601
0.680220255097918 0.561308005615331 0.951728423631442
0.00300136167173953 0.211520675742709 0.00368237104524453
0.450194386900635 0.772161701253511 0.42968040501398
0.886289437714472 0.462281213959161 0.373693428446987
1.11542422731699e-05 0.511695019432636 8.20813510996594e-08
8.95765527172845e-09 0.213508075806055 3.71062917174921e-18
0.00486317694458582 0.000267853075577644 0.620526603931906
6.42829618041213e-13 2.16063602758917e-05 3.83813981975323e-09
6.53415130981176e-14 0.00628736179761361 8.40456320454518e-15
0.000142600900447387 1.23041883643495e-10 0.670605963506069
2.23476220871954e-13 2.21164991129414e-08 1.5398465761624e-06
2.8625917255348e-22 4.50604787954006e-07 4.73849213266448e-18
0.688815355438969 0.705650217021589 0.852681341807749
0.869149798270346 0.938836893591698 0.0657178734567731
0.785231235093213 0.821199612952169 0.818178165326451
0.577635215988876 0.40153594672411 0.201347758405181
0.777388967773432 0.693662547119993 0.541587003639851
0.603567251927076 0.560551761704428 0.792513285655757
0.373957101455737 0.427547527127408 0.640895316766791
0.040324303952788 0.046757841897042 0.620441085913749
0.0307167717885166 0.0171847539674865 0.369993197433638
0.175845933439312 0.117742331684015 0.275348785137096
0.114328871355056 0.175419466136353 0.171616017125131
0.877848619805363 0.923181329283272 0.683558498929643
0.379835360700852 0.292800070172506 0.375215741984609
0.0264929426104749 0.0251865205008296 0.852836516144106
0.118242484897105 0.189274896972714 0.0901956407220799
1.49321271706148e-10 3.448692361572e-10 0.103717766946588
8.28628543140136e-10 2.20485690883845e-09 0.132412055026219
1.58702832005662e-06 1.70979688957126e-06 0.552065891482873
0.754880002229683 0.81472282491789 0.678608073225275
0.203161333253928 0.288419939086521 0.236219842127832
0.0132174973904319 0.0542440816037607 0.00286244464099032
3.53497005313242e-17 3.06150519242366e-16 0.00957469053182907
1.00879773716906e-11 3.28393319657519e-11 0.0693717749770318
2.35832524270421e-14 8.81894098003681e-14 0.0610079612396218
4.9143512813414e-35 6.99321964572699e-36 0.535568631306309
3.50760113958386e-26 1.14706449517758e-24 0.00978691426288739
1.1986699302039e-32 1.27084079931089e-30 0.000274919507356948
0.542881735692567 0.412313791979372 0.777622277437318
0.440303180261557 0.985049835578789 0.0559707254143717
0.521028595790065 0.425430552109145 0.871930878780478
0.560570859261912 0.301481363380593 0.41903965750976
0.231939328665572 0.113790310925755 0.648583177231291
0.82903167879434 0.587412899076182 0.100597617588186
0.0377326776642106 0.0311793629317785 0.637881202839257
0.323682185646189 0.577669760335203 0.214423892868963
0.736745228077 0.674688011854037 0.928271880419004
0.918504348562589 0.813667834890369 0.785992776235145
0.350042349261697 0.869255904911455 0.0500059046014043
0.375188431806959 0.99798803662509 0.0209485562592405
0.0861925910357855 0.188454899931211 0.166498739864715
0.00494840312321498 0.00288903203796312 0.697107384892343
0.00551455507864429 0.0408273144152946 0.0263563754064869
2.81645543544561e-07 4.65774213882906e-08 0.497016071628657
2.02731895266305e-05 3.67646967992214e-06 0.551112373356027
0.00340250940012415 0.0109543788195661 0.0929584898395286
0.171875875324151 0.164195654532028 0.748577242743106
0.00691006164205728 0.148843438477687 0.000497411778140435
0.0323422310522759 0.437664326523376 4.00302997185337e-13
1.32270303915884e-14 5.19780120856918e-21 0.0844636227589297
5.62369918474918e-10 7.59865002595797e-08 0.000542094910758206
1.39131329966907e-18 1.46519756904607e-11 4.17928328719167e-13
3.62271297501722e-31 6.19540473636999e-40 0.931714507824848
3.51885342127438e-27 6.00383416478703e-25 7.0861875995778e-06
2.35200197467659e-42 2.05490514590177e-33 5.98439039201257e-17
0.339991066397547 0.505608778438287 0.41444088054045
0.954850604825821 0.895168828798681 0.696780008378265
0.663607496287383 0.708438669945256 0.812600844736866
0.561039373994658 0.31813759663943 0.463717067485973
0.892337122663122 0.883957267454056 0.546462181980554
0.839905604238278 0.788098004765932 0.934746711700419
0.53000399176471 0.865164269957205 0.276006086893491
0.450876552254591 0.495801772925377 0.740693031862669
0.803741113908492 0.43436749436212 0.0338538150191773
0.314940782816474 0.801737288048691 0.0787950072226128
0.0962027284142714 0.378587305922106 0.043562792200346
0.401831902532246 0.357173422136991 0.966188568134278
0.0484933934898455 0.0125864898869402 0.599394454045299
0.000515326577604682 0.00149133704934053 0.152714522337845
0.0560619938301627 0.285290983988831 0.0324099004622076
0.00259775876305273 0.00187177087968349 0.579190888144075
4.31562993473349e-05 9.33310411017229e-05 0.192326999046114
6.41205403520146e-07 6.14054411489945e-07 0.213177788169838
0.112298749179241 0.161359558197352 0.422900371482761
0.00423675997548447 0.607839713008682 6.55174034660232e-08
3.46052699959392e-08 0.39778569552625 1.6753961735958e-28
7.81923750296447e-13 1.47594609233674e-15 0.957648683212492
1.13109547158402e-25 2.09124333577442e-20 3.01282224886488e-07
3.41445294996089e-21 2.96810886678733e-14 1.94278216447127e-10
3.09529767394051e-38 1.10045032039797e-53 0.0990020446982968
1.02860141950329e-49 2.81782510778141e-48 1.88721538910934e-05
1.1029698907198e-74 1.67698190698871e-60 5.58104727733429e-18
0.769589804633984 0.954200217403014 0.735763098641413
0.967433947635341 0.73252392146152 0.815691536893217
0.167965403397136 0.702007235702978 0.129767411314133
0.500945797647416 0.229729013232088 0.897491492609679
0.69306270877289 0.602926528227452 0.933713878534327
0.445614352190332 0.4952246168967 0.10455855792612
0.4998348008026 0.300502213187565 0.979965976438141
0.663433383869992 0.981477591124219 0.549305847094767
0.0111784665592796 0.325714465232986 0.011943048453115
0.552902120788476 0.442017898265382 0.893392838306475
0.406919691309614 0.897385548945992 0.309000697422519
0.00012020950840435 0.629945360264476 3.11084304434127e-06
0.126335542318612 0.0106488267393859 0.929442479726555
0.0343924350774872 0.170066952389388 0.103774063624225
0.000216530880291916 0.0635644816031421 0.000795947263373916
4.14778704276217e-06 4.88657702239054e-10 0.388693435663079
0.000862158794327941 0.000312194529578867 0.158883330055986
5.05212396440671e-12 1.71094085794571e-07 1.93068208669561e-06
0.783866405655225 0.837901496307511 0.850472748189216
3.14326647785434e-18 0.0947701769625122 3.41233713172752e-24
9.87679618983378e-42 0.99351759151927 9.49524788366267e-74
5.51521544590102e-08 5.3273930932544e-17 0.965254888734061
1.32503784414789e-40 2.32665366102334e-16 4.56480399253088e-27
5.75943093737773e-68 2.54008542925544e-14 1.00819054951492e-64
7.76249398360616e-20 4.10267253314192e-46 0.946069521451431
3.08508078217815e-69 6.51767848787951e-67 8.74266300769385e-20
2.4995373172543e-89 6.42328363254067e-48 1.92563886268813e-47
0.303652839863977 0.167160617099038 0.110179614902554
0.162943206077388 0.21693924418761 0.328189749185561
0.806995096840766 0.588346354485731 0.125792285424063
0.0140585061459819 0.0048561091336181 0.156410674805869
0.371233692589366 0.408966652800454 0.674135007831108
0.719889982515865 0.530943028537244 0.215354675224571
0.075748625470395 0.0768951446623137 0.804577121356196
0.147538780581974 0.163630288632549 0.636893883966995
0.0893685417606535 0.13310840232427 0.225774308419551
0.957903359046403 0.945622911856705 0.944126090054739
0.130884174965947 0.170205330490486 0.343471386259543
0.105964969905679 0.25213823106368 0.0154160697707587
5.1435943424021e-05 1.84096420924195e-05 0.573636632203244
0.000174115061255191 0.000604178203099951 0.0228222033885856
5.89612775874837e-09 1.3181459203336e-08 0.175259999751572
1.36828650222106e-14 1.04946000735867e-15 0.489013918630801
6.20806041950143e-16 1.42300989128207e-16 0.876093553138347
1.46712848468116e-20 9.58199475363349e-20 0.0280932049531009
0.549856674136473 0.463925332093283 0.605694426400393
0.598037297782242 0.149929319332825 1.12869174396768e-05
0.629815653735723 0.414566992888724 3.11184018082856e-11
6.68705269264958e-52 1.52665780571561e-56 0.144586277416798
3.11377309941484e-76 6.99523432432838e-73 2.58327695896113e-05
1.99408206832349e-61 2.62866953758879e-52 2.16702058020647e-16
1.47786273104957e-128 1.5261328471432e-136 0.552418187869278
6.73752870205626e-146 3.8333462707619e-148 0.00752052913079529
4.45149969431125e-146 3.26895891053078e-144 5.81877270794063e-06
0.354281648146062 0.394607621476077 0.666026385336371
0.0090570693806123 0.0180840774405446 0.214898646170614
0.609835780250209 0.988605408975827 0.241437924150761
0.793857189070427 0.462003695289421 0.39704924647348
0.0403391308466502 0.0818028470737399 0.218196478049444
0.0684676560673565 0.288647654155338 0.0422897016635026
0.322936279863196 0.484285104906024 0.35558382353846
0.180103231669422 0.226287594006472 0.519528433397218
0.894206566122512 0.79956303260735 0.402831407012541
0.230845352527141 0.257580465921977 0.639701783986028
0.0334018063692122 0.262005179859734 0.00619854160050379
0.224945749802573 0.377580944558043 1.88957354281417e-06
1.92775267834535e-05 1.00317128982917e-05 0.38489250301992
6.507618991782e-09 5.2006340720597e-06 2.14360706081862e-05
1.59338713762813e-06 0.000485735216973385 9.552211147711e-05
2.13530995386779e-12 5.86220759484694e-14 0.348174770848574
1.77234651025832e-17 5.58300669065367e-15 0.000130249773165179
7.56528058952259e-14 3.91085913449759e-13 0.00676395329328614
0.66507713145837 0.981590137800765 0.272623950329681
0.0041567435562799 0.127553182475578 3.12754183948917e-24
1.73077783860068e-21 0.159464355732891 1.62378586981013e-92
5.92828312797351e-52 8.72518983954141e-67 0.986645529580994
2.64228131065612e-81 1.47977976171234e-73 7.91868389197999e-14
1.44616658128573e-96 1.93515842668805e-57 1.51456328612738e-59
2.37373140169754e-107 2.98656871954889e-141 0.851441322312923
2.2643782259708e-155 6.69076253447463e-161 6.5557778036728e-12
2.23025815003426e-172 6.61029858953107e-149 8.97143675763569e-38
0.427115122975963 0.549179822438142 0.559987881106641
0.347830085428344 0.298935459518933 0.977968386275258
0.724852667863578 0.971333565542204 0.380633426224326
0.894205590450906 0.746806808018655 0.731089550354784
0.107023286887588 0.275454090020745 0.150712051866983
0.601049398418447 0.667667194840227 0.0366042523149864
0.176784764127519 0.304524335636817 0.311193622653479
0.00797760643144915 0.00985970198170368 0.456584266045421
0.598340898042418 0.570634043396359 0.0212102694766259
0.53126131620602 0.400286905291329 0.783827252976802
0.285890404961207 0.225017885619876 0.963457521070092
0.192655233496963 0.787303493715525 0.016041078233928
0.000827636191220816 0.00243118992453255 0.140282137347003
1.95570474454179e-07 1.28328550006554e-07 0.246516222950361
2.59043577835087e-06 0.000315048470889371 0.000816722580350688
7.55346667372744e-09 6.02122837647947e-10 0.574997584319748
2.42596644449649e-07 2.53383331203414e-07 0.210747136280819
4.26616092136848e-10 3.52487277843577e-08 0.00314887132206365
0.796634051325222 0.991338009788602 0.531214771051569
0.187251406778806 0.643893118844303 6.24356360826233e-05
6.83859276985208e-08 0.632896790199219 1.70524794348101e-38
7.62088288236092e-25 2.83172613134437e-30 0.792034901978284
1.13608711027693e-29 2.13280786174622e-23 3.42452319726498e-08
2.38564353190637e-69 1.43048442835924e-37 9.4246918851939e-46
1.58552807082164e-87 2.99278740872292e-110 0.793401195521762
1.5213752224151e-125 1.03964701332981e-125 1.4500834705561e-08
7.30844743314325e-140 2.07982052006356e-122 5.80262804842049e-23
0.902912325149022 0.759731516232926 0.916402441820837
0.744815768456358 0.69281930787262 0.924617139090861
0.283674034091642 0.619762379448523 0.0640707005508282
0.639609225184999 0.992465704625383 0.539552035580443
0.882624655540924 0.410984627964666 0.624910450288359
0.0851347803387016 0.467996098395442 0.0969497190173031
0.613259873228326 0.251058023178934 0.0983220612464597
0.019159526620121 0.00273639043005323 0.580486405417165
0.220400074413177 0.833594518125271 0.149618594755687
0.916012186804581 0.487079331872767 0.65386424008676
8.95240052445804e-05 0.579287310684742 1.85721307577175e-06
2.08553180432214e-07 0.645438142254679 1.63890819892384e-13
0.789539485749029 0.294570360851496 0.212920985091992
2.79808540874613e-08 1.24404282253248e-05 0.000198309243248251
3.30132225420773e-14 0.00890762712716399 1.93801923204826e-15
0.000936757544379032 1.92100377253756e-09 0.472570627456612
4.80181623928834e-12 1.17401487297393e-11 0.000867729854836327
1.84929758220224e-13 4.58492948652521e-06 2.84090502726822e-09
0.0485336910574932 0.309684382021055 0.0776397300950598
2.79155608379211e-28 0.676348801564512 3.72181049321962e-46
4.25768602655128e-86 0.115052485693322 7.62637070651963e-137
4.38292079835789e-14 6.95850963207707e-41 0.23434329805583
8.21662425653826e-73 3.11697600646756e-32 2.1738602229613e-44
2.1501651246362e-152 5.44984286642343e-29 1.53804731790676e-145
2.91420923750448e-50 9.66538087399534e-101 0.0586224780030726
3.7956109659516e-123 1.48713746233567e-111 8.1703651808793e-38
4.1348450518613e-188 7.8125759639044e-90 2.2209942153192e-111
0.0551291208807119 0.0652859949892627 0.55779366940298
0.582935420475316 0.719610095799276 0.27240003642386
0.478062779589896 0.192617875223505 0.00503083525497604
0.11424653455558 0.124569491892601 0.676081099107152
0.0892669925540568 0.0611920820883081 0.563271943871575
0.00481731860214623 0.0101585113196752 0.125515885751472
0.000518192381988132 0.000130635500894909 0.226383610037501
1.09447883582736e-05 3.09920582786585e-05 0.0639556813736417
0.000392441809965438 0.000277430344863064 0.993253183626368
0.378610143057251 0.546571381290828 0.129843003533931
0.189894187161466 0.432041052641606 0.00416810934189273
0.155395537928003 0.107178253012692 0.475076704907352
5.32496608013976e-08 1.16684601903197e-08 0.478471266969119
9.45549344395333e-14 1.04907794733889e-13 0.318579428475518
2.45949122451142e-12 1.19190242813464e-10 0.000431299296222255
1.33325744345989e-30 3.12059093061429e-32 0.943063591891006
5.48910718453673e-31 3.80662046112173e-32 0.740716208908359
4.34307746831581e-31 1.55680856443228e-30 0.0330261220233215
0.952803739836855 0.925497042448575 0.864741398668414
0.153574550735999 0.718764125739455 1.13278721805629e-07
0.00198232299219468 0.419821137581983 1.66545303262616e-32
1.55000302283291e-117 4.63864835729535e-123 0.823514080712735
1.79888908747801e-142 1.54152017759871e-135 4.75376371531915e-10
1.32469716965332e-141 9.62786151030922e-128 1.06304751339771e-28
1.23597061016372e-290 2.5612516703919e-305 0.746555600722633
5.34482120216179e-299 6.11529024733777e-300 6.23989110947087e-06
5.10824958158204e-269 2.82072362976808e-262 4.31721276623072e-14
0.711858729982977 0.816327546265148 0.176032317239379
0.432324750446891 0.840966573855121 0.142616059816754
0.887390668716732 0.298023620965162 0.0135315358226035
0.0761496749359508 0.0193214148744417 0.503705057686679
0.181884826122899 0.208021818384032 0.595920578812797
0.0158718969654989 0.348776125800176 0.000181038966568113
0.264153150189219 0.275188284678914 0.716631039143822
0.00532692924465607 0.00390472618328787 0.574486185709896
0.111709617093815 0.285332046712197 0.123598756856679
0.668131046173319 0.971984432043485 0.333503620190417
0.265486891100453 0.744009229281643 0.0475405218341614
4.94431257497866e-06 0.156464518715069 4.38193618802759e-14
1.08606181556011e-14 1.81294904310035e-14 0.0210363053449211
1.74577765962072e-14 3.91810986302039e-12 0.000185448788649729
9.55939983920477e-11 2.38892757455232e-08 0.000201436384811187
5.87248596696427e-29 5.44488467058114e-39 0.449989086689625
6.20269694791735e-35 1.01940137088202e-34 0.000478933058640564
1.61258856458307e-30 2.47205050642427e-26 3.73073126109742e-07
0.72109527007834 0.571858532967748 0.733418172611463
9.04270728801876e-10 0.797400823799961 6.22195935416756e-45
6.71429431212856e-29 0.534895320230453 3.40285447922581e-139
2.48806230436524e-104 1.20660092726235e-135 0.760047942044513
2.45112758914719e-138 1.88942019087086e-106 5.78167080972666e-46
4.61130300389056e-174 7.71970498763272e-105 1.21318170134169e-103
3.05959965696874e-224 1.21986384408657e-291 0.98499622146331
7.38158131795777e-262 1.84040577001981e-262 5.74589538373621e-24
1.61690807010963e-274 2.30041739481355e-229 3.28241679271851e-66
