TOT AFR EUR
0.00351316414699555 0.0102003122468185 0.139500664574085
0.588877161634837 0.398940566587401 0.636004257588621
0.412757515017624 0.642862428146867 0.367321963489195
0.347455643057533 0.846144095033795 0.0863588149951924
0.984279974081487 0.925926991796667 0.882587397144049
0.283055493437619 0.403722563167693 0.404531315751522
0.303339170706231 0.227152097833359 0.946613768856419
0.565242768799886 0.702923914387024 0.589548337273513
0.660424426947778 0.314715029108441 0.313016284964521
0.815584245510339 0.543807763656187 0.0792992332905135
0.387537502491517 0.30267820333947 0.863620083529878
0.568847968247943 0.713434045081645 0.0327125847188577
0.301251202142589 0.176161233047287 0.681398002431176
0.328164043709957 0.537726635714946 0.365076369455006
0.869472214610088 0.841342039465791 0.977580912904927
0.00340806706412766 0.00804702775361486 0.186087277384542
0.000133217711768458 0.00124742078310269 0.0279044972565639
0.151963965992501 0.332625535439192 0.231122576659949
0.396778098127481 0.987868982411776 0.0429192004180848
0.875195804622705 0.469765404216716 0.0575648643300818
0.00561449362605373 0.123826180894178 0.00131635079643735
0.000211913741558172 0.000181877605134453 0.3224164440989
2.11925852622546e-05 0.000100315239937831 0.105805604383255
7.4810358238549e-10 3.5667220501858e-06 5.57981512698705e-06
7.63290273205304e-12 2.01409977901582e-15 0.552942485633395
3.01732437359926e-14 2.40846623721233e-13 0.0191999186534698
1.31884143251542e-19 1.22551609063766e-15 1.03670155548896e-06
0.660966165431783 0.686825657516917 0.343584505547712
0.607321479690761 0.956247063909547 0.527460195280462
0.695693806083506 0.947598499451673 0.548966643917747
0.711091257370819 0.843176316153641 0.737581019979172
0.0994463831867104 0.41850307227585 0.130308705296781
0.0115858658331774 0.0749802834336019 0.0692301980869646
0.963452980904592 0.843317982116629 0.824864315300735
0.282021942024811 0.000566920106292447 0.127213630765041
0.649751457034602 0.486303423604759 0.982189981903133
0.330628212141339 0.871263807985399 0.154350625027061
0.237092147002553 0.774781359664797 0.0735763352726921
0.962756258690229 0.682403622833436 0.687175886706254
0.815004242814684 0.884690979719969 0.659083541279198
0.545474883385851 0.324522667893829 0.977414589154945
0.0627136990583667 0.0457096898383604 4.19039877346235e-05
0.952841390919842 0.673586862064586 0.677974264612516
0.419845070554059 0.129703246867038 0.775109650841867
0.421662498484303 0.419390605063403 0.704424596316166
0.91106910051003 0.421106049056273 0.410853340203078
6.76108083351934e-10 0.0116053783512655 7.74606327448917e-10
6.59960647657999e-08 0.407711855860256 3.7698285525244e-16
0.130107816511361 4.95615517654458e-05 0.12814313855305
1.18681183410806e-06 0.0267588223355243 6.49242803976132e-06
5.73633861315979e-11 0.0362746091190988 1.80979244470154e-12
0.000230732849808358 4.49515567847775e-13 0.203868342382777
4.51373560915576e-12 6.47579423289551e-13 0.00070920670331796
1.5816373049316e-29 1.83394212160098e-13 7.36881141984292e-20
0.456729057488181 0.637584522649114 0.134800499514083
0.726409125656329 0.760732069434407 0.795447991295535
0.221386371310792 0.0880927301354388 0.0477304473235123
0.342863333221948 0.362998416455852 0.743956167402942
0.983771934708412 0.839123710985145 0.446549916509877
0.748185213214517 0.902251577508766 0.351274217409463
0.355665266502583 0.348722903535048 0.953754248855765
0.65885338734255 0.410195593350571 0.0368406403851911
0.0217854161714566 0.013912509024823 0.66449320022383
0.152937798472705 0.128015240539094 0.657275374909214
0.641914762727951 0.610146701442606 0.866287465756824
0.581099987274443 0.977625974751715 0.0229485846279487
0.11279800973399 0.159822950416382 0.310845249364113
0.0238351672154938 0.0269376404560511 0.598798409684506
0.0179073153206195 0.0288564842480209 0.201877235271923
0.00283108406159975 0.000886533744491044 0.16974020881222
0.00159807904865034 0.00267471256250154 0.199409564502584
8.12379158941418e-08 1.72739444873517e-07 0.179038027887666
0.640142061835892 0.66522115688596 0.85034143946562
0.70901449378137 0.950190563133683 0.0638704528019218
0.399835613860064 0.599458187683914 0.0728622961533393
2.90733307776663e-15 4.42297332536998e-16 0.834579989082819
1.52998586189603e-14 1.15838046767884e-15 0.78413945107942
1.30400928348207e-18 7.77098177424348e-18 0.0435392792210779
6.30285665384768e-37 8.28939814982899e-39 0.967314634925472
2.1214858934273e-33 3.03538503365088e-34 0.552142509286665
6.32866427171608e-36 1.63604314824883e-34 0.0349645277363183
0.55748653877492 0.433937495393474 0.812018146795082
0.88548732038608 0.860839087798554 0.982197104061806
0.994631304668502 0.478085883230929 0.167256196858941
0.457803593624225 0.455749212289445 0.852006524543063
0.935012242237887 0.92067695343839 0.709275267303194
0.0670441860827694 0.173124683197708 0.101453514564875
0.952444538080811 0.538996749243577 0.316363557557683
0.958715565762854 0.803933609856729 0.667483825570404
0.629623012326709 0.646008390615389 0.849532285426527
0.512326755960396 0.978982758037433 0.128973656145865
0.321205329457119 0.317525032264282 0.815533317093477
0.212808111773969 0.464644429370361 0.1749732378962
0.100460728358944 0.122357664759823 0.485089160062024
0.507422200242014 0.383491624038075 0.845518357982758
0.000176531204262122 0.000215919727830777 0.228379474665733
0.00185476391622837 3.77770319044237e-05 0.200352659399046
0.000532478721369187 0.000483823221446766 0.330727701741897
0.00120973562156633 0.00145450809092287 0.300261736828943
0.214930975281826 0.0642395801766339 0.330940135417742
0.142468278882031 0.373076815167801 1.71810208299031e-06
0.000390820465042364 0.39084393584155 1.89342217857598e-10
1.37064243428845e-15 1.55463745267415e-18 0.543100576602344
8.56771372208014e-15 3.58674022620248e-14 0.0085686317693145
1.6391222152102e-24 1.58298623443892e-16 4.30193680229623e-16
9.4807107749294e-23 4.96055455963755e-30 0.657728349322067
4.19653106176757e-22 6.78284072993919e-25 0.10292277901973
7.66847440556353e-36 2.09119068741409e-31 1.45644868536779e-08
0.846026514785427 0.874945904218601 0.463287626706561
0.279223165707584 0.0384660390255431 0.0752319365419049
0.0969944737641513 0.059168643496147 0.955449065208127
0.172544547594168 0.086939522488451 0.739330750623629
0.204627008730758 0.536681568254379 0.0923292638103728
0.747786017430431 0.963255617739322 0.390263142831484
0.0224166691016077 0.00888970604018867 0.920256385164114
0.838133884005775 0.601898156381038 0.534279757731878
0.131646098653786 0.182535306257479 0.453336053769226
0.482629534727606 0.418308291128516 0.965347729210605
0.88357527275462 0.729027773262613 0.285190366610003
0.611323826063194 0.911637337977679 0.164511185821988
0.169047480809231 0.262334085619247 0.413617847255608
0.00200054366146775 0.00708295680902925 0.122533224769419
0.0138085358996181 0.188315372052489 0.00384357380917062
0.00136206108174633 0.000180018129062341 0.762807664113928
9.79872296024735e-05 0.0028564819901029 0.00581088666914761
2.18839728982553e-07 7.14058447675273e-06 0.0101941644113285
0.419844101825442 0.315232758072281 0.864199431637091
0.73072978902978 0.236844591541788 0.0013202103944344
1.00741838174444e-05 0.30349222874569 5.27508897286224e-16
2.63365795652008e-17 5.66323895941141e-19 0.250531721479549
1.43491704559247e-21 9.8669614144139e-19 0.000107036781087106
3.3543476253848e-24 9.42520971871104e-13 6.90079872959458e-18
1.2869943064411e-42 6.34453733032522e-54 0.877008208279373
3.68826387387607e-59 3.1371585289526e-57 1.74127970574419e-06
2.01021208544114e-57 2.72337340568122e-48 8.70692383825105e-12
0.0971231564587099 0.00802864363719436 0.944315696847317
0.699711153280928 0.758037470464188 0.800329548208581
0.988750339215295 0.424286488388662 0.511658662909364
0.186254900395267 0.0271551234925781 0.904250022753316
0.954602965277846 0.837047421008568 0.801932724735217
0.199633238490509 0.827773488620912 0.0567809971532441
0.724031176324892 0.27855196964926 0.679600473373215
0.00210160742802174 0.423856317427906 0.000606525133007342
0.541154547326902 0.611432817098063 0.216723295043291
0.477608149086314 0.626375129949987 0.588403418132614
0.000584518795652599 0.970074565394507 4.61647591129177e-06
6.5974676103485e-05 0.67794292274443 4.41166202718154e-07
0.894229207989474 0.110801094011272 0.232593967804486
0.0717725178013628 0.25058369232735 0.155549834620709
6.34915786024397e-07 0.241482399270518 1.56991111893196e-08
5.9874223210022e-06 3.78012301994842e-09 0.307247798152029
2.63319157841082e-05 6.04403080253779e-06 0.0762385655523291
7.81723478396328e-07 0.000146908966583152 0.000836221810957124
0.318733903893287 0.321341711770538 0.646055494163918
2.21095993264366e-16 0.696579146879229 5.40572816316192e-30
1.84185483825045e-40 0.913758704465122 3.68426317048055e-73
4.19811136130831e-08 2.56561275037997e-13 0.323093240207033
2.25673291041739e-36 1.08007778723617e-16 2.74061206021613e-22
5.69140013799466e-69 1.6205920765744e-15 1.50338932672818e-63
1.07283743124323e-31 2.21880994623412e-61 0.0933854156593234
7.02080823532141e-48 2.88451849303215e-41 1.10242629873292e-15
1.09302825687655e-111 8.96334968194741e-48 2.1490369443543e-72
0.134178653618039 0.0695249804339966 0.174541221824494
0.661599127013883 0.485282554418131 0.253597651061171
0.932842520430683 0.920315859328525 0.367930517778368
0.036464740327717 0.0644991084174556 0.134292183329091
0.0527385674736436 0.0938107639873239 0.143452403555594
0.497927562554121 0.499852646925512 0.921141523425826
0.051351000738547 0.0378831730951904 0.722820329583874
0.722464915299347 0.490715189494609 0.127809955765356
0.0380973180979016 0.0227795434968131 0.442713899356338
0.540650388828367 0.434612544160984 0.448455190433145
0.910384443041363 0.94868634199565 0.803861604407329
0.122574665108945 0.37769548694557 0.00130384242920524
3.90250168397581e-06 5.47551104832462e-06 0.343213227546909
3.14552711037399e-09 6.50563512018187e-09 0.211550921533173
1.06844211008144e-07 7.12540807399866e-08 0.739821429239022
7.11029667607544e-16 4.49509559547281e-17 0.496275605754289
2.3433393429723e-12 1.81464216891199e-12 0.490981568752475
9.96429031580931e-13 1.7631928841725e-12 0.221459534777774
0.648560923798308 0.739856986473278 0.502789968969898
0.535243444910162 0.474315574515712 2.32084821006803e-09
0.260399915856115 0.637572277949674 1.1401356847494e-14
2.66049386130935e-52 7.28326538599822e-56 0.569837689102751
5.09555931002225e-66 5.90699738351442e-65 0.0043414747244339
4.76692844678007e-63 4.66672027716805e-57 1.47230144973237e-12
1.113335417549e-143 3.60640610621434e-150 0.484915350256368
5.5474820501324e-154 3.14423967222901e-153 6.18286950202179e-05
4.28114538286159e-162 5.27965429214442e-156 1.61968901696147e-09
0.668128340141037 0.934205724636156 0.241298021633728
0.408003676368451 0.26599824035514 0.710226061774564
0.242474775750485 0.309236360864144 0.513246263241795
0.417068658552416 0.446701234383791 0.753009916398297
0.0171086733344003 0.00167330375954755 0.374045386890145
0.611170741315531 0.321324407612585 0.40329889365293
0.0729351787981902 0.0094501456733989 0.257143902040474
0.0889295944003344 0.0514013520304701 0.967073989887936
0.00795578587193322 0.0479214853361679 0.0332529520830631
0.553370837588413 0.14520164211836 0.0840903662776558
0.448256791143618 0.37233138366457 0.000152117715570067
0.0735432792861508 0.732387011643727 0.000323099910625125
0.00266685119851633 2.28223107205982e-05 0.0784458342372403
9.98311455873744e-12 9.5588194535979e-09 4.89290170098939e-05
5.06347088715076e-10 0.000139068095715999 8.92815028372114e-12
2.21847610358949e-14 1.2819010015632e-17 0.779259425473116
7.98121785640489e-13 1.00551864038906e-12 0.045443388048592
4.80896293237242e-27 7.30645285106133e-24 9.98925701238295e-06
0.459942381228836 0.310539629217984 0.701685631989396
0.00359267209168494 0.214554724737806 1.07522032904605e-21
6.52826579545228e-13 0.913401563726812 8.13299374422504e-66
1.48099568277518e-43 1.04926253094473e-54 0.714556707016458
3.6408334237541e-67 1.07414527895326e-56 1.68400624776009e-15
4.33332741234279e-88 1.90374975043876e-53 3.11669004946333e-57
2.32608925194134e-96 4.0291512654553e-123 0.825609245613616
8.75656596716646e-132 3.88321224095599e-142 1.42715181915456e-07
6.27835493226236e-145 9.02615626869035e-116 1.09114016891618e-43
0.333251793793505 0.52390890444569 0.370116220177752
0.550215679096876 0.530213693934561 0.0095223990117299
0.361054101596489 0.205860425908403 0.635037740006351
0.265676305784541 0.221012317086481 0.968223074536645
0.0805222503282355 0.0996539590390197 0.530223548149947
0.561828040501088 0.478953547630392 0.907652447778315
0.75218796098811 0.553114762856982 0.635753681134535
0.35744888305478 0.166562186438452 0.475113341911139
0.0793969913455065 0.37920939368615 0.0288374553097485
0.352334734468546 0.601702893834862 0.300247292626698
0.147961467040765 0.864131844640834 0.000271830674401039
0.0495532584362123 0.324588679704344 0.0143466054719697
0.119842033681631 0.205995157121637 0.337792713132089
0.00239144641480234 0.0156063561423599 0.0407399172428785
4.76639968273733e-05 0.00322841553122447 0.000660190423159582
4.7325828741216e-06 9.0786569749995e-08 0.698643260797978
3.63123468066396e-07 1.5090608075647e-07 0.366446810402918
9.43820848345801e-16 3.22092286062434e-14 0.00526894891385807
0.745564420844593 0.929611259660117 0.350116443431548
3.57967103538967e-05 0.249454350767656 3.58646967450641e-12
8.64472129768226e-08 0.953500727989967 2.31072588383168e-32
1.14371019396589e-25 8.640279305518e-31 0.624419204041931
3.94091544859287e-37 1.72207451450833e-35 0.000219875619738893
1.72951344300022e-52 2.63612214564898e-27 9.11565414239438e-39
2.0156930381293e-78 9.53179419460569e-102 0.465707360510864
1.19900041035215e-98 5.65696349585512e-102 4.36762422761877e-06
2.80647971943531e-123 1.05177720465145e-106 6.12847682981604e-22
0.556415339183685 0.327907832218028 0.947103521767497
0.335923138791919 0.347475209774953 0.623635166355783
0.0242123215760368 0.752685710768488 0.00627330765786427
0.640314663643565 0.0360959673401537 0.236956589624604
0.129515528566554 0.765619132569398 0.0223720684427665
0.361080341830629 0.705886392217236 0.371639542640523
0.674978965452767 0.116479460691163 0.432006759984208
0.751933332213461 0.509885076632429 0.321891358890453
0.0335931883953675 0.254225112145104 0.0626281358331017
0.982585420239864 0.344190123569737 0.403017347649182
0.0124848902786904 0.288141405832115 2.3756458646786e-05
0.000591338476635428 0.343419894301997 5.32557951711971e-08
0.111886987280477 0.00485071595952561 0.753424968779486
5.92432503784206e-05 0.00217650958737507 0.00630989030911082
4.11516941681081e-11 0.0129634674139394 2.25114753271031e-11
0.00381860714808974 1.3709605547345e-05 0.91240224454835
3.59477618987922e-07 1.10168230915137e-07 0.0273906722476258
3.27700350455331e-17 8.31596539094194e-08 3.01053253823326e-11
0.133026233259728 0.200516090241269 0.356632546401106
1.89398397692169e-34 0.323260312484917 6.89165146014017e-54
1.15268734195462e-68 0.891613972816289 9.39935835528329e-118
1.72276637490531e-12 1.13618348627392e-31 0.58030903009914
1.03630902616171e-84 4.56137524824387e-36 2.01938078767821e-52
1.09428963010141e-134 2.25148467106654e-28 2.11055835073409e-125
1.81554068733272e-49 2.91807947946644e-112 0.480758763532206
5.0907433763148e-114 1.47242136905219e-102 7.36599544963078e-35
2.29411979140867e-198 1.43985552204671e-91 7.55014644214907e-117
0.583692714756746 0.661558505072671 0.508054074375631
0.304712713653273 0.429012381178557 0.211939465744799
0.38432850624785 0.222016625123846 0.101825986050273
0.954085510079733 0.869033844098316 0.577574161891674
0.0185917120119128 0.00835364466075556 0.305356558954623
0.581580134682569 0.726026740586008 0.304322488496595
0.000384133303585764 0.000245294835620439 0.92813306761138
0.00226222977443731 0.00294223789303737 0.463982034712101
0.000121329007471683 9.83233724178582e-05 0.824837724449647
0.94651231493418 0.790497507470324 0.291249580312314
0.362591071827142 0.633044539592362 0.0219526679267716
0.717672964234192 0.493693726796921 5.53098411538202e-07
5.47962720380538e-07 1.63289479453593e-07 0.623217588845679
4.78834680612967e-15 9.16199400903152e-14 0.00469158266823132
8.78503673403626e-11 3.34692668148331e-09 0.000142814056888131
7.95841071141261e-28 8.28707257539544e-28 0.161705889559389
1.19038857781465e-33 2.11362770398828e-36 0.30305448019876
2.62817805818392e-29 4.33450727313894e-27 0.000268622895245466
0.236620645288896 0.218176276350115 0.920916508192612
0.739999459677729 0.153972943877966 8.10763465050577e-17
0.0326098991031269 0.52142963448906 4.8656497598769e-39
2.63158066054823e-99 8.323135493957e-106 0.497212381595918
3.61129442398541e-134 4.66538226878125e-128 3.16269803164121e-09
3.55700583688183e-147 2.40876457082284e-131 5.60765889353533e-28
4.16479184240497e-271 8.9230459611309e-296 0.0108451390819441
4.61437916140745e-283 1.24741091440604e-281 9.95483939408367e-08
5.4314754721901e-271 1.8832364277808e-263 5.13252792005263e-14
0.849478845875595 0.900792904054748 0.85088388973134
0.72866901809044 0.413055492968537 0.376852929014802
0.434037699618533 0.299037270964377 0.758190236882801
0.727887596904213 0.921937372244953 0.30492696265138
0.0909767033942897 0.108289478711358 0.522515118435567
0.102389463734004 0.28606678863932 0.0982715645017874
0.0218461776587827 0.00155983954585283 0.248291068413965
0.00234264426969208 0.000966473510075493 0.762683618801983
3.25959140600955e-05 0.000188511308256328 0.0403609626605578
0.297979179038525 0.134259413754295 0.513080788105286
0.000927016185713751 0.0414899810591884 0.000365728797444517
0.000484329973372979 0.88665785795765 9.83376030937577e-16
2.21287017422614e-08 1.0599459975456e-10 0.830071928188614
4.34056313947692e-17 6.61390022533024e-16 0.00324215542346386
1.47750393754045e-16 4.04867739406345e-11 5.95973060733577e-09
3.31219683767187e-36 7.61090107579599e-40 0.0350253405232526
6.37452089222416e-28 2.21286435461337e-31 0.119970872567538
2.19193363880631e-48 4.55872081525962e-41 4.01960434603342e-11
0.109289779221893 0.0722923971804959 0.97265514549331
5.19364113093654e-06 0.311638571674115 2.83179028754731e-37
3.0370278258945e-17 0.107021908358595 3.34744089526169e-124
4.10466690452439e-113 3.72305235407066e-134 0.0213518824331186
1.97127469149415e-139 1.22400903519993e-120 3.75066075968269e-29
3.00049659137465e-173 9.3591159726337e-105 1.62150952489909e-108
8.4355589109438e-214 1.69895404431353e-284 0.350657483664997
3.54574024110847e-268 1.03438808920572e-270 5.06713946709452e-23
1.60041084484458e-311 2.43010412337374e-262 6.02583057905863e-73
