TOT AFR EUR
0.881091551665475 0.949619782281583 0.831205342601693
0.849646496867559 0.591410610596003 0.541634446342713
0.681744884625589 0.780199771859954 0.725976858509937
0.847048132745535 0.543916435177771 0.487462094274686
0.655710471816559 0.674301437291887 0.876195156303488
0.789709797164375 0.819721900718754 0.246282338913399
0.0987374994595994 0.273601981900281 0.125871579003922
0.550969975248318 0.608833522403577 0.720482445739697
0.112773694470574 0.116509138097038 0.677573695348206
0.87801050945329 0.801809602906996 0.406868074543816
0.0172282798987837 0.0877899442240895 0.045539452687682
0.485946766913466 0.493679869696951 0.842447512555612
0.194707244998208 0.0797174010441671 0.627672113804442
0.724440057284831 0.394431885567492 0.367609951241995
0.0723246821895136 0.11730812485433 0.356485319710177
0.0218588716790934 0.00378098320494232 0.470002534899916
0.016603599946462 0.0798112243426072 0.0636835503738398
0.00626425876907472 0.0167726156612754 0.161116639752435
0.019369960700393 0.441895670200564 0.000286226962083481
0.0176906165563741 0.151990253993682 0.0243027195814614
0.18007307315099 0.784731770505533 0.000199882675897909
9.13702241408174e-05 9.35697890295071e-06 0.906034448236949
0.000109425082114855 0.00128367520731659 0.0252952809224997
2.24254827875231e-07 4.31620833410493e-06 0.00882502222872172
0.000988509965723948 2.31442908154035e-05 0.289520799657179
3.62412397579206e-12 1.86635246372134e-11 0.0222167709487057
5.84801550413079e-16 2.09692074854208e-15 0.00805185724641747
0.481496695826817 0.102634017968807 0.601957555658378
0.137663177789752 0.101981927059848 0.5568734126139
0.805960130329927 0.595089977374301 0.905183060115404
0.727553710583329 0.833559881392052 0.773026825544491
0.0502040167830472 0.355733986289874 0.0626484777733553
0.283888626150363 0.857859362957693 0.115338870555526
0.0649599647206181 0.0942362033305807 0.314275405397437
0.239700617339202 0.306110049043235 0.51022410720251
0.251835811154403 0.280899859711755 0.548024442290618
0.909346278550769 0.511927566003031 0.702514901617897
0.650290000015462 0.482446094886176 0.997168407592453
0.55462775762644 0.60169511966815 0.219893596419188
0.316798627895157 0.14969627965896 0.918177881299407
0.00163800444064144 0.00313980600169804 0.0959114576375719
0.0458151655760038 0.824215231036689 0.0121411875528508
0.200760951938437 0.00344372136495963 0.540608272010038
0.929710752959056 0.0307363270984262 0.0590042354460598
0.000271573850596356 0.00554722012909904 0.011444289623913
0.778910544118411 0.452681829193007 0.767386053328043
0.188290242062297 0.0846837228312601 0.00233094184528591
7.40862102656696e-11 0.523685165219441 7.86357925289312e-16
0.00119848132255791 0.000279990665677456 0.193725989050793
1.09438927450059e-13 2.97286309956785e-08 2.1437363942348e-07
2.53193379677401e-13 0.0264912733762425 2.29053814738364e-15
2.00101401413735e-05 1.52126767409944e-17 0.248674362923036
6.38970136700141e-13 6.91340514909073e-14 0.00037965597172797
5.16640633381141e-16 1.27193023301253e-08 1.51440061261778e-09
0.65621840291221 0.811744622354607 0.360436443056874
0.229425349186352 0.237776261658742 0.819290077880947
0.835769847408352 0.822513507213727 0.954746624493423
0.180834816897151 0.0828393603604579 0.0919580625247527
0.83746572355727 0.757991865086364 0.0218754877877079
0.931029492174333 0.992050217268645 0.63748335177515
0.673438680152526 0.959494006237837 0.0674886018639494
0.930709673911805 0.867694712950507 0.730716244665523
0.36063493480853 0.372745746541637 0.79500035131904
0.227820951245853 0.37251856275138 0.0660099497304936
0.40479188390198 0.226643395334827 0.112115892675765
0.509934914598905 0.497477278712041 0.996446677381903
0.358011109390879 0.334701730775431 0.919844064327284
0.797105765786818 0.569033321611766 0.0371596942272754
0.291545015584181 0.226659048131087 0.497527873588874
5.17556874743514e-06 1.3773689225855e-05 0.0899416068970747
1.16988347153671e-07 3.6292011205249e-07 0.094030476097654
0.000187596653147535 0.000340549108517858 0.128952425946568
0.347260038724676 0.364169456738813 0.790738339682185
0.269153208309185 0.571877411048605 0.00113504280333896
0.230567338062583 0.7984609973809 3.62787338234723e-05
7.12214908688474e-15 1.09357930585758e-16 0.249161911534606
8.33952182523508e-12 5.28122366369786e-12 0.723639635511195
1.01708775487447e-13 1.84413121855726e-12 0.00739478884475388
1.87256278773864e-26 1.18846932541102e-27 0.882665752465014
1.51190736208342e-28 3.26869294131374e-28 0.147445559433631
6.1250154923339e-32 4.17097721910056e-30 0.000420663468454902
0.40276957278591 0.420199120350919 0.794754100140108
0.462764950195836 0.136612756076761 0.175689310560463
0.23179625367068 0.116709563782987 0.625750747420743
0.613020090040875 0.76425794563796 0.563167494483221
0.282172531656221 0.37536735548142 0.507079168154682
0.56961722306647 0.579162228415668 0.857642145030605
0.0655630115729338 0.100511786060245 0.402516725955076
0.795756802239772 0.9586157224192 0.613390889620139
0.0620635262474627 0.223583395869784 0.0608251916501312
0.666249492856717 0.885575138981898 0.467290208045862
0.0474427524018929 0.114505094065734 0.14102564008536
0.715895452785248 0.624213253556535 0.0811232214538433
0.00143629797572525 0.00299961290349938 0.183998631019515
1.66848087421933e-05 7.96168936496929e-05 0.0571880858893308
0.234062799513917 0.392006058203962 0.284623839578178
0.00184708681652392 6.28969894526152e-05 0.321565954041396
0.00857653023410036 0.0707077891573112 0.0231071715354815
1.90648742695231e-05 7.1403721833316e-05 0.0451076540038183
0.443194267515995 0.749222235979566 0.0162306126965328
0.106749901287887 0.586575297901078 5.30650545301071e-07
0.00462709659767526 0.821034489593155 8.48050296098738e-14
2.1455667838098e-12 2.88592452380051e-15 0.940448618146748
6.13235745209375e-23 1.90734829920307e-17 4.30251673306204e-07
2.92442251310103e-15 3.62070155207541e-11 1.14207895903243e-07
8.55430208553363e-30 2.64072256292854e-34 0.245873221343274
1.0454408762618e-43 2.76282161063428e-39 6.38603794870825e-09
1.44063293660973e-24 3.74172203863458e-21 2.79082738318065e-06
0.343190060044896 0.221371116514356 0.713329873332697
0.471321911522641 0.309489115183258 0.65958718832397
0.549470684845282 0.795995750203572 0.413828874135119
0.359094812445349 0.384100394982893 0.741200658903128
0.471664840274373 0.971253580547087 0.110216847587886
0.79943557951196 0.927157826769029 0.686628639244852
0.33180011705383 0.722080959750114 0.135884433447359
0.282495417166248 0.209254969295386 0.910365025157186
0.29296728427703 0.331441180261482 0.666528253643931
0.962856600987342 0.498483155110095 0.193703975081784
0.994063863505706 0.585025579849718 0.24895224016109
0.650460032324897 0.130787986143471 0.0538755986554469
0.361236981019571 0.252974843069215 0.800431176057205
0.0651474578243396 0.0390438775360623 0.987248248625614
1.36964159960443e-05 0.000374954711899534 0.00716773710735786
0.179640430614897 0.0488429375499533 0.384457389572529
0.000184384290174776 8.22695954035106e-05 0.578572129895294
1.27022667602594e-06 3.54378793774677e-05 0.00818370025253808
0.58962341370964 0.70413339511713 0.0456372082558953
0.00814741686608767 0.844294909466034 2.15915361511609e-11
4.96882690181197e-08 0.0499785236857804 3.3088177238549e-17
3.36914194444374e-19 1.07964607821432e-23 0.964952966942533
1.70956601401527e-21 6.71391891776234e-20 0.00184197231498142
8.03561242612915e-33 1.0443529674481e-18 1.02945323672788e-21
8.46916787428383e-42 5.32325131544258e-52 0.920384620487506
1.50171299438007e-56 1.07970138100251e-56 0.000139331315821727
6.58416545906212e-72 2.44492066232554e-58 8.83883674521135e-16
0.320263203244404 0.592887779710907 0.397733379456231
0.311595030692389 0.746010816752013 0.280046350733881
0.320410922690127 0.521835493317616 0.440464888699136
0.0961867712596583 0.486000188336324 0.10480589167065
0.726750505925702 0.519018671902343 0.302379160701664
0.813860939907675 0.978687191981431 0.733873744554248
0.815018829438608 0.252102886386445 0.491232940911183
0.109553161315656 0.700034988852077 0.0715403459192822
0.0320910634623346 0.139526087081807 0.111128309971942
0.39096297950207 0.0259678127373978 0.459039832358809
0.0075775885092957 0.996846896563219 0.00040185829157119
9.61193467798675e-06 0.955368058288233 2.78284804335943e-09
0.134198955716597 0.0595415842927514 0.682630946297545
0.00458109855175135 0.0466760788863529 0.037528452206591
9.14074727905845e-08 0.340980582101691 3.7872727584765e-10
0.000163746931050341 8.09675851000413e-08 0.60800873795043
0.000578211127639831 0.0192918808379147 0.0086238253197477
2.50365520202483e-14 2.8880336300845e-09 2.0659172053565e-07
0.577499082329983 0.569442040428983 0.215300648735929
7.95338733352548e-11 0.517248330375751 1.18730567907245e-20
3.52616075517053e-38 0.49654846405684 4.84182855274565e-71
2.1424499441791e-07 9.74836301502907e-12 0.247039544532726
1.83142341502506e-43 1.80011802296648e-23 3.28931568556519e-23
2.68725070708709e-75 1.89348550657653e-14 2.21747706949073e-76
1.015237212546e-22 6.37822227858912e-51 0.92254328176995
1.20272002900057e-58 6.37685550403992e-55 7.71301090256991e-16
1.14732667403447e-109 2.19707800569215e-51 8.98390400738327e-65
0.277514351662896 0.399292639876263 0.177193257042069
0.785352114069583 0.905011759219732 0.403616365191956
0.345696373956696 0.407932840513937 0.403340210959917
0.94821470253782 0.809408750853898 0.368646625930002
0.769851564432275 0.876348365570245 0.0363309064361257
0.0874374441272303 0.0679527463828705 0.731329022661286
0.0388386936849115 0.0138878866122366 0.0572131712135408
0.229553178345671 0.284741969439988 0.414104250160992
0.00441405696321408 0.0122503141932859 0.0272311812656004
0.90546941628376 0.830500000684888 0.650113107231232
0.264374607509908 0.0675864843978665 0.000829980358310835
0.244434288698263 0.400736620948453 0.0967474213744365
2.20726550197347e-08 1.29817119461257e-08 0.779472440982552
1.06208383678114e-07 2.16716915448894e-07 0.200021512545232
5.55743540344331e-10 1.77540963253936e-08 0.000684026249274376
2.89969989931002e-15 3.75573734965384e-16 0.831512786513281
6.43613094363384e-16 2.04142382957805e-16 0.737678868155287
2.27755077225842e-21 5.3620554281811e-21 0.120071968212093
0.181976840219682 0.19518737404247 0.67813469792888
0.281616518805554 0.0293779616570345 4.16554129221406e-09
0.000695937664168043 0.0763318221552254 1.00695270615703e-19
1.00535882905988e-54 1.3710374258494e-58 0.57556729305036
4.1503233259517e-61 1.00212203830724e-58 3.23607794507444e-05
4.32280444725145e-57 2.12278374838844e-51 2.23098035407297e-15
5.96711468845401e-126 3.7943237756646e-131 0.499615172282063
2.24382707821387e-162 2.92548826712272e-161 4.96120285700778e-06
7.29353548800201e-144 9.17467020022877e-141 3.06856598161261e-07
0.91834448951093 0.691441530404219 0.291485832544369
0.749725172103848 0.79857839595541 0.188400757952057
0.802187424565147 0.450241553410786 0.0233839711209776
0.628402393508728 0.384178755148045 0.497929701681241
0.180151707364841 0.557884368095456 0.0594728551270949
0.901133694016326 0.950554718663962 0.666154305603867
0.830588342664899 0.50523899682522 0.381292141691617
0.0221651592932283 0.0332477358285694 0.345417878664755
0.0260349000971084 0.198714225720275 0.0148153910628093
0.357545248131774 0.355852628008471 0.800930940373425
0.149298733504813 0.533811137477791 0.0314988142911167
0.00640759186374421 0.402587640454807 2.14548995841247e-06
0.000247509100186991 2.85007547314839e-07 0.0490495422859397
3.92539865625613e-07 9.75950938149446e-07 0.0740663459422907
1.97693143259349e-05 0.00380522330689756 4.94377442736206e-05
1.46984223447292e-14 6.62720187607869e-24 0.00447698432566721
2.27029647414493e-22 4.16171750237725e-24 0.0789676749775209
2.53723668374098e-17 1.81201753538254e-14 7.40076122372274e-05
0.916225210954724 0.845494190432544 0.875683545239292
4.30820387612021e-06 0.960123992779579 7.35194529422776e-27
1.12531722893886e-14 0.924132418225113 1.93891816988285e-76
3.66844057026488e-62 6.02831407460213e-79 0.832220905265338
2.8802280355382e-69 1.47625409365174e-59 7.54812325855649e-15
1.12236215056013e-88 2.35370415548387e-56 1.54529396766487e-54
7.34549238388938e-102 1.47141711975118e-137 0.420027681146156
7.07733207521238e-142 2.095719723241e-145 1.18442864048163e-11
1.2898900025798e-153 2.64914012103536e-128 1.44743205605081e-39
0.469162075561316 0.945436020326987 0.140894203918779
0.0515818019651014 0.277918575589164 0.0235181864184265
0.308135568121375 0.592987440975861 0.204475677590677
0.239412578338928 0.0974517668449214 0.49248643865903
0.915270993175816 0.868664353620698 0.926540766795929
0.028879153171733 0.0449549168029524 0.352132128616168
0.601358487701623 0.31516456158476 0.387853476661299
0.504182843207556 0.478626752486659 0.933693255966631
0.299840988642541 0.344394022756388 0.678528750171214
0.0409203823895603 0.260957046255043 0.0190664811312128
0.217805421051928 0.634820216413513 0.0703430745399871
0.923401718052497 0.279743300249292 0.0166376412969727
0.180750531143578 0.154094592132807 0.88370909685993
0.00169499152846149 0.00491389257495174 0.155391050850143
3.30887150385951e-05 0.00517432249578926 0.000180257472477429
0.000233503679312784 6.83915671097819e-08 0.0106295186816992
7.84700512386435e-10 9.51783044780347e-10 0.117327995851432
9.63308729191512e-10 1.79298301087227e-08 0.0107625242935382
0.700577394012521 0.746087954167632 0.827455891864084
0.0142479393749885 0.9279029608739 5.44734632740969e-08
2.79219785509162e-06 0.578046236138937 6.67236162928573e-31
3.1542037958119e-27 3.62610227138174e-32 0.511355729983812
6.16758754232305e-39 2.25709326094028e-34 1.32245315177006e-06
1.12197502077404e-80 7.91393077829105e-50 6.16724394028169e-39
6.42926435639282e-78 5.51378339579028e-101 0.451458678005424
3.19815509785667e-105 7.74391671064991e-104 1.48812954497264e-08
5.80350506239356e-147 1.87072511648298e-116 1.23534895173501e-33
0.85016323692171 0.772169821861674 0.614151477998242
0.606084844379283 0.542327049169017 0.868197532855295
0.0156110322680229 0.391634356123707 0.0132409180336948
0.525062496425773 0.0757654624854395 0.499356996259518
0.416744289721028 0.260101819485855 0.913255771053429
0.834340912465458 0.216977667779352 0.171934420531836
0.103501459493132 0.0671467318553602 0.548911771792334
0.787198733099169 0.369960367870375 0.680157638599977
0.01612582464786 0.115750149226491 0.0653607530542627
0.709856483803125 0.691142519808136 0.875596130461478
0.0534824487142778 0.488712326359746 0.00131362953093853
4.45270970480222e-09 0.489037085665442 5.66550393269732e-13
0.0166903748327378 1.03707711035789e-07 0.187615794572246
8.02145122716517e-06 1.55779536206005e-06 0.0640501189044904
1.13609966919612e-09 0.0227461234462016 5.85122187830624e-10
4.94543302974403e-06 1.37011210364511e-13 0.825458989940055
1.21858644282543e-12 6.17157546057072e-11 9.70686509137412e-05
1.58606908202591e-13 2.77811063113212e-05 3.27218513329506e-10
0.802323874916894 0.780834551612055 0.562826363944457
1.31931578540844e-23 0.295371234603447 5.03693602967243e-46
4.72612514508894e-71 0.191413051243241 1.27028373015923e-114
5.12088451943995e-13 5.76505086235853e-35 0.379365796581256
1.70717599648124e-78 3.71379580123888e-36 2.37222619565285e-46
3.04677474390382e-146 1.68710325100877e-29 6.05505769831082e-136
1.32920626238284e-36 9.06889404117502e-110 0.0485661128445311
4.67512082717866e-104 8.88338786387814e-88 2.66683618723342e-34
7.93899539602337e-179 3.4455883815723e-89 4.98130381508524e-101
0.791606920943603 0.788812438907713 0.987765671940911
0.826665968313069 0.566525709811124 0.0618650640383548
0.252870297013882 0.302487846158829 0.48491406758415
0.0943620715622968 0.103519824090849 0.688589320319465
0.0289140617061572 0.0380155538365321 0.377821974075375
0.0160557463271919 0.010486866057667 0.624141259328636
0.240754942021155 0.0825495209574572 0.0117660265050841
0.033153613581584 0.0180265689688394 0.313114546936548
0.000181843366929712 0.000825795639441452 0.0159028242108978
0.59652581245068 0.626104853088982 0.78054544399182
0.85745607465397 0.714927197082008 0.351759956185552
0.0164067334596507 0.0445127324339548 0.0297143400595843
3.68195868868052e-16 3.58153318041257e-16 0.323488165388996
3.19378148751945e-16 1.4425883431825e-15 0.0324395684475275
2.62897334245062e-12 6.01671200020258e-11 0.00099568080451453
1.12634748692067e-29 8.08199885281451e-32 0.47391055958762
1.73808777471744e-26 1.95601433326504e-25 0.00952635041327164
3.83243346624658e-34 8.4650932357653e-33 0.00768551207328428
0.461870169360978 0.442439002423055 0.94535521881079
0.764792865657883 0.128992909557964 7.62608622144104e-09
0.0359500784477903 0.840087603301138 7.1673194048754e-34
4.33277047735182e-123 5.57855670254828e-128 0.439438186462587
4.04803009948957e-103 1.33803542464088e-97 9.21407737054621e-08
1.36335621603101e-127 4.8930905098085e-116 1.58381913651321e-19
2.66674067021735e-285 1.42536250631404e-300 0.798458126748485
2.55279374628632e-303 8.94590373647665e-309 0.000877820869212466
1.43182931159544e-296 1.17672055865506e-290 1.14351378861888e-12
0.367345972882425 0.152069491543074 0.374844549180318
0.295542587414239 0.0840098012408712 0.263265640110415
0.849451594911576 0.801421141475648 0.937742843973216
0.136545819402201 0.416505996214219 0.0790711997359394
0.0896162856386745 0.0891549133905189 0.637424911687563
0.003046219638528 0.00569197459690996 0.214124960505889
0.0299001149708289 0.00732796708993362 0.609345108441438
0.00660177884675123 0.0233953433642013 0.0959061795925389
1.0700540259384e-05 0.000135148095350969 0.0170604884952209
0.115692573886797 0.132793513356747 0.560805485685492
0.376262307901995 0.423135313604938 0.000125323477037589
0.000188519718244405 0.791975389894911 1.70630129874936e-17
4.34389386178399e-05 4.59489843457785e-07 0.409996398283539
9.55537836169107e-15 2.22253892056675e-13 0.00164985867152978
8.49685319411911e-22 1.70477511398041e-15 8.62225445812241e-10
1.09852138279014e-24 4.58557729107921e-32 0.755553104764289
1.11803776881493e-24 1.15743098140703e-20 1.51450266600045e-06
4.04636304866093e-30 1.05376036977034e-23 1.08313887472954e-09
0.592934362131697 0.413836326738033 0.651062009358725
3.08116406896263e-11 0.3484072896171 6.25676263930682e-46
1.51372015820529e-21 0.97031755712713 1.80401832421819e-123
1.80872139803154e-89 8.40227050905158e-121 0.237729538953526
1.01538175230169e-140 1.34303033886142e-115 3.8000686849271e-35
4.43322814133871e-185 9.95822450742231e-114 8.16409959735224e-112
4.61420398498268e-229 2.24323139175719e-299 0.866871341270294
2.31625659133181e-297 2.00461121377815e-311 3.29560999613969e-21
7.25200314530886e-296 1.90943031610989e-250 3.83257376272772e-72
