TOT AFR EUR
0.868761567751468 0.872402795114982 0.95959423677105
0.68064817564531 0.864730019306758 0.240206371768625
0.75706967011498 0.653924841801362 0.834210185366978
0.667132877706517 0.587776500876301 0.92921095173976
0.436741314688606 0.249773939534381 0.540410162667419
0.755626186060287 0.885391788906194 0.674046621772736
0.527867939014897 0.691321519978772 0.539082673115367
0.867258309801841 0.796301967382504 0.878637634215137
0.685901101180294 0.65706380503705 0.981123118679614
0.677771778692004 0.878179362341101 0.503101928347923
0.740120857126268 0.950608634277483 0.406690613906856
0.730526904377667 0.902975070050607 0.322275310063199
0.822584835117083 0.642482320740966 0.158832970806225
0.501435772689197 0.661243294911068 0.530035411201747
0.192630704369123 0.253647184876948 0.537400870675764
0.0143380878616518 0.00122716776140428 0.261824176198828
0.011824844052975 0.113882410116907 0.0131024269734935
0.00022697811750192 0.00453388829386594 0.00947802799685042
0.386998962857592 0.276271899868219 0.815889895606383
0.199579084294279 0.198773563997715 0.771693483402123
0.624214635226979 0.333242612340474 0.00395594897880765
0.00649229002742231 0.00663245389509586 0.475846553484196
1.94370330744076e-06 0.000165672462610987 0.00229633914307201
0.000127339724673708 0.00295508419065502 0.0149525182542399
3.2876320619359e-12 2.79600942678243e-15 0.872731138812267
7.24785248382048e-20 1.30337222412385e-19 0.0143238633301384
5.25092498206818e-14 4.70937225210624e-11 1.42527909602772e-05
0.298700763915087 0.76229479649752 0.259616758942462
0.380825706011102 0.243699535686808 0.85433269193591
0.080180093377722 0.83539926249979 0.0293052554683558
0.67422290728677 0.829940485688517 0.71181830446402
0.270005777395821 0.145787935895234 0.825962226605363
0.328288034693055 0.653125715703381 0.364463377334285
0.934373530099462 0.730994782171941 0.847632958546138
0.596325306391703 0.865368468477529 0.578196775104526
0.670788879911479 0.633141763510858 0.867429781180759
0.934516579614717 0.467851829337491 0.598514343564706
0.486863561365635 0.698695701560466 0.214241344044261
0.459797249781278 0.647104082017608 0.157230284626241
0.724971009989101 0.435806082030001 0.828799609743266
0.801799069575544 0.285908350943571 0.226843663004809
0.0495328051852445 0.396402933482504 0.0529904233529237
0.105667257649493 0.0204849184192831 0.839657846824459
0.0361035617185758 0.0640472000390221 0.222306046194977
0.0130634489391159 0.0224906827938288 0.150033092579013
0.883214036229708 0.837978689169704 0.982789198756127
0.000147499026407997 0.531990234694792 7.44543318211338e-06
2.26128334852225e-08 0.888933809798425 7.41702973883197e-14
0.0105965771961085 0.000114166469376787 0.881603668821486
1.21842016365197e-10 0.000853947323902884 8.44374212727097e-09
6.88405995023172e-17 0.000267115075632758 6.09885393296802e-16
5.417468496407e-07 2.49047501120609e-11 0.334480645859486
5.14009422609736e-12 4.56351622697719e-09 3.76763265543375e-05
1.25503952043524e-23 9.15214080577596e-11 6.73532637935839e-16
0.0793255376703184 0.0765665939072451 0.86949126832317
0.0539766774904211 0.0615642458935429 0.578387254692381
0.753107563346648 0.708140285090698 0.777293612626953
0.573249575368501 0.632598027688309 0.670576043297023
0.587593558924306 0.7431773810715 0.169091965244992
0.471244370027061 0.49114621832643 0.754330709295709
0.00684824384034061 0.00542957448894877 0.939719570237559
0.47346446948624 0.451456245113711 0.932805367881141
0.946607403760712 0.954038810661763 0.521495466299936
0.355759186606335 0.453951161483245 0.331088675161441
0.645656534343216 0.358881851808143 0.0681788091284594
0.202023931899136 0.372998183478334 0.101640181140198
0.0759940780803654 0.0393982196504066 0.226107283201631
0.0126239625972361 0.021314713489111 0.174226056511245
0.0198278774928585 0.0385824218131782 0.134025193821621
0.00031404603662953 0.000279788852176349 0.802289133686638
0.132438627352924 0.052632583224054 0.0646349678257476
0.00449282021641897 0.00868740941152404 0.168076161354778
0.533501489432663 0.669864339325417 0.236945394521317
0.588294334951505 0.385841772149042 0.148038817757292
0.282509795542046 0.642860707508024 0.00145673817204217
1.05073078324171e-17 3.2498576336725e-18 0.735977890757933
5.33733375286554e-15 1.01031919923163e-14 0.191466889541998
3.42950602842921e-12 9.00915499186886e-11 0.000775651550231369
6.75826257687376e-32 3.79666738089252e-33 0.774762578474109
1.37972267300142e-26 2.82916770251885e-26 0.0585085358704575
1.30330882398345e-27 1.06661006398224e-27 0.225384804827917
0.613766752474576 0.87829926142092 0.391526041833832
0.205510551621569 0.0881799533316382 0.473441215312031
0.274822835708284 0.495667127816877 0.262245978312451
0.453551329137741 0.51761485208567 0.672375612802496
0.44083572814911 0.3857801266075 0.989660678109388
0.962442683443383 0.721109015489926 0.420849267642222
0.941981490430795 0.872315095968171 0.624745796925115
0.447165402132517 0.35505926244121 0.87362939451965
0.38764113371324 0.558499037325119 0.338920044040554
0.301685432553378 0.187017161572495 0.646581885662647
0.244932491694942 0.219955862416589 0.843687482576697
0.353737981351737 0.219447002703702 0.693840532749558
0.578464858373386 0.578948675713112 0.885405568880895
0.00107971432578355 0.00777563248290885 0.0236024618173731
0.00105595487109956 0.00587247303993131 0.0574812311917015
1.21071423005701e-05 2.7253604442256e-05 0.0772207742935342
1.74604895661641e-05 0.00220094877462101 0.000213843667355027
0.000121739235285335 0.000756743171785872 0.0314521698025209
0.925455566114407 0.927532388540192 0.977564279856927
0.0013725337463728 0.279211157857247 9.41349788044564e-07
0.000194587583284042 0.665606739191464 2.35333324530516e-22
2.113790714582e-13 3.41649759955214e-17 0.903499344765318
8.42341889427959e-18 8.04466486003178e-15 1.27819885580817e-05
7.31831088407068e-18 2.28556865527444e-09 2.81558275143613e-16
2.00851296003823e-23 1.55344835554759e-27 0.45052162136621
4.0273773301952e-41 4.08914652090284e-43 0.00132907582370175
3.94545742125703e-41 3.09270445413602e-38 3.83769025015224e-07
0.790721834431554 0.575737614010833 0.610664679680601
0.58119354865794 0.947534480127062 0.190341961280709
0.832366439438318 0.915206567914525 0.791823816617635
0.97075961556385 0.606016300981386 0.327311633587055
0.107192224858377 0.332015513088246 0.0857979635081467
0.250839451393753 0.479587487005173 0.230961651037965
0.00690715305177266 0.0396212225663552 0.0424687250831687
0.889781601601769 0.905870403419819 0.937893566230114
0.367548037877549 0.768270099220179 0.136802201705053
0.609541921934619 0.479969942523261 0.783010041577712
0.596094697918116 0.351292725846155 0.50934396362081
0.0937052787694744 0.463926589133586 0.0203470975425585
0.223494365605635 0.0793084738844431 0.419689651149885
0.0550980175058644 0.213316965645925 0.0638409239719429
0.00153584683508741 0.0390063311007716 0.00194041990568102
0.00912165510997031 0.000209984199336652 0.130257310394042
1.61848787121445e-11 9.7866207445551e-09 0.000291294811057934
5.09647861700582e-07 6.01898009687796e-06 0.0262219467102193
0.965785562475427 0.796687374703635 0.672792447270149
0.117568151078828 0.774432935996302 0.00201764163155453
0.0191213791021862 0.203023154475161 2.46898713952452e-15
1.01275121714229e-15 8.91135134394359e-18 0.367627283999618
5.82322330204811e-19 1.99688849360539e-14 1.96099403225148e-06
4.90787315357771e-34 1.96488960019723e-21 3.68152937852898e-17
3.29613795046546e-40 2.89109836840682e-53 0.420659258262732
1.01284085683144e-61 2.46810306988971e-62 0.000126031314225648
2.8382834216444e-75 1.96501165249435e-60 4.50587890386895e-18
0.826393496008816 0.778686154152094 0.959497444921582
0.915334295014702 0.575766901610115 0.528266903856401
0.736893563047848 0.998045555570838 0.651532474697766
0.82668871557207 0.766003851780983 0.575579646994414
0.680317253748301 0.555906301890848 0.965576428028656
0.0385470572868562 0.386628625548911 0.0415875569722944
0.0641005413518075 0.774147108159986 0.0267130106380986
0.34085737540355 0.244384943733753 0.0234088888714938
0.379402932204069 0.707613697309111 0.395155807960048
0.190519983592135 0.670387001319801 0.161646288550801
0.269952195611211 0.330443442004709 0.0199571837481782
5.37997196225602e-06 0.922654841413611 2.68897428130424e-10
0.0551048975112354 0.0495031802350942 0.397608254806933
0.00284695301600593 0.0127189031833178 0.069071267079254
1.74841304360087e-05 0.0682025601368406 3.5321517142776e-05
0.00389138547813681 0.000112479945482248 0.575969295073562
9.12175177036486e-07 1.24870409444236e-06 0.0194820096354869
6.20870971638483e-05 0.00649907962185354 0.00259764818675394
0.266719100320387 0.580788701554006 0.316315738757717
2.66141149653839e-13 0.787657229176702 2.34412090312685e-22
6.24078090283697e-37 0.833862021998705 1.32695568262133e-68
1.89958881893168e-07 2.20458225567508e-16 0.994871571971557
5.65234490434747e-40 8.08202617340679e-17 6.85217263325002e-25
1.80880546741457e-65 4.94468538712868e-12 1.07293613420327e-65
1.77445029461061e-25 1.96409060442087e-59 0.944883423838421
8.04773632435424e-55 1.67252756522376e-50 5.67723920786054e-16
1.65852724897204e-80 1.46426660915208e-36 6.55468046172271e-49
0.582557658671804 0.536635089198823 0.780083829899425
0.560887039755246 0.606597409614835 0.708658630792557
0.277789419986599 0.250727027865965 0.856844817485584
0.17304781504347 0.18536041916727 0.708234597098411
0.456330383458642 0.361120478995067 0.446586772624524
0.300478549594249 0.487736076290055 0.0315399073568143
0.228198462708054 0.309997086521239 0.277161457388051
0.043805946111214 0.0646207089542021 0.223062587254899
0.832018531264484 0.957178892907719 0.436063528493916
0.0194805483433326 0.00906970884112764 0.285722529007242
0.554439259050591 0.763934643160392 0.131200803736499
0.699151197872937 0.920019124271237 0.00806333537428412
1.24956317200947e-06 7.19619688229844e-07 0.978679441435894
5.31079334742249e-07 1.80409551354438e-07 0.720214134623871
7.19112264098638e-11 2.75862286307715e-09 0.000234640917383643
2.5321065692383e-15 6.47054899336991e-16 0.878420644072197
1.25817835572935e-20 1.43613054943615e-19 0.024674713732186
7.27101334902003e-17 1.05603936408364e-15 0.0044262601125785
0.282434698205268 0.220484411003308 0.531111377402319
0.555841344019934 0.719826116722854 7.38767343604894e-07
0.284515908106109 0.559120641716722 1.77681956358384e-15
9.6308452236458e-58 1.75352488645865e-61 0.658441798091691
1.09621329578284e-64 3.42906640362209e-63 0.000521890225835977
1.43095420888038e-92 2.05134456489774e-81 2.71990100824621e-21
1.48125502743844e-153 2.13102102125643e-160 0.553906676563204
5.26061383278708e-161 1.12204101101958e-162 0.00895730638887215
2.67929570864346e-140 2.22351043259794e-132 3.36437523794096e-12
0.839605014899045 0.961547733130847 0.565855176823878
0.647729370416649 0.830757782890873 0.536705700998868
0.092724773298477 0.175324132721943 0.266764054175161
0.426100365210534 0.221739200099259 0.496943029458396
0.13055105454527 0.211362257632544 0.330786213021974
0.844865371113693 0.944174492090007 0.757277740772187
0.066766517520639 0.0312260665744651 0.86898791843042
0.0667370484940139 0.10955152711771 0.328235292217771
0.0376440352156203 0.0538972305758415 0.37177207341516
0.439207383221446 0.530455938708551 0.600662891903945
0.241545044605071 0.932798554980978 0.011027789976985
0.0910673610907807 0.949715340373697 2.2894913905092e-05
4.93291457357394e-05 0.000145332118989984 0.0868244677456992
0.000615808565303563 0.00184689652825193 0.102646933005734
7.31148113829271e-13 8.478172928082e-08 5.35163967419533e-09
1.93147615966864e-19 9.48718068828174e-19 0.00311095895305924
4.04675715823101e-14 2.36733500977695e-16 0.394210859477831
4.21517006365506e-15 3.38969698592148e-12 1.91235660083898e-05
0.491329713922236 0.627693351883839 0.0115928674128762
3.72738596930621e-06 0.907706950727965 3.91640834828533e-29
1.7950562777325e-18 0.320030968249317 2.10039477964639e-75
4.35664967696694e-51 1.47461193831386e-68 0.346520026913606
1.7451112137973e-67 7.30944322026869e-55 1.33752659675862e-17
4.8880430847927e-78 2.42179066856766e-43 5.21352923396109e-62
1.41500564213152e-104 3.22478650239079e-131 0.431306164669624
5.45194461907255e-130 7.20305322210473e-141 5.34767419942664e-07
1.65630694010499e-158 9.87516832632744e-131 3.70847040155429e-35
0.645877944859104 0.538502871897496 0.841637157975962
0.0865033301477108 0.13805005411409 0.386153483022061
0.732799677202668 0.289727340593614 0.189563256588531
0.909149762095065 0.731594717790858 0.343480334127405
0.381734723669588 0.47898157969007 0.57642480268698
0.767608138476959 0.835879915644233 0.802586175141135
0.195101695729892 0.039850603476075 0.221416459508582
0.209164110705455 0.198901603998177 0.804268076022905
0.186667040285694 0.30037685135349 0.384890342078483
0.318650816828501 0.571388308765173 0.261242969174728
0.873819090116118 0.378879572589857 0.0354263333420615
0.0615467327651098 0.824486278363876 0.000202793523106595
0.000868360184364282 0.000100605318072409 0.765910026458216
0.000527380182872922 0.0405115716195174 9.28530308594988e-05
1.40461158475952e-08 7.78110975390446e-06 0.00010936657923214
4.41241372040049e-07 1.86903961073157e-07 0.371062339592172
1.5219307748858e-10 3.49049370173763e-12 0.627878633100334
1.07069187403266e-15 6.78060645009069e-12 2.62864387105829e-05
0.06615489148203 0.380640122497258 0.0173858226164766
0.00597755556707829 0.803471292361225 1.70280001590539e-11
2.53224887979628e-05 0.138943009466238 6.90914917156967e-39
6.67347618591764e-28 8.97713659536414e-31 0.156320121350411
1.73540397076328e-37 1.33973196335795e-35 6.04337166544656e-05
1.32817435872112e-49 1.01172326384582e-26 1.36437064655234e-34
8.11312936641609e-94 6.68244364550568e-112 0.225421116046256
4.13397559123499e-105 5.68371632799485e-99 4.1954495763204e-12
2.23215268078163e-129 8.0760934198572e-101 2.97153740667964e-33
0.833341361561278 0.445315102630829 0.706148638684633
0.299658441891318 0.339367269468228 0.0277387751888651
0.584280232310582 0.0815698675598151 0.458081499490893
0.264730584631104 0.237613113898694 0.62982345500754
0.474176635205316 0.589750400886489 0.619974019383564
0.337109941087233 0.534133136490592 0.457585488209484
0.323862753748763 0.117287009236439 0.995992547981167
0.672485018408622 0.567089568492618 0.941183387617094
0.0286464121761026 0.449256529645941 0.023976726547938
0.23271434772181 0.129117514390071 0.766792605309311
0.00210495299852457 0.994214916802647 4.64083743808282e-05
9.5317905628489e-08 0.364174502772368 1.59795089086669e-10
0.268464714250532 0.043235125430134 0.800344650240526
9.04412095420947e-05 0.111145423611689 0.00010884953545913
1.59326143608269e-10 0.000190969032127186 1.19856653451413e-07
6.49586556239306e-06 6.74899605734958e-09 0.278597625769303
1.92649388569339e-09 8.26479459916433e-09 0.00172747142890528
1.7431396184418e-19 1.36647589604753e-12 3.44700052535979e-09
0.987206656882212 0.591734897003996 0.660882003633894
1.99837292078585e-20 0.29441926497101 1.24225673036753e-40
1.18587735687685e-77 0.615454382226241 5.02380034432711e-143
4.16621906071766e-13 2.53177524334005e-23 0.268075089204101
1.18905639678184e-69 5.04203057541097e-38 1.08179495829706e-35
9.63996851701872e-151 2.04799292413015e-27 9.8532062823418e-147
9.56180215433571e-49 9.72211836234911e-121 0.896061167880063
3.63703565726138e-115 5.24865549529808e-104 9.22891381806229e-34
2.68147880705377e-219 1.28871372182357e-99 7.53772801231406e-130
0.567445516451113 0.810047372264788 0.084625093683275
0.620576396720712 0.592492982743979 0.887871788943398
0.290242526731125 0.506368508329672 0.0280149919144834
0.00863954241318686 0.00464223942855881 0.454837308595753
0.0263027480838317 0.020104756378756 0.789870436907175
0.0267111318628047 0.0382225721841804 0.328444389939481
0.0100206290952579 0.00851638395285992 0.953929206339171
0.00179678130467361 0.00423172269254898 0.0845202892620394
0.0341142651449503 0.0481017180148219 0.295102126343269
0.703534062730062 0.506077884708143 0.187458327800551
0.239892837851864 0.314126760903108 0.348734395227141
0.0112881702629636 0.080214991193153 2.41750091820602e-05
7.70415592624512e-14 8.61381359600705e-14 0.334766359326085
6.9280085491037e-13 3.5796943229319e-11 0.000210668060360039
3.57761792488537e-14 2.77779289904894e-13 0.0150774048526125
1.72102327398406e-27 1.45458663648516e-28 0.782978691912718
2.66365918887091e-31 1.44032054726692e-30 0.0316997430818235
2.24201397147946e-34 4.94256140484369e-33 0.00537799744017325
0.648360746182459 0.536574277257327 0.40203838152123
0.500106337220126 0.558489933892637 1.11552975393504e-10
1.12592126724585e-07 0.00400247446465061 7.52831885898961e-36
3.32844794523686e-119 1.94427577164143e-131 0.00701132043671738
4.0006216558038e-147 4.13116003128073e-141 2.74753636327213e-09
1.65981330097116e-122 3.35135708993081e-102 9.9609403427599e-43
3.51272773169832e-289 2.64160196647956e-302 0.637690530732913
5.79403043527241e-289 1.56115400819378e-287 7.25783165334313e-08
1.90702419620443e-291 3.2612718274069e-284 1.39562359181603e-15
0.923276319493931 0.731081634473686 0.342635233915784
0.808461254901906 0.443251018801549 0.312429278169796
0.461988996706947 0.641125119635234 0.45424968369227
0.155768028023782 0.799121099288699 0.00332408375405885
0.101612468214945 0.192380221466318 0.250064763256632
0.0806066985900002 0.127554786117556 0.336368694837653
0.0276684657986101 0.0710339715751685 0.143573770128004
0.0174528382756758 0.0111028606725962 0.753770615532498
0.12676350843085 0.0824508609544432 0.969091002501945
0.801180778007091 0.813355082995061 0.919614480163176
0.0614458607374385 0.679351685395046 0.000456338695782654
0.0792864122050569 0.554089058294012 6.17802256004151e-08
1.85743842045998e-08 9.39727141781398e-10 0.581165744384025
3.48590413868208e-17 1.96192603345913e-13 2.86416262636163e-06
3.60244195874309e-14 3.0564200583363e-09 3.19728409290839e-08
2.02641799733035e-21 2.94815153641052e-25 0.389564073928715
1.86250420231283e-30 1.65634596900425e-27 1.53087377828921e-05
1.14724592520051e-46 2.17514715177242e-37 2.30899758991722e-14
0.228272256027311 0.145892840337596 0.852170621333426
3.0399656556756e-10 0.46739912110412 2.15729496187762e-38
9.16846913760002e-26 0.912198067452441 9.75858604582264e-144
1.66795745376298e-113 2.68732304920375e-147 0.867547598718718
2.06385560479714e-160 5.36772219287096e-129 6.1758500113429e-43
1.33696816152948e-181 1.59760688023773e-108 3.20320997340057e-113
7.08486999516585e-209 6.35812744804879e-271 0.962842248202585
1.18456795649274e-287 4.01251504339288e-296 2.18105648992991e-22
5.12613295940407e-302 1.40476944219533e-254 4.69850376272478e-71
