TOT AFR EUR
0.887269581667616 0.865653825188477 0.985278925739759
0.635491298541331 0.673405401237174 0.821180884933529
0.928831860239707 0.812627164263257 0.782188565803705
0.501047382942326 0.413913705953347 0.911407956682236
0.866145484751971 0.476538850571881 0.34173068888594
0.166764008829879 0.172522504769644 0.669595692964617
0.162666555506272 0.193477437103742 0.600322024688459
0.199046571714689 0.383580199969519 0.259632963075756
0.176713339148707 0.232070142483801 0.530006407845637
0.93009946233843 0.951384504488843 0.93926966758596
0.134101102313456 0.406496149837339 0.0957586221438331
0.0386512586085692 0.326824322484081 0.00634282432021906
0.960894331394655 0.941473324961251 0.967292032519492
0.015696398765809 0.029152881686117 0.271582977067358
0.802482094562764 0.955521084156162 0.647036639986437
0.195031736019885 0.34201196260743 0.300574525265858
0.00523791141896983 0.02378041532379 0.0731201454868585
0.0103223617463528 0.0315627726251988 0.141292280750645
0.308862899334365 0.279455953810291 0.891139509999626
0.925844359845258 0.420989186553854 0.174649532655158
0.161426749840163 0.681095514677335 5.08620388552082e-05
0.00100883133964468 0.000150732566328397 0.780765099272623
0.000169718798228697 1.29964172856038e-05 0.836744408906344
3.12081230959729e-05 0.000673757362342748 0.00723892549405356
5.17059280791878e-10 2.78251534713808e-11 0.39982577497391
7.43468632387069e-16 2.25900632915507e-17 0.217777558186967
1.67875481302187e-14 1.39967088064268e-11 0.000127358900372738
0.739494794283753 0.319458997194664 0.690138679334875
0.938773360285175 0.599618322807849 0.708656139343842
0.0383984074094705 0.812134352260787 0.00513105699243971
0.078445357406874 0.0796148225261472 0.408256347961732
0.176687929797649 0.462914028265583 0.237404257580131
0.0903521842427587 0.0457786943127731 0.524086102337652
0.285067874558994 0.471432515125053 0.432255058388902
0.0645943992210219 0.253415460258491 0.144412846913396
0.532260983367991 0.790168733538114 0.300360385833212
0.0946041436123676 0.731302955154958 0.0506324619932313
0.802498253753021 0.270590246444612 0.532289667117842
0.198074047484954 0.42569458692046 0.324138175590856
0.734678782511297 0.866893068431575 0.754781044322018
0.0717209307423869 0.0942771128151528 0.30408709328827
0.0676314174103193 0.61531176708995 0.0448741635247388
0.00500055532442189 0.000816010424826689 0.37983200647792
0.0610990912945578 0.0222716801066625 0.507746351383422
0.0212979395825875 0.0348739562677741 0.192795049824646
0.829841156693373 0.132951928136034 0.322035821793837
0.00822509547111197 0.605145338865684 0.00243414250069485
1.48669514245754e-08 0.77206484059644 1.30075124097655e-14
0.383998690886303 0.000380039157595389 0.0553673875177948
1.16950764388501e-07 0.00167252377096916 1.51823652769457e-05
3.19323205216641e-10 0.00309500838433923 6.78649768852738e-09
2.83656596251812e-07 2.22422384084609e-13 0.636140687760667
3.42849090514073e-17 7.2930806780002e-16 1.10819955923463e-05
3.49371058907857e-25 8.62530512070256e-08 2.11844049509725e-20
0.580261887069513 0.738827142223358 0.268983351420043
0.382138897584468 0.460414074689585 0.371878343079334
0.984257192687458 0.901280413361609 0.624520616990559
0.731875189449964 0.613001351315785 0.437665694625967
0.478748870191192 0.501799584631476 0.769194990264514
0.348362845661317 0.247885935447064 0.206803494972566
0.00314789417008276 0.00646571352726945 0.209077481162146
0.941940466032628 0.731261956173864 0.0876098771228372
0.342397349548839 0.655715819440387 0.0202069349556143
0.591967860748878 0.704901062101199 0.264701623749336
0.8661844576298 0.599470884672676 0.0601131453879912
0.16492504805855 0.320731539631228 0.0585115363291021
0.126839297382762 0.150584421882763 0.359170979814543
0.0339751486296288 0.0092670607918731 0.0329902242509443
0.680799987500048 0.575335682309559 0.460447775553596
8.81597605389816e-07 2.87371542123967e-07 0.552992195941637
2.09108178157462e-05 5.65940875679865e-05 0.116398005877701
8.94477905604018e-07 6.36786970334049e-07 0.816573908458923
0.199156373556858 0.18138037146676 0.937874404787198
0.483097979632445 0.749586058167269 0.0380109398702884
0.598625994336449 0.757101996461807 3.81873291891289e-05
2.28102776062891e-17 2.1129487820118e-17 0.296356356560505
5.98746097366413e-21 1.73883428457602e-20 0.0994119710227011
9.11443557866477e-13 6.19972438887751e-12 0.00415892863427126
3.58763565177873e-27 2.41194013038091e-28 0.783632305167798
2.69148317568697e-29 1.59537319548194e-28 0.00503444884284959
9.66630221229122e-36 1.0207881495938e-33 0.000837454505210598
0.333690918637791 0.153857645006926 0.510283406638447
0.889869507022491 0.977339624776648 0.785708925435195
0.205763839899886 0.494182590106343 0.183112408822283
0.299412023805282 0.391617711542424 0.463679091794363
0.377312073826547 0.489665801986828 0.508294460039571
0.713691964854645 0.678819942016293 0.996306171773391
0.78031765034182 0.384393443658859 0.234542114523885
0.0280064666930162 0.0536296282117954 0.259271816857836
0.0880387677174415 0.067482916472538 0.830652292874911
0.696465192080923 0.660369814736858 0.998170546948163
0.046058287000479 0.243767086480724 0.0302051841980655
0.98409573910037 0.264866245737981 0.0179341040399442
0.115810548125696 0.0196601505376001 0.293810771773868
0.431115666892318 0.399353720119269 0.911994391997404
0.0903248231959963 0.247046681309965 0.139308955167052
0.000479093527467599 0.000219496667033477 0.584598143021978
0.000328833748136213 0.000190326531152922 0.407056856148989
3.42538873165589e-05 0.006752726058203 3.10076540703919e-06
0.27363671604793 0.355413972543779 0.50252610244554
0.00479477170052839 0.243205200736711 2.18663239484095e-05
0.00187803002679856 0.907948599302478 6.57214939175195e-14
8.86658434002293e-14 6.86465136897823e-18 0.985425649714271
7.81746193323644e-17 1.24239430526643e-15 0.0041240807907549
2.63419465078715e-20 2.53859863684629e-12 1.33783413202341e-15
9.13164416627797e-27 3.98039999140331e-32 0.497034988541083
1.67948981762954e-25 2.63361570089052e-26 0.00481675067150115
6.75133651783556e-35 1.60937547859415e-28 7.86182228053279e-12
0.913288432410753 0.321402528972392 0.0187201307115826
0.669664615612406 0.274610096537793 0.189940537307845
0.66788625926181 0.884081318477549 0.482550680263015
0.115785476293751 0.43924218877552 0.0435880763799018
0.532324202793498 0.355864794431755 0.652152736633418
0.532666620850907 0.456286766945223 0.93975531971038
0.513460276047734 0.225398233832992 0.300507901326043
0.169785776138436 0.219823444657106 0.529942544636177
0.21338315113724 0.173021869403034 0.936872379090627
0.137504897184017 0.391725225936864 0.102999554565922
0.670769464904738 0.883497235205309 0.199060082043308
0.535344542726138 0.4178801043011 0.00335102843082072
0.00355747839453233 0.00366884265325165 0.465625431046244
0.0355758318046656 0.129433586942901 0.0886628838838936
0.000114698584499428 0.00321338596732074 0.00512132325119997
0.0014623583051978 0.00124991923776816 0.490664836272006
0.000950591759866096 0.000223609056083885 0.96019038360037
0.000221135386277392 0.00098691476275023 0.1018268462215
0.409467723412708 0.319779205369817 0.898462324146143
0.0217031206833541 0.950329329146563 1.51506379750614e-08
0.000212755489286676 0.822916236771606 2.6875732779981e-15
2.54228454283068e-17 4.22235103564201e-21 0.813151927290831
3.17530858371313e-16 2.34949209884593e-12 2.48283380448919e-05
8.87555060971944e-21 1.76498103031858e-11 3.50075524570442e-15
5.26117226712308e-47 1.7035642606149e-58 0.629458398181552
4.32517880431132e-52 8.58920297969035e-54 0.000651330646600276
2.39771725768268e-74 2.04234912442743e-68 9.13100333956393e-10
0.253233011780119 0.182444888039799 0.711511919449002
0.886583622224826 0.740629136005056 0.633410834405965
0.755611706820592 0.644585605657668 0.418748509907235
0.593687280693542 0.979777933693328 0.458737825579058
0.614252765965652 0.390254875769963 0.958549940985001
0.143528316993729 0.714731147451692 0.0222181911337191
0.668962829094178 0.566882331014888 0.280191784579398
0.0863975332711158 0.186825384100815 0.240574830129331
0.813074825242239 0.84931155416836 0.879580672353261
0.673717792155046 0.4666846358867 0.953103396100844
0.0722663989404885 0.937269289783212 0.0139709143514472
1.47539258540597e-08 0.00640397084930607 2.29947650676905e-07
0.863995925360982 0.0552631295158914 0.14357854603278
5.91477442842339e-05 8.54798964715514e-05 0.0394095127917438
0.0136506142474815 0.435619348136135 0.00892910711515116
0.0244630069020436 1.0207198034566e-07 0.10327794476863
0.0548030086962684 0.284337468459933 0.102863417178804
4.80015855063694e-15 2.97385224941786e-07 1.12979545066903e-09
0.274489737878245 0.205414756816614 0.693249004022045
1.31643317885854e-12 0.919895034557465 7.19046480669859e-21
6.15696217423288e-50 0.606697751363263 6.37681771966378e-95
2.16869610932351e-16 6.94702639134498e-27 0.0508244198968204
1.28835759783084e-30 1.02978861150667e-14 1.17108913178951e-18
1.89605160547906e-74 1.02130995620811e-16 2.5425728267161e-67
8.70770291567209e-24 2.9456255506297e-58 0.903731136125617
3.11705367770514e-56 1.11718115738012e-54 2.69469013260702e-15
1.4762614406328e-90 8.62532819569278e-37 1.12163441176621e-60
0.330718325220613 0.291267140519785 0.794270455763979
0.42405391319434 0.57355373154176 0.216120532398758
0.993010740599682 0.765539121879908 0.118406298233135
0.198822963257462 0.403114333951602 0.0290150540924666
0.110736611766289 0.144158079724763 0.39744311890476
0.0434702070154232 0.030138812280742 0.644088841145641
0.00214552223353888 0.00195816125104154 0.797687180279202
0.159412557402236 0.0881763447114514 0.199894597764469
0.000153796785574301 0.000370442568458888 0.124860876664231
0.244763250614532 0.229687114984072 0.971793854711142
0.96115518197225 0.709931961427261 0.0827723548792187
0.366060559605401 0.898469533406491 3.38678233837197e-05
6.54027897569923e-07 7.63015448737465e-08 0.152654622096044
2.42462631075792e-08 3.52585224907027e-08 0.26909953476848
1.38385779893452e-05 1.43621987755969e-05 0.512395569176701
3.68496916299581e-15 6.06297175202195e-17 0.202498940373155
4.38683659390156e-16 3.64050897014908e-15 0.0276060929886339
2.3105038964114e-17 1.57002236680377e-15 0.000548121897373354
0.77962353979067 0.629317860494948 0.358113938498751
0.205882693968911 0.480574320004717 0.00101808515846369
0.78388352504743 0.133928505442233 4.15296153126364e-16
5.847997779609e-56 2.69686347435551e-57 0.283363477730818
1.52007562992438e-60 1.92851624782231e-59 0.00454213288035756
4.39797511178478e-70 8.4017879827823e-63 1.21251097479615e-14
7.85313459052224e-135 4.36951189935352e-144 0.594243400219502
1.39431367943371e-152 6.49915110361693e-149 7.85923150048023e-07
1.48545381537895e-156 1.75531965459347e-151 1.47605593017069e-08
0.82324838917862 0.765307342654315 0.925665216462428
0.35358291339941 0.277083082214751 0.938030585951832
0.385577716416922 0.825086045356041 0.110277929685344
0.00494018522720045 0.00365777973044593 0.552432330718423
0.832068957315127 0.539349215134952 0.0670944503189682
0.027411251596282 0.0341388857992496 0.424841727994922
0.493640630928685 0.0584404773821612 0.0252028097104156
0.0282277222500587 0.144858477063864 0.0304709979946614
0.0155934228890851 0.0753487449693987 0.0521607806579849
0.578558475133512 0.607630510174186 0.811957792427085
0.343765140466139 0.179904727496993 0.56686130466704
0.0121978071724433 0.937705120764543 3.15719203478148e-09
1.19328338151491e-05 6.21707220787173e-07 0.987867554451227
2.51781225795097e-09 4.92447132256235e-09 0.0605416772464659
4.39394032568383e-09 7.50070111029918e-05 1.5061481302492e-08
3.65709643058436e-20 2.20575745546287e-25 0.942414267772524
8.20819193372254e-15 2.67434267723519e-15 0.0534638649953354
6.09841698156374e-21 1.55241818619479e-17 2.4739942896217e-05
0.280193368333251 0.372974266469951 0.486702982041794
0.00191944632982356 0.227340795844707 1.02072358943617e-22
1.12979701836674e-09 0.179187849610897 6.87037315528587e-69
8.33660581596371e-48 1.01998226477183e-61 0.947421382097299
1.73791913075245e-73 2.18422199002234e-60 7.55100248730321e-20
3.05913724493741e-86 2.80219009960787e-54 2.69840679525985e-50
2.60102940297171e-117 1.02915039659875e-152 0.775736903938949
1.37598887444905e-142 1.55960853941224e-143 1.58442849084374e-12
5.38710500108458e-149 1.47380246711246e-115 1.83218352730818e-46
0.734674402071674 0.647815754926577 0.880266380210365
0.458525377185729 0.599250467052648 0.540263325245948
0.124951993057401 0.429171746539776 0.0665318591382299
0.43523195707735 0.328691037298276 0.83136626578802
0.504971195630626 0.882838333062408 0.221373080741961
0.529400672571781 0.650817181398742 0.598750553636225
0.214678434784949 0.035059859887152 0.15997771688503
0.0360059943393748 0.0221546965729454 0.885946220609657
0.0946153471557349 0.0166863985015946 0.278838343337402
0.827410856786002 0.425702087108678 0.247305764844302
0.167168340456113 0.0306099112431514 0.204464646670975
0.21008156515379 0.61506599219978 9.40831666021537e-05
0.0308043793619136 0.0531393823830976 0.300324934872059
5.40036694184527e-07 1.83868040666537e-06 0.0921215861848825
6.63183144920251e-05 0.0226298001286641 6.62702542346901e-06
1.75314171808387e-10 1.32154869476888e-13 0.62669658378264
1.26871409338955e-12 4.5527834853934e-12 0.031180077684955
1.74238177516477e-09 9.33805000989082e-07 0.000150574073826097
0.211237660378838 0.142650630473813 0.892831840283468
0.000182889357728376 0.457700713736678 7.19414191004555e-13
1.27903932700723e-07 0.395730783591573 9.19157361942256e-42
6.40274207580414e-26 3.13513137619797e-36 0.0898143889074985
3.88191518301948e-49 1.27306640881412e-40 3.22294601041669e-10
2.52563884700416e-49 2.89752016518814e-27 2.62391603802127e-30
2.06202495051825e-82 1.45736797137637e-95 0.0975985991874602
4.20008718679514e-114 1.48039581740651e-112 4.29251890980326e-09
5.12373907763419e-155 5.22385262075407e-133 5.3985132883563e-26
0.520636509312753 0.0856448135047355 0.538370173236436
0.293106439756788 0.332588889375114 0.564914270798837
0.238257598996972 0.886374939388339 0.0902788434936722
0.13009784743484 0.110821653546662 0.517278051216306
0.0115258543641028 0.0013267109926716 0.540505163168949
0.00236193186180836 0.242289754402359 0.00236878899857979
0.653265875795853 0.0944464871852831 0.0440762754277285
0.257461966608262 0.763926867438648 0.211194421863284
0.00530877850428324 0.000236088774800327 0.561200430937913
0.768855102762058 0.852326784957619 0.582993325402458
0.0133594061081992 0.53240835580259 0.00545848358550902
2.19993950625835e-07 0.582501565526519 2.12360296672463e-13
0.0188548950897626 0.032080365753985 0.188448227625199
0.000967541089081568 0.00902463525885811 0.0318407528575744
2.59373076274666e-13 0.001893104253035 1.03284281397346e-12
0.000963548423047709 4.52585494073504e-09 0.62792332171685
1.34883486382001e-10 6.37759521018669e-07 1.65075432097873e-05
9.69510488411747e-27 3.50134247945237e-18 1.04944403483419e-11
0.542937634960595 0.996970371155742 0.414891464169866
2.71588093409503e-22 0.223385611090745 7.33669659341378e-45
3.50928633063668e-77 0.614478132613769 9.25622796056831e-143
9.77935544351294e-11 9.31519951202182e-33 0.124690922765305
4.98508042325789e-76 1.0311446312813e-41 1.20529710780472e-38
1.96032086900465e-116 6.03599365938712e-21 2.53478706087189e-113
9.60643790419369e-57 1.2014092042291e-128 0.451647775987647
7.32891375231883e-116 1.42960647139848e-94 2.21583768757307e-38
2.86593193221334e-194 2.16014934004768e-91 1.82185172777983e-110
0.0686441575380723 0.0880993172970874 0.414194665127788
0.564150588561539 0.739528280127791 0.196378982229727
0.477811717831276 0.566906081864002 0.472186184855938
0.0748311674290467 0.0496541418367916 0.518497035235623
0.774033662914878 0.81647602473051 0.760351262798212
0.977211293997966 0.971976613936546 0.760284988582745
0.00301110113097768 0.00372284490708374 0.481777856873397
0.00406930379698898 0.0032527587536996 0.997169540776306
0.00659720236159728 0.00821034239667282 0.469359014223624
0.165700935562653 0.239528771288214 0.241846128297079
0.829303965709246 0.942044278503265 0.10720530695246
0.148270645942121 0.48816181187925 0.00010835862961444
4.35417624085211e-09 1.65510927454628e-09 0.9602808104693
2.37639572992487e-08 2.12869724660441e-08 0.561953390506186
8.16564846433325e-13 2.04020782008959e-11 0.0021039622365364
1.51050502907205e-32 3.32897878883261e-34 0.993592895719505
1.36742314450443e-39 1.13537799543128e-40 0.464312526993617
1.94965752489748e-33 3.89469616053533e-32 0.00894493097638556
0.264499041810499 0.212169933573043 0.612421379948235
0.133178368600284 0.829437160466549 4.05303800046242e-11
0.0496101628438245 0.667477044158272 1.30494843170202e-35
3.78904545448575e-106 4.26095397939719e-110 0.485659618094926
2.26985046489977e-142 1.30288367309687e-136 1.33683339105516e-09
1.00907080095975e-133 2.02791226517247e-121 9.64642718633062e-20
4.25115668883415e-254 1.51419269067772e-267 0.909411575563552
1.52365190413237e-278 3.11897229189734e-284 0.00215782946142822
1.93813142230566e-288 1.21768777253353e-275 7.76123509905555e-19
0.45363273619573 0.529859580078407 0.643949396534851
0.918764818058473 0.609953452061109 0.418439579578483
0.775809431479062 0.644180707604829 0.775720654938665
0.152793881820771 0.0896393617893092 0.87767037123271
0.480380159180234 0.650503067053544 0.474348541202109
0.0106749578799205 0.0785889537637527 0.0187827287066741
0.00250929182364865 0.00134487686262376 0.652606980458129
0.000406064522029116 0.00025859599515266 0.440349045188523
0.139282129426702 0.385619330081598 0.0987143718342871
0.570843162941352 0.75167756890669 0.500378955463066
0.00512974572772096 0.427969718247963 5.89795216184515e-07
5.4357048444448e-06 0.225519916966257 6.75563469351349e-17
3.84714530432192e-14 5.97862219062988e-17 0.613524353411358
1.6339826759735e-14 2.96443925267968e-12 0.000395479927517929
4.4154514088012e-15 3.13237749054351e-08 4.67894034709727e-12
1.55576482291493e-21 1.09660276622925e-29 0.260184458384221
9.38413160953665e-28 1.242506943893e-30 0.0662624462783346
7.3249549216944e-42 1.31299093711823e-33 2.75366307124711e-12
0.54696359798033 0.503275229403741 0.979313780499703
3.07714904343652e-08 0.820299660657456 3.62467305335489e-36
4.73080192667582e-31 0.96783251117323 6.78164534121924e-171
1.23729995390341e-91 2.54403915447229e-122 0.470177726347778
5.47490902038491e-124 3.80835828419092e-99 1.85326590713594e-35
4.8332669019592e-161 3.92342161821929e-95 5.26567356308702e-106
2.0804916693473e-236 1.16537543611927e-295 0.0788224381916745
7.02943585864033e-269 7.06340456491345e-270 3.51730536842187e-25
2.77460132220895e-291 3.79912059984339e-235 3.75357954206357e-79
