TOT AFR EUR
0.588290081127526 0.343192402601232 0.50059831338582
0.559632761953885 0.563117838137595 0.880365404545203
0.313445998782497 0.165344353417523 0.627924534562425
0.706688688530719 0.287754021243338 0.178124247824363
0.638093651850957 0.928007484859474 0.369914248206055
0.503875291380686 0.371315051472918 0.762269621415288
0.153360091383236 0.0741171433253844 0.718796040357448
0.789304826667827 0.981325185641473 0.533464209350403
0.890242591106895 0.643497576440788 0.519501207376233
0.565608894040894 0.865334074623652 0.38333224832432
0.939166490330072 0.236664492208441 0.0462854464121404
0.488300592328512 0.248556103529139 0.436566427522383
0.955217910420542 0.921878338768801 0.726408782510906
0.0116279264072677 0.0111688975145642 0.601679125347298
0.0651302098035017 0.521264488327205 0.00339706632156466
0.735772084610377 0.540321042282378 0.659287387658303
0.0623268254069992 0.0105368266794095 0.29316797662929
0.00319950451598099 0.0103942805176982 0.148949175666381
0.860230559743082 0.715041354604879 0.70481939273502
0.366080780445859 0.636560469995344 0.291872928350419
0.0735674453631536 0.858257267630638 0.000222591189245434
0.0394023454217647 0.0468618977585011 0.507220513289378
0.000618719479922129 0.00284438751232911 0.0641376117658936
4.09481485282861e-09 7.3268748044679e-06 7.40857378655026e-06
6.80988978443577e-12 1.3235689132563e-15 0.836367018408411
7.94708081709099e-13 1.59853422606011e-11 0.0107473940691057
3.93845633840695e-15 1.01638813468164e-12 0.000208383945677447
0.314646413879467 0.0141795239494612 0.379235688661147
0.0893399026569941 0.00890888481659291 0.872730702510023
0.628024910919475 0.716703186823574 0.340870155689173
0.172151761883722 0.540094606907547 0.18304943582198
0.858806270554296 0.501408617070461 0.414942770622847
0.687992801937662 0.644382147076531 0.891949587804101
0.916211163457528 0.209592628166208 0.344965655699748
0.816199461787946 0.523195133647541 0.412454965101491
0.466667710307555 0.13252567652794 0.770201246841118
0.958614492216115 0.560332260587084 0.573696149103941
0.506973728510138 0.402874702189069 0.861308999331719
0.580130987901758 0.673210926370185 0.254296255525702
0.683492988938617 0.581548946300636 0.939992821448742
0.189955621540835 0.0173963680672737 0.759574432065101
0.0135687045538848 0.563962988932289 0.00722429994125237
0.533135840978149 0.109134240095948 0.625412184411458
0.0225075810947192 0.00644304828833595 0.48580574095175
0.00772075818685431 0.1270456117686 0.0249292966620655
0.555200847165593 0.121951193617268 0.566376085934025
0.0101551719866136 0.0774877053342392 9.56084734340346e-07
2.51981354948735e-09 0.762236202730206 6.33808903344056e-15
0.0011545493878261 1.98089869378987e-05 0.551601841563285
1.20156883579734e-07 0.00168681506044738 1.71317246676715e-05
1.38362652662855e-15 0.00157789342125782 1.4967502063616e-16
5.35275962004439e-08 6.98124101195798e-16 0.90040201309067
2.31581799632257e-13 9.11675682284091e-15 0.00189610640337196
8.91442245459786e-16 9.01291483886115e-10 1.36084031160683e-08
0.949922879166999 0.916746360528961 0.84437389581374
0.866372122104777 0.955265925572019 0.517667507987747
0.350269000151351 0.442790932623449 0.373928533595254
0.48879813214399 0.59946672683219 0.269573412959147
0.515478286589835 0.510056726878735 0.966506821675221
0.367118215338152 0.323068640874991 0.726449555298871
0.396507949821941 0.328198198872672 0.601510539866371
0.292259975501464 0.373337071295861 0.288627331237609
0.0874492124427377 0.117241117452194 0.294954349764802
0.998549187928723 0.799185505298874 0.276363652165071
0.421343709892712 0.613281468753879 0.197580144806752
0.504468425163155 0.684980331733962 0.120339738319754
0.0167780664671673 0.0162175652897007 0.808670099287424
0.509014372786737 0.727338788891979 0.0935035358315477
0.00809603743560097 0.00625530472285558 0.911098238905809
3.49455116098528e-05 0.000105688504537423 0.148508336376065
0.00103609750808268 0.00218375607522905 0.0912174982095995
1.51448521605332e-05 2.97584343688774e-05 0.192566788325951
0.499779906370309 0.492949885097873 0.969890666775504
0.620346193648427 0.640661785420371 0.816628885001179
0.26452265917019 0.748882689823886 1.10703490310827e-08
7.14318455330646e-09 5.30425572438843e-09 0.684377840898193
2.94974100466682e-13 3.34731841680771e-13 0.227091665997909
1.48611013988432e-16 3.53686775434053e-15 0.00137731320461352
1.18780740337992e-34 4.53750485995155e-35 0.162283780231712
4.63742485318888e-26 3.32064574254934e-27 0.913161836525153
2.88099115985258e-38 2.44836326184984e-36 0.0012531815990465
0.966933778561367 0.974194476517681 0.975148983987179
0.831435109440912 0.726987256111326 0.799424226319736
0.623255262520558 0.460942268505947 0.653648678103289
0.686120781702551 0.15085123525152 0.0479566637177942
0.0954785861687002 0.104956138298308 0.579525376731688
0.653782571272559 0.276568350370463 0.186016395520312
0.497294180894322 0.221694643672842 0.36157582755052
0.197262964227159 0.209742448207224 0.693250872100316
0.908676809118671 0.85778687047503 0.915089531769853
0.00865860697313324 0.0486828422897127 0.027901524760753
0.36562275936348 0.303746007526303 0.997973885419163
0.344953529084802 0.883151972937122 0.0589961576068953
0.0788848027424638 0.0529859613054722 0.916604556677247
0.71025608777733 0.531121866397006 0.688038390359532
0.038675808905823 0.121235454726316 0.115109621656074
0.000115413711473481 1.80389344586978e-06 0.392316207636858
2.59200201894302e-05 0.00040372509766051 0.0150207036403541
0.000119989391464622 0.000677705365718992 0.042101821345345
0.64277765947738 0.65496505563546 0.861584882755511
0.15181680479706 0.989110970769347 0.000480703028876827
0.00049700169602902 0.628414535725015 2.95072948445824e-19
4.01069376076161e-12 7.18733194830229e-14 0.421904163796773
4.06334769286683e-13 6.87729380052971e-13 0.0160236588896483
1.80219346205605e-16 6.92004866218863e-09 1.95688981446889e-14
1.02507554660537e-26 1.42324513639755e-31 0.307781153218684
6.92944763873558e-26 3.12165019584933e-26 0.00464564769473097
1.12529283186849e-26 2.80898296151688e-22 2.51256867300927e-07
0.407107147303547 0.536941140967274 0.530392497665888
0.31623233262145 0.487971150587841 0.381249589925212
0.626654056892384 0.831477127687884 0.487333411535215
0.652284737802447 0.599360789392736 0.970894287273599
0.655057567119847 0.775895736085632 0.120202124043755
0.809676329735353 0.578697745777273 0.554342690670654
0.335398324075471 0.289996552933258 0.961302446215135
0.0783900822135774 0.04397386381759 0.933378322270487
0.138308899466929 0.0561868606922427 0.605656762994507
0.0916093295527035 0.366515322982656 0.0426537415677989
0.0700504169135764 0.00939652093099673 0.276180536776921
0.0345512203873113 0.10279766793147 0.130770907298335
0.486144203774685 0.193431392864066 0.30351020998607
0.00202434997808621 0.00252391435360614 0.365795195239093
3.83144729151465e-06 0.000264531036643558 0.00175682841336102
0.00100637865661355 0.000109488361989844 0.699248489122972
0.00991838631824771 0.00542991290051245 0.819376375870406
1.98426656643796e-06 7.83146228267185e-05 0.00649262260794508
0.462893397907313 0.293467162028247 0.641304486017637
0.00694592303071766 0.380020962775693 9.39836196264698e-06
0.000892497619407982 0.689550277027305 2.18743353002212e-17
1.85520918958263e-12 1.07719831706628e-13 0.35092246079543
2.3740973745726e-18 2.21535467419733e-13 6.49826562215303e-07
8.20026612020075e-32 1.21351761232816e-19 5.52129634788081e-17
2.54701958823396e-42 7.17871732268142e-49 0.230559819242604
6.65403183030651e-41 2.25886530608507e-40 0.000316488691943382
1.65980807291449e-65 1.71824529768187e-56 4.46362835652006e-11
0.654478625910558 0.0147089227162198 0.124215689372116
0.241708245248846 0.939703833908863 0.133827009682753
0.514020140377862 0.449916552018697 0.817815972911845
0.809116352389199 0.837395609085208 0.617482703251606
0.224646834147972 0.631122753387866 0.230520714732536
0.462106866539688 0.63923964501286 0.165363782801001
0.886076185670124 0.591716670859105 0.795115617133451
0.150072253773954 0.17838073783985 0.431933098652103
0.126751186903636 0.316684404487457 0.246076718882881
0.469781498689441 0.943018899199573 0.369144948609142
0.446570225672338 0.871937235073644 0.380626447505576
0.000280038942499907 0.529475824423472 8.00122543302698e-08
0.0374674811212614 0.00489250843758464 0.720289110041868
6.77590542950361e-05 0.0237918355657696 0.000720033670752714
6.62669689121711e-11 0.000949805911284288 4.33154852135394e-09
0.0276007181646079 0.00062487431890427 0.976248220140385
1.95780937907742e-08 2.79524993553981e-09 0.0154928693986075
1.92751655361921e-14 3.45277961365276e-06 5.90359697059883e-10
0.5476044912951 0.998201908156352 0.426314879718641
1.70166562537814e-11 0.771775921701125 3.51176331110507e-20
6.1863542708033e-39 0.322857152466955 9.0023976487611e-61
6.96480570117031e-07 1.2582244129335e-12 0.529356315175127
1.76863993035595e-33 7.16591956860607e-14 2.24569667021536e-22
5.04973183341752e-55 6.14301441352447e-10 2.35190951129873e-55
4.13973777438643e-25 7.57062499057639e-55 0.842649798707859
6.90534027055852e-54 2.35601595077788e-48 1.14231808658117e-17
3.8838437211468e-108 7.4514358956789e-50 2.95947166410078e-65
0.435241831140058 0.297749224806849 0.257517557056498
0.71528038673102 0.548769155759698 0.270065286566871
0.190148946727976 0.234141306724378 0.46918738031726
0.502139703852631 0.448614068797275 0.691843494728785
0.844527766042191 0.763095931541261 0.555282658347748
0.0168085697807446 0.0290496082054235 0.174192749480192
0.0229450125072404 0.0126453311649052 0.455241453905532
0.303736474895202 0.228903628455624 0.454263578770698
0.000485734230493634 0.000439673873712046 0.762593804389111
0.903903483066857 0.907560507549217 0.965394760914738
0.467405769890528 0.49782175337978 0.743566061301053
0.479198008619587 0.698047346978018 0.0605936722651424
3.66937749297941e-07 1.91378662212927e-07 0.964192866393752
1.92461744983116e-05 1.49367157961048e-05 0.811376388594665
3.92335756149009e-07 2.16700344739423e-06 0.0235931805434726
4.04727746388091e-18 7.08390742101221e-20 0.265451642542078
1.18041717595333e-23 2.64760274882602e-22 0.00406162438395263
1.12484918931927e-24 8.15039614270216e-23 0.00126398633829499
0.505002810018483 0.549311488614195 0.655994554350486
0.258684050098772 0.820956954367345 1.79609140174575e-05
0.448755813908689 0.35428474357693 4.07920262630224e-19
5.15111403157066e-51 8.16290917578954e-54 0.818132475489201
2.09778216003157e-59 5.90045389440444e-58 0.00265359815661442
3.95588221394524e-89 1.13484554065831e-80 1.68593642049658e-18
4.64337273013409e-139 2.22933076683686e-148 0.353433466894606
3.04108399188501e-146 4.16926858313425e-150 0.0767866341776464
6.63236251258089e-143 1.94561880050183e-133 8.228968908441e-17
0.791471916529202 0.390278085922682 0.258081868015315
0.257108496365831 0.867695330753212 0.0143525097250911
0.934395475671241 0.72700246077392 0.606004112131884
0.109068421414905 0.0660263452143468 0.984560185862641
0.460320061084441 0.330152020195109 0.773019304313095
0.0581148035674727 0.0977458095358896 0.293922584414794
0.710713739170316 0.834231829614936 0.652163791050672
0.00201545954299083 0.00117585811384742 0.597893889585562
0.0419901156379015 0.107933525208656 0.152470272708268
0.0288863343459789 0.0239820114798563 0.65236311237719
0.178766162600259 0.959941676967189 0.0021913294947037
0.305576478905665 0.38054680392352 2.23956845838805e-05
1.99257341613269e-07 7.79158023283294e-08 0.252403851430725
8.32850680332084e-11 4.82924418238943e-09 0.00114892918532464
1.23372038823185e-06 0.000436609356854026 2.84442488730117e-05
2.49529526504336e-14 6.93746673794229e-19 0.574329823866966
4.069588745117e-10 8.68542035490746e-14 0.490605860866256
2.81734469213463e-24 2.95294575137631e-22 8.32011176340258e-05
0.000466311150782346 0.000512183607513956 0.272146893184203
8.57296593812092e-06 0.682670011770548 1.4436667471015e-23
2.25603982381834e-19 0.146807017961895 7.41002445205869e-76
2.01475131477823e-55 8.80125880772148e-70 0.678026710571418
9.89162803221675e-61 6.0550609527295e-52 1.40952312283007e-14
8.88085770945105e-94 3.84776979233754e-59 9.52559456243226e-53
2.93687334622238e-107 1.0401309165124e-138 0.825138887331271
2.50496922331335e-127 8.58397748734347e-138 4.42305497938869e-07
4.26401237617939e-170 9.74621942026983e-140 1.98914523405135e-46
0.656871697817949 0.900999588808381 0.217893396811058
0.167740522839734 0.118253432178674 0.973983295426075
0.142389022697787 0.317324453368906 0.201608402212913
0.835145115215095 0.460535037954539 0.0522239387741379
0.217655617954399 0.257400492309695 0.618736052394212
0.99648584418995 0.819213611042822 0.632410798815421
0.0192591698311398 0.136406634309569 0.0162040450735981
0.0130024431745312 0.00147457568218532 0.428097511738883
0.00453278346053793 0.0172991796123081 0.100544096755456
0.203712480498828 0.407162041957115 0.232828682468897
0.889647519635235 0.528099602823781 0.118324143513693
0.013937792249556 0.177594774867821 0.00572596986168583
0.0121972917876178 0.00295707262071179 0.745712196288006
2.74386378681336e-07 3.75587533216827e-06 0.0224324908975542
1.9580358704469e-05 0.000237956910263692 0.0250919378935714
1.71251671024628e-07 1.66961849877366e-07 0.201265855076514
7.69839374780205e-07 1.17947747437498e-06 0.162041222707289
1.45811465284728e-08 3.53340835801004e-08 0.0993442444958016
0.685719373491915 0.688978960090607 0.912943048036597
0.000992148836883909 0.207333300381468 5.93688027044102e-07
6.38597891769859e-08 0.923609442015463 1.9179155677211e-32
1.2431540079635e-25 3.20922895738121e-31 0.836855755850056
5.72108273511626e-41 1.4781895543046e-33 2.50932574299003e-09
9.92939216928218e-62 1.23426598168042e-33 1.29473717005856e-41
2.84407958252756e-79 4.1860878776199e-102 0.567601787100243
4.87284179887742e-123 4.66208579170975e-116 3.3118288911085e-13
9.2946513794834e-129 4.35551056537091e-107 1.39963151358126e-25
0.366950889656279 0.455114811175849 0.585073107563516
0.188556420426538 0.69730842697757 0.155119604308765
0.856013667546833 0.0955299272362755 0.0925969703117491
0.45350935631709 0.250873359645042 0.981331458353422
0.442708814479857 0.674435017350461 0.508122307087089
0.697720355912987 0.68270218429367 0.384996649185937
0.930411170691721 0.496726717638385 0.493815596413805
0.868027110599074 0.952958188077845 0.863855360960764
0.0103075024339409 0.546164644637043 0.00366142832885877
0.573257091569321 0.19874454930731 0.733897215256041
0.00146164138498684 0.718782414225119 6.9747147178868e-05
8.61521094935311e-06 0.875862033276812 1.00446934331069e-09
0.00074932209650412 1.8254109720824e-06 0.702177627259966
2.18130407501652e-11 4.37464560259069e-05 7.53499484376646e-08
2.19326783192513e-10 8.98283324978496e-05 3.45129982074284e-07
0.000227635169419563 3.50000940700655e-10 0.671657667191765
1.34303382850539e-09 3.33897291244632e-06 3.31370522362759e-05
5.49891987480836e-19 4.48776041241779e-06 2.85287636111717e-15
0.186686926171232 0.00542837907346799 0.557460948905296
1.49539164714979e-16 0.00369289918802558 5.10273056407625e-41
5.88319995831244e-80 0.923854450490274 4.90084599281712e-141
3.3126233613991e-13 5.69006986454776e-30 0.985293133714657
2.44835276318394e-72 1.26264044890109e-29 4.06182609007355e-47
4.87160425082327e-137 1.60064483617833e-24 2.64893542118764e-135
2.84108474736642e-44 1.56393596510337e-102 0.864901771317321
1.71442642533345e-128 1.21006434719225e-111 2.66576878075175e-41
3.35575846781062e-201 5.15036494644917e-95 5.89111749588686e-117
0.973376845317964 0.931009678762189 0.567388538805999
0.732901115525063 0.738291994476795 0.936216049692787
0.101683433526121 0.0682558028729118 0.492766505101359
0.222245396471252 0.2437702913829 0.66800383768764
0.0218002292572956 0.011751175227636 0.429703244776841
0.179505887511281 0.19706125870858 0.694778633946568
0.19260941826466 0.1513561291923 0.600128297774746
0.0056519472396643 0.00229473227068218 0.324112384841167
0.0125000909525949 0.00669373698598873 0.442459286709289
0.0422773738648964 0.0700061758437045 0.178536636511928
0.962951560378406 0.904299538897856 0.428459878407475
0.68532660884178 0.726463387614585 0.000149870820687563
3.48828286165221e-12 2.06163266289933e-12 0.627842631378227
5.30003780356128e-13 4.23901537412688e-13 0.43510793396011
4.82535985198275e-13 1.49521650368952e-12 0.0814946142383795
3.97960956757479e-29 7.76583636819194e-32 0.198538890799897
2.0127755091155e-26 1.02597213581702e-26 0.322217291909211
2.00020139987511e-40 2.4720622255491e-39 0.00926526307965832
0.238120060728986 0.353036678996837 0.153887968430578
0.0933864548722072 0.624365162010712 5.11516130448803e-10
0.00314464849281885 0.528298645106075 7.43533525865774e-36
5.47372043911687e-140 2.09420918053505e-145 0.442885197757768
1.25193919456954e-125 7.86559156424954e-123 1.11263874320748e-05
5.40010197643965e-151 6.97414400372259e-134 6.55972779272121e-30
5.50835472843392e-273 2.46258225966696e-283 0.166179752840428
1.08910455725649e-277 5.29007126822891e-278 8.48493738436179e-06
1.48403288546369e-317 2.06782805677151e-304 1.41870428916884e-22
0.0661455984765634 0.079604278512361 0.487955850083287
0.0775707106511017 0.109153547388638 0.407864360742415
0.562671420639515 0.990320625273194 0.172453484607369
0.936429701771435 0.99880384964853 0.842986165772645
0.0519024804314665 0.0856387315450971 0.304967579355107
0.129902146011731 0.298418712604039 0.160457004431136
0.310233726010278 0.175352799022797 0.686685860193583
0.0296235405792059 0.00629845498514302 0.593524895053559
1.68840616266409e-05 0.000557911706104369 0.00312809077105559
0.76395344790102 0.503725249395562 0.492547401574458
0.0470994055909864 0.685051936365953 9.96055743832937e-05
0.0475711284066174 0.562421972845101 3.3751416341675e-09
6.04049193631921e-10 1.0526726608039e-13 0.352094100023882
4.58236036196599e-08 8.25580866323662e-06 0.00029599199009856
7.36011268266577e-15 3.20077063730746e-09 9.0830086129963e-10
9.20486661451548e-26 7.44625169958705e-36 0.156333968535877
7.32641410547286e-29 7.02959970897552e-31 0.020465961996697
5.91303064260222e-41 8.41483383385967e-34 3.24962076063733e-11
0.00300416931519569 0.00108140844393667 0.839506440070331
2.2443260648619e-08 0.697288683384874 4.28860158362537e-43
2.63881873246528e-22 0.431808900696591 2.37371061586042e-137
5.81886131863547e-108 2.6611568119591e-131 0.1736967523398
1.79453614907174e-168 7.65227391785381e-136 5.36767802171116e-43
4.5860360974391e-181 1.69193133210387e-99 3.55431944130098e-128
1.12991262404026e-244 4.44765048456842e-316 0.975073586296731
3.3096100943067e-246 1.2252890465074e-247 4.55695628313936e-23
8.26144210108032e-285 1.35861800748616e-232 6.41218187720635e-71
