TOT AFR EUR
0.95008598357193 0.927041720320925 0.963313423562654
0.686379502117695 0.547773231848911 0.78135207671593
0.625029263981323 0.287758019706692 0.321304225918471
0.206920372432942 0.462662845848637 0.204139598862622
0.576959751470872 0.840491671380906 0.365770760468693
0.425176894817281 0.973251321301356 0.063657737428009
0.787156370739665 0.447610703147139 0.356746814909346
0.143142619976722 0.305572010858962 0.212298043535026
0.218627518857924 0.143584003415914 0.860147345621134
0.414882319161418 0.640911950872408 0.370192978572912
0.995415188282884 0.881191453175574 0.778164338067751
0.0788716405284386 0.278329565574933 0.0596610335397707
0.0801576643167466 0.130370262740532 0.368513872156667
0.795612397319502 0.758223256538278 0.240977249699178
0.24318666023809 0.213922270866821 0.906383247179844
0.276389923820342 0.217195190229836 0.985842490054636
0.0760472230145221 0.291688680901503 0.0706539848620614
0.0833517373929543 0.189662664672883 0.204552607217584
0.670486059776397 0.902524975308151 0.259544050711408
0.134406236139418 0.0145137626251072 0.080791803024643
0.228900217190858 0.404522108325292 9.53310694217149e-06
0.0014316373248116 4.26942369156793e-05 0.260810932809859
3.8840351138442e-05 0.001714829333511 0.00747438263937708
1.20927420333764e-09 7.92810551921349e-07 0.000238393743750433
2.95676595638048e-09 5.25752462421199e-11 0.687852016942759
2.1328919790821e-10 7.35224041059274e-11 0.315470478203601
6.46016491130952e-20 2.66185326037576e-16 8.98524837249651e-06
0.413500269755715 0.624844071411559 0.137001394631972
0.974275328838894 0.12423493680932 0.168075966261239
0.200478565154578 0.344244198284546 0.38342181716653
0.684793612999355 0.1734460104776 0.547983666965844
0.826314873174805 0.605614114370921 0.449036261287329
0.229336533450067 0.113096501116828 0.778755912133582
0.554612210127735 0.494929509476165 0.182166412900258
0.842124168707669 0.523689135047927 0.414787030398437
0.793946944181233 0.71401630975842 0.965526615729364
0.394363000700168 0.720234823837985 0.400707330684185
0.670917687932603 0.16291847608872 0.521562690457069
0.223825935824591 0.510928313998929 0.0293295612320245
0.453519733510329 0.25323161941597 0.976724880220284
0.144898325110815 0.990987804213654 0.0596186072691076
0.0203796048016449 0.152945490020174 0.0539250182607321
0.0305496692516839 0.000514416382357573 0.921220303236972
0.00414394840330471 0.000400423774409103 0.459949365357294
0.199602156285497 0.0838227890204436 0.83019338014977
0.229731174615031 0.296625769143711 0.462898880649495
0.000506740443458539 0.388476068206729 5.84071786303309e-08
1.21873805867732e-07 0.482437256461018 4.6637067169745e-14
0.067516345193903 5.90955985636358e-05 0.364324809069402
1.05346020719554e-14 0.000101851711061566 2.93643904076484e-12
2.33296017418453e-19 3.07275488744727e-09 1.90515687833929e-12
5.99643501389722e-08 2.22546319617351e-12 0.256233770298359
2.4452734241707e-14 5.89134916381892e-10 5.59741941756356e-07
5.04391737542023e-13 1.86697142259737e-06 3.18054743759926e-08
0.0988146613751528 0.0927292859941889 0.955788592781564
0.0285759026126255 0.0321438579272354 0.690181434355935
0.492220118602104 0.363296093457397 0.250370385349568
0.658313943610969 0.667200711024283 0.899010571057181
0.962635997149016 0.842074201851075 0.202509144077933
0.863569952135746 0.926315405797868 0.612516412373348
0.951532953564827 0.885161289389721 0.727726893831133
0.415230896991687 0.327078506696028 0.431036783164829
0.806751476747054 0.769527096874995 0.861272247597355
0.625019794726059 0.679764217159119 0.683678459945964
0.59484591055993 0.791758785561783 0.0955588280406365
0.198986118892736 0.283422271546926 0.236770020701465
0.420943705231508 0.300655997710509 0.242649975684989
0.0166793460881189 0.0168496952176947 0.775402394244532
0.0258939497397189 0.0278886468593693 0.652351223288997
1.95303385931792e-05 2.33881611892918e-05 0.393972801708061
0.000129218918468686 1.61146891749791e-05 0.0497337947300902
0.000217256411715846 0.000316212867397744 0.265751799453969
0.188347071383633 0.217642829052486 0.538333705623945
0.00095515168240567 0.0125149282081901 1.57829223921278e-05
0.555007511916619 0.98034411018041 0.00795381362085532
2.43979532922042e-12 3.41983166575542e-13 0.518171193081447
9.74858778362025e-12 7.45857551403582e-11 0.0558502466638241
3.93902696319371e-14 7.27965403618573e-13 0.00287078142934202
1.45560198682152e-23 3.96169023331891e-26 0.0818445603159994
8.72515937819096e-26 8.3057276933836e-26 0.17588205122122
5.54594408482911e-29 3.49684775676674e-26 7.92531824899064e-05
0.586876354685077 0.336604019347339 0.520817982577021
0.0687810105560423 0.318633949921133 0.0177909454050892
0.807233194197628 0.694962524134079 0.811974231971922
0.483037151017622 0.464251379129617 0.906881441733689
0.663394107272848 0.753402945274202 0.0689665762192647
0.569139873814925 0.977952517663759 0.108338356825451
0.829928259403935 0.938044443742324 0.719252063985453
0.0129735687924549 0.0322453198334543 0.203249916250941
0.106211578306203 0.0966438269807264 0.74358790213469
0.967944403159014 0.621637260017481 0.228524025402759
0.262111424512809 0.288586519151116 0.652061018957966
0.689017644188756 0.355341796814215 0.340235268224553
0.00793861663823361 0.00996721476245626 0.40754941261053
0.0319952389805065 0.0411650175387176 0.404921133893892
0.000964443855119772 0.0013762779177643 0.308252912061149
1.66149049632083e-05 2.25542692593625e-06 0.683576946756466
0.000174837675621372 0.000340464988731737 0.148655855416174
0.00144665373678485 0.0236146047991793 0.00670971436421811
0.260791968146052 0.332684125866781 0.532017883277912
0.496830353843889 0.696764308720122 0.0105154119001106
0.00764951463892536 0.888914262187387 2.38814895608411e-11
6.88687924260672e-08 2.06925774750747e-10 0.699377631112805
4.53945408019167e-10 4.4464969854053e-08 0.000878625278054085
1.67109864797913e-22 1.72815308457541e-15 1.27034107747399e-12
9.17792531081557e-25 3.05363998554079e-27 0.0368968753302105
6.95991406688501e-26 4.06590086591271e-29 0.0619723543565477
1.42257495324957e-33 2.35278110843401e-28 4.69836216082103e-09
0.972886533316364 0.435585723517627 0.138283311140212
0.451415007307361 0.466044630481089 0.804456579073753
0.2734369537638 0.557712882659068 0.183478481544772
0.299284677618659 0.597986284407038 0.191553993072939
0.202434805125073 0.295374981387798 0.458078819933755
0.0914222119493045 0.270830559281072 0.0989696019271166
0.902307677836424 0.860257958828071 0.937795719008889
0.185088110376051 0.0645492813944748 0.436221569629003
0.589123975415673 0.614583880308641 0.838312469495135
0.29441872093436 0.279419409864118 0.85108222007831
0.574269577229158 0.238909650250413 0.295014746152987
0.657519471035646 0.343764992299799 0.00200060723728789
0.308810032163965 0.105259343342671 0.344868695789822
9.13321556237765e-05 2.04812042082934e-06 0.422837601017279
0.00348751550092357 0.239662005275282 3.45550086293156e-05
2.11557784990039e-05 8.18770540141437e-05 0.0850902439139822
8.87638029595749e-08 2.10429708415057e-07 0.115839498718442
1.52019431695424e-07 7.60664044396583e-07 0.0469711930782365
0.727504946880325 0.847954403559692 0.675001692788957
0.00477740630276017 0.330739680838231 3.28465645850033e-06
0.00831943810103971 0.139197978348676 1.48676376123893e-19
2.45330934236733e-16 8.18943080236289e-22 0.439080809939426
4.14154933736048e-21 2.4061880142525e-17 1.06765885067514e-05
4.87447911695086e-31 1.19967514169797e-18 1.33585145612187e-17
2.19259529336625e-49 1.42284937869595e-63 0.647392494711624
6.28361624648642e-60 5.43957742065813e-64 0.00428465742138273
1.22236155799515e-56 6.69603885505957e-43 2.42404622122816e-17
0.539167332074484 0.33216345639339 0.997509203556142
0.958675408192078 0.128583005914359 0.168697902359236
0.0780292393006708 0.186276229437229 0.224635335771568
0.0447427366487711 0.391040488220538 0.0539665116164738
0.290037547966893 0.634715825360456 0.070057246632399
0.595244933810438 0.505440007225354 0.883270966085129
0.92366716925359 0.925273076944422 0.963192558450316
0.507665793269743 0.300575532499515 0.993782831089606
0.541465613207544 0.786340914252045 0.565698224800404
0.28512296198042 0.0763478789551027 0.945184137260591
0.226675244294629 0.166317814556681 0.00481003279771709
1.74311653122529e-08 0.106623856069304 1.3304363723884e-09
0.169204606445772 0.0688591344634691 0.79035161897198
6.76077729693958e-06 0.117979556063746 4.29872598902654e-06
1.31737585433897e-08 0.00115860399988678 1.06861025301537e-06
0.0274151860985409 0.000130055585470909 0.755210007455116
8.19115607526106e-05 1.06080835664795e-06 0.268805704642256
7.61067320736511e-10 1.78689825206144e-05 7.33425376496062e-06
0.0271889567908479 0.0382350975681 0.247639833784845
1.91091284480464e-13 0.953490001008082 3.56381012417575e-23
3.23161645988908e-37 0.858344006988582 6.77580735516955e-66
1.36739621207651e-09 5.17201491235605e-18 0.525565784193569
2.38649882526245e-35 1.62056522040195e-16 1.89864593352791e-21
6.00114875967383e-64 1.70276232716117e-13 2.80640160556585e-61
4.37319624435015e-25 2.3527283144552e-55 0.897915053826458
4.6658476476247e-59 1.31968943610032e-50 2.50909289872589e-20
1.63010481165416e-94 6.37947432150302e-47 1.78237791832179e-52
0.120923703176857 0.23683215357407 0.0494450196694165
0.0335643630601104 0.0673303217087729 0.0615839747778171
0.961711138366241 0.733803712357253 0.107087289027179
0.666913544911329 0.572608263590133 0.53905188761518
0.318917176778105 0.244305109578336 0.462380721096697
0.000881142677864872 0.000781282630426113 0.803591583041551
0.285608716922442 0.188306487112845 0.27328450260322
0.970088177635252 0.678882605069214 0.0360171372111944
0.3315661695948 0.501116429134786 0.0893427173126165
0.0548262949343969 0.0360776556454973 0.565291878467146
0.914085776868615 0.857131361577677 0.753611213302178
0.754160753192867 0.531665677669351 0.149483618797936
1.08136688802887e-05 7.47058653783099e-06 0.87459271027704
5.75894796042473e-10 5.83616499905714e-10 0.427187002274745
4.09284583794967e-09 3.48175075660367e-08 0.0221888861402943
5.55575594001714e-16 1.10626135043927e-17 0.234434732263728
1.93724100733391e-22 7.21937763997647e-22 0.0588309229251143
6.62856647708482e-18 7.47027304362802e-18 0.25314628032061
0.6409151342066 0.486063957085745 0.243409309697578
0.400159358059052 0.858219838347189 4.25550526671993e-07
0.512111877288216 0.143288672912516 5.42107080560079e-26
1.14216001947371e-58 7.90830203605728e-64 0.147498492222217
4.2973518170453e-77 6.98998152397105e-71 5.37405761913691e-10
1.09339881858074e-76 1.62777677830388e-68 1.18864988354217e-15
1.6766284837355e-141 2.12705448817236e-146 0.329582124079541
2.77913484600236e-149 2.9505626877612e-145 2.98801526774991e-09
1.70401449033404e-143 6.0822801564935e-138 9.4634037253035e-10
0.194918614747567 0.523188502584331 0.0812677103679094
0.248316615939217 0.102206511361195 0.493143373326701
0.266985492123986 0.300735414062653 0.642472359234271
0.0710830052738163 0.0382276746976778 0.950191664680011
0.187992694748191 0.110003440830809 0.837212955821548
0.0168427950739502 0.0982603664105181 0.0359132473162879
0.335116029696961 0.451399052796006 0.467517034104179
0.484708479173962 0.333825855587477 0.698119617090139
0.00364936680927304 0.0218274604114828 0.037918707899307
0.658915962037558 0.22696889481588 0.13970186359903
0.586297052427609 0.466751743139105 0.00299039292207063
0.277099631611348 0.0933988469290266 3.96117262331827e-10
1.67268605734383e-05 3.46154873891088e-07 0.622115478387832
1.42316319377043e-06 2.16511963591139e-06 0.120816769796271
1.67100739791338e-13 4.93034171716192e-10 1.10485652941737e-05
1.59146827562465e-09 1.29377026863866e-14 0.068131602615397
1.04779847672348e-13 7.14310124345929e-16 0.47681331622392
3.2243567339856e-22 1.38835885088645e-19 5.3212739361888e-05
0.18757132665413 0.147650610778266 0.931262315598617
1.05896033075916e-05 0.870122360202531 2.45344305104017e-24
3.74521082648026e-12 0.658361433545481 1.57697572734361e-68
2.15743220541661e-41 1.01435257648063e-55 0.450759557627105
1.37316553196405e-71 7.18645104020041e-60 1.09186170904638e-16
4.48229183189877e-89 6.48006928259899e-56 2.44414255520567e-52
1.44084148566987e-110 3.03714919866174e-135 0.0702869779729407
1.25431473518914e-132 9.86848578190657e-130 3.78533387806368e-14
2.82313424412076e-157 4.14127750742963e-134 7.38313281226405e-36
0.326119962734784 0.716638508521965 0.135929471250094
0.431221478040569 0.518136984540168 0.00198366976219609
0.512586363367834 0.446321478445617 0.955048458171733
0.215511659208797 0.356220250786005 0.342901135694729
0.751733157037903 0.697122711107911 0.944146546438804
0.210048503184168 0.307813487557566 0.441821081207335
0.960008738835535 0.887153577690899 0.864128081354081
0.380410303950757 0.40637891891656 0.763326657129977
0.771072852829965 0.316169326431587 0.162894599076546
0.237673544624359 0.29465950749895 0.576056352857957
0.0116602015654048 0.150242908516811 0.0038690130661981
0.0179978753014134 0.119602054986156 0.0252626578205707
0.0145591203751896 0.0204304361404859 0.402644003881065
0.00127012715215847 0.013322200024108 0.0234067511555915
0.00366988984266707 0.10487673344707 0.000973414470392356
6.89530543934123e-10 2.57993367114885e-15 0.0444571825053604
5.84234048367456e-09 8.18677978178936e-09 0.124650115125747
3.26459186645346e-11 4.10455317312736e-10 0.0156262285923538
0.605583617685117 0.983677949549588 0.255916218428861
0.00475858389016098 0.937876192357009 6.49684414992204e-11
4.28005927282562e-09 0.668448395999917 1.01376961511824e-34
6.46281873796042e-24 1.32242503725043e-29 0.978559111816648
4.23840467922233e-37 4.08543638056812e-31 1.30055845554285e-07
1.30254609625652e-47 1.60569003443208e-28 2.48467204744136e-26
4.46680222263037e-92 8.8064465028692e-115 0.867398007298274
1.38435118677663e-103 2.20836951334467e-104 1.08778472415945e-07
1.22812711181479e-142 8.91288367814257e-122 5.72711475172732e-26
0.666373924597181 0.189605568119839 0.586391986509908
0.796681140326348 0.822239751430246 0.586026273234424
0.956942848860391 0.150859135772836 0.242051732336063
0.660921211667745 0.181847713346934 0.572329983444145
0.901138993041992 0.704825699226557 0.623588069873778
0.0178184478620351 0.438589249416691 0.0128086812323092
0.584081588138037 0.186192758504708 0.683296872245724
0.714179267987822 0.907493920555158 0.696895743127306
0.00162025602419878 0.00724616880757269 0.0634895297726706
0.111762798336642 0.666745582839125 0.0809071698797609
0.0186063849755046 0.993666648368828 0.00163981065351601
3.21383631639246e-05 0.756140932615345 6.30468063450846e-09
0.00540309243203587 0.00673652031688675 0.166519224514759
3.8917279718953e-11 1.6761518124435e-05 4.3041525472159e-07
1.11610068739296e-12 0.00102945167775576 2.2794104809348e-11
0.125224609172328 6.68689310698769e-08 0.0107927359596034
3.34402024121215e-11 2.01371956472635e-12 0.00459402351829492
8.96529260264338e-20 4.59811456395197e-07 6.88001716807264e-15
0.507718646738325 0.528683273858177 0.153259462370434
1.93285802565311e-31 0.311603922622205 7.66058604841651e-49
3.4522495484653e-83 0.53673948008819 6.13453188014714e-139
1.79275648869152e-13 2.30462085802892e-33 0.672855917127791
2.41409736395268e-78 1.05674345632484e-35 7.73762679543459e-48
1.56005033819088e-141 1.52500944246266e-34 3.83182709251371e-125
1.60024702264727e-41 3.39551372247877e-102 0.604289398547628
3.25629421815435e-127 1.58769751350378e-105 4.5140692919382e-41
5.41857864966327e-202 2.59802206424233e-89 1.33324139993697e-124
0.446519480039111 0.506877247498722 0.578344804297859
0.866382808579935 0.918322975014731 0.198119812519654
0.354539316547079 0.374583378119323 0.760886847856874
0.000706666467785544 0.00101809221246092 0.33122832754338
0.0228118942066802 0.0137322803810018 0.537272355441006
0.276843835430673 0.348114381545983 0.365893133489145
0.000232150153850894 0.000358867524427048 0.30107952910753
0.0236745490581745 0.00631810501233266 0.0596033144978996
0.188985357917485 0.152756825022049 0.676710445517878
0.578335743111876 0.486102276862523 0.544162223397794
0.252881802498312 0.48563384523158 0.0438912601236468
0.831207669596334 0.746799812693996 0.0125795326571342
1.53432931553053e-10 6.10406761085777e-11 0.893832300052378
8.23979902459093e-17 8.93988577495724e-17 0.282782664646369
9.45171442855654e-16 1.97926434936534e-14 0.00331778920975709
1.03609749154574e-38 4.6175441444709e-40 0.612955617815094
3.86245735514335e-33 1.38795555226996e-34 0.851524151261483
7.9679468428737e-41 3.88106492429369e-41 0.176488599111267
0.320050008909741 0.281049514338758 0.771505771041199
0.0680786212716758 0.645632134355889 1.40285481855613e-11
0.0746848552256937 0.376277831810385 9.60157927326131e-37
1.02379953097225e-124 2.39272099756705e-129 0.353002676786996
2.38282769545312e-137 1.50870206655212e-132 1.48917136578269e-08
3.28286590337515e-132 8.47630704150321e-114 1.32918273622244e-32
2.10189727246485e-284 7.15625770415365e-303 0.356457424867579
2.55049534198021e-309 9.76194346058688e-309 1.92738034002344e-07
6.08384739329282e-293 7.57211785432998e-278 2.4089911694489e-21
0.83501173971079 0.945666454724951 0.723644075084613
0.213120633173728 0.483614879138632 0.13373796568391
0.169669090761265 0.187249600254778 0.61886251021705
0.0796851342867084 0.0165702743335935 0.401331736457905
0.0341690773762861 0.311166700439498 0.00371555836195031
0.489529063187529 0.857515227493603 0.217687862304616
0.00250851430031667 0.00100168111940962 0.762725236721049
1.95651570178959e-05 1.58692274960643e-05 0.271207621167515
0.0937648327216325 0.0229887660158728 0.408468667571333
0.598509848870404 0.584223756957132 0.914897196706298
0.0592302754676448 0.973403582278476 4.89277307405239e-06
0.00107959201686356 0.788374761032095 4.78621787219929e-17
1.10996934869145e-10 9.66660892433218e-14 0.806082441290294
2.35155886433093e-12 2.98698583968763e-09 2.09617311120601e-05
4.23168503013267e-18 4.73759450458747e-13 6.36239530721574e-08
1.20530301139679e-24 1.5902244969519e-32 0.61038575032039
1.31378057510116e-31 7.96075779036774e-31 0.000238014631645683
5.33486722892947e-45 2.92564805961039e-34 9.68052458003207e-16
0.939630275004471 0.65485107793237 0.446230416101666
3.44541001663753e-10 0.761501070054538 6.1352357937872e-46
2.43812174324828e-23 0.571297431803458 4.0998197754854e-140
2.77926997378671e-115 5.48920670169003e-141 0.132760635222039
1.01029954430388e-159 8.94664326775433e-127 3.62942128032974e-43
3.77608530290579e-173 1.27280289200525e-102 3.81919392533521e-107
4.03478585967356e-217 1.85426943829639e-285 0.879906842781251
5.28666728542886e-263 2.99867969624373e-269 4.13158491202219e-20
3.41712696638983e-291 1.03683719612048e-245 4.62134308615197e-65
