TOT AFR EUR
0.0320476720810717 0.155425564218106 0.0436266899882847
0.538028844648869 0.88161611207647 0.310564283035096
0.652535621793704 0.372576786649645 0.460071800384846
0.596572095757302 0.97045454715361 0.324822425300716
0.639110478127983 0.327473853116853 0.363259925023392
0.0784778277071257 0.15357462450489 0.286322441281121
0.258332184473626 0.12450750687211 0.543274513620292
0.3161231874514 0.885154059163807 0.0548910930133731
0.168401987539994 0.365995714782225 0.236020938366442
0.774233977554437 0.424591866094779 0.366471965324795
0.012568739475778 0.108747110500432 0.0103985315031418
0.589503895429551 0.516114344804862 0.933928419829116
0.000786431366822588 0.00308326783025866 0.121439416299526
0.0331614253813716 0.00809178849779809 0.539360385995227
0.0615956689420413 0.0659771166202297 0.578374126450178
0.48102427796318 0.308154727122629 0.694517835466213
0.753567711438385 0.265196296321345 0.160267161096731
0.0903379362662932 0.166516280956058 0.345893556663737
0.337287646414192 0.286992417771354 0.943407168099299
0.177444474960739 0.776560537120788 0.00934260921546276
0.0327424687451063 0.301929800087538 0.00535949081205306
1.89487829327917e-06 1.30863389950587e-05 0.0550089448196794
2.06609812955404e-09 2.73028049758726e-08 0.0169089331413059
2.15146226783202e-06 7.75068783398467e-05 0.0111079386486432
7.43797463614334e-13 4.66000126630934e-15 0.767247154538813
3.9042180008403e-21 2.40466362695487e-21 0.0267891056470411
6.4389255548303e-16 9.58720367519949e-14 0.00166815499718974
0.224388193729334 0.252309625530769 0.53969274181395
0.50403775544156 0.0701811779046422 0.440094478411704
0.978817393447955 0.886857773888494 0.88774586423012
0.738927252786513 0.370094020235092 0.763134704983326
0.652576860241518 0.601253439279351 0.31018399938763
0.1784783370572 0.332370478022066 0.35380986108626
0.15838388957036 0.546999246478369 0.165603750009815
0.0328662876892924 0.738308907523704 0.00204686173164319
0.333186126293691 0.895997680426679 0.235690921162734
0.238324930122027 0.742827131020371 0.0720628227349178
0.00071669801124398 0.0169601292590951 0.0115135827533538
0.0324997705510718 0.771492451285716 0.0016507246939806
0.0757803258326093 0.0464406352477203 0.506586475892341
0.0501406011906219 0.824800637130428 0.01611281396731
0.151415814210694 0.247898623280506 0.361834985714176
0.360262370162613 0.400956637051713 0.632166349865696
0.11111995468275 0.328108581334466 0.207508469226587
0.0303414591591761 0.129372909474097 0.0968562355599686
0.00476232279542534 0.2551468245683 0.00705690060330336
0.156824967632387 0.412774047775097 0.0106578123865818
5.10644332352441e-08 0.88689945597947 7.08539299901649e-14
0.0413137578753293 0.000297892705812105 0.789694300980317
2.48915817171696e-10 7.61165892275821e-05 2.25791001968857e-07
1.1575462923673e-12 0.0140676082040319 1.62581782992827e-12
1.60870181559879e-05 8.69740185434708e-13 0.633498262116886
2.45299866440011e-13 2.64857510755984e-12 7.16408741306933e-05
4.23230991393777e-16 2.25942177805193e-11 3.6351946960939e-07
0.926997302191514 0.800985800961807 0.347964395384659
0.591960779641838 0.586493335481686 0.980026516705521
0.374883394559457 0.462583624842202 0.452719214198376
0.00697437734819735 0.00697423260170035 0.692041391195309
0.240526872209024 0.295983629094375 0.311279978500681
0.362337400305565 0.335821100117558 0.911302860929948
0.109283685202485 0.0682980659179763 0.326424929254923
0.00214178067542272 0.00109678067501179 0.445707535778908
0.715287455201621 0.582870206936631 0.359487871531317
0.716837941401186 0.824503221800081 0.457575207645043
0.590092683885313 0.6127810115429 0.818952299065453
0.481740358759152 0.588183706655776 0.414245763727231
1.39435673166588e-06 5.63010778855881e-07 0.752007903525449
0.0245230135404995 0.0298238990122668 0.48669968269085
0.0576914837539581 0.0719837550134648 0.523382495632545
0.00967506138725438 0.00942213563401612 0.817650615567946
9.64770935052603e-06 3.31321361410738e-05 0.0357598623151869
3.61285478418898e-05 9.70529508894899e-05 0.101120876050133
0.495835606438129 0.28425152099175 0.0438368275983607
0.185168799683399 0.221828962706253 0.547774269562164
0.0746101545142478 0.15948323148948 0.0257272518476924
3.55098681360696e-10 7.52879811810834e-12 0.0321271955512579
2.9522510561743e-24 3.3426653999373e-23 0.0016600649773023
3.19527687502968e-11 4.00882018745774e-10 0.0121366641906866
2.26754753372988e-20 5.28481338459214e-22 0.446625394839926
6.80662775240592e-28 2.01773368512191e-28 0.291463437119869
2.16798849873667e-23 1.22205091554077e-21 0.000204036726279202
0.938474200321212 0.876495883522715 0.631060940139432
0.384909568096339 0.143081123437803 0.371715277035059
0.382347230146116 0.799215562237168 0.152624657656817
0.544387827380178 0.771650180168312 0.396416161436709
0.0497240219967024 0.0260918888091138 0.950429906318138
0.0763785707470642 0.459251453357682 0.0083365594178152
0.570682963243138 0.926504997285977 0.2380385168458
0.260562110966711 0.314135058869138 0.572714639782816
0.727654303062262 0.997374434995313 0.410035862018869
0.40296079316308 0.796043356663406 0.130936896489998
0.163325151743939 0.220935548908277 0.430783484617522
0.182929858302797 0.706118479056753 0.0233120951775105
0.154785656196563 0.282522830357691 0.237149906861763
0.00308210688064822 0.00178330275083593 0.65337449496504
0.0367342316431592 0.0450943133046383 0.392590499476495
0.00180340751436862 0.000551235814845317 0.969173794289717
0.00207766099585061 0.000198980391779673 0.636280787032805
1.86758143109769e-09 1.27410775133084e-05 7.29317864421799e-07
0.745428991099093 0.756053737296871 0.899510374687679
0.00796366855773577 0.37690322845003 4.41177805359681e-05
3.26628211445938e-06 0.814625397844926 3.53381947021309e-26
1.12399590898688e-12 1.48941426274211e-15 0.931611924106121
1.65790909518172e-12 6.78534035662754e-11 0.00298143771931805
1.64914162735275e-19 4.58761123859631e-11 3.16239381506764e-14
2.9788534317124e-16 4.72761719215582e-24 0.154716231962843
1.24479913230133e-13 1.12962729452215e-15 0.210850283368626
3.48208119829153e-28 3.89045634942745e-26 0.000115116390962615
0.141991030952484 0.158772834950752 0.63389160469277
0.671386456412965 0.26197242784405 0.186724020960713
0.893479439414941 0.274963313264111 0.0127729899324539
0.790559603997464 0.557167797520673 0.554247514366574
0.707319523249884 0.743447583486046 0.154192168405231
0.612761212723295 0.39292293487983 0.574359813767347
0.5604721610203 0.637141654857459 0.0237430298503434
0.943672725393527 0.561336175357781 0.182058913612978
0.157591044293686 0.352960884588782 0.185718388577786
0.674934805935158 0.795155627552321 0.672130526822664
0.760144012158317 0.946478558202715 0.393931869713373
0.51619900275512 0.728722695240727 0.0275230624320173
0.0030085623769574 0.00321562585701445 0.452879531742982
0.000300048861654693 0.00628583143506737 0.00790623619744177
0.0104474021197299 0.0571292981442078 0.0526426519665617
2.88457649146046e-05 9.45424123126269e-07 0.642899684198855
2.83893805831197e-12 1.56897373664256e-11 0.0224425335022669
4.96241981656224e-05 0.00035905985571553 0.0421879535374371
0.527773135973768 0.977819682948749 0.146537623033611
0.0237273050083122 0.71049352384091 2.23541879263866e-05
0.000140095038735798 0.611826460516025 3.57299345252989e-13
1.50513665110635e-13 8.29903697201674e-17 0.935765208204213
6.30862852489111e-21 3.10984481191651e-16 1.46455223780085e-06
1.24617996343967e-29 1.04180447793859e-17 2.54662530358049e-17
1.13474481600338e-45 2.09006961051514e-57 0.827038281471111
2.15440934559371e-59 3.36716551258261e-61 0.000685420393401963
8.02271935895497e-70 1.68363785830615e-59 7.56832579767863e-13
0.141412536545128 0.274386071930256 0.307210605257391
0.00374388429494673 0.084386499923489 0.0169341233294348
0.711638206271263 0.555271097603031 0.99601965193941
0.021072046189809 0.614758128131164 0.00819098562724939
0.35318603977072 0.64034408573578 0.405916096875357
0.107242734846178 0.241048102964808 0.25598405280675
0.766047144469104 0.355679864579254 0.704637696686198
0.775836383481887 0.754422042091851 0.91002922078443
0.526176105813549 0.579952595927106 0.711103641013338
0.841675256727673 0.822584240643597 0.939128169223246
0.0302459119200207 0.627782403950669 0.000835297844774487
0.0010999427161546 0.327127784823267 1.84670897666859e-07
0.111251866976274 0.0327383905357484 0.770667797295228
0.006160465479597 0.0246525366302546 0.0869188157330503
0.000721510550275666 0.582938102701265 5.54207167605262e-05
0.0130174314204104 0.000584171772434118 0.6832656454645
0.00980916697065214 0.0146678989671534 0.176140608549743
1.21677571205481e-09 4.89537590565169e-06 2.68981516687559e-05
0.568770599837735 0.464447490282958 0.889751197260648
1.68184944201435e-09 0.0563751361759 5.04641233767263e-22
3.63341386415442e-39 0.54742035593364 7.05843826261758e-72
8.24233301442539e-12 2.31045071095143e-21 0.449965707405697
1.5002042074165e-31 5.51929387969302e-15 9.1519468817009e-19
7.22324876090243e-66 9.25273637733729e-13 1.07020094983633e-62
1.30271904854818e-26 4.45930561278496e-65 0.659329702071511
9.63013145487805e-57 2.23318228720349e-59 2.26635134542572e-13
1.42900859253622e-112 2.68599857761219e-47 1.72577390093957e-73
0.871854101356083 0.590463910956642 0.0361628487774733
0.892653356370106 0.730631399718462 0.332717166140534
0.481072334779011 0.570879659611376 0.464605272717777
0.938803984114042 0.953934947033186 0.548827775655128
0.614338033986435 0.749311843694435 0.305316393609765
0.426046565071302 0.488528590907952 0.537852386714247
0.62991508725464 0.524656897268107 0.541081899575227
0.0708964491140602 0.0857427934911237 0.540081708051607
0.00208911019970308 0.00567160618240252 0.0527306102701195
0.997990287963903 0.964379686605346 0.797832811796923
0.42903978668516 0.438579244228712 0.871737705398711
0.0635866887369457 0.292592983977268 1.61338488485293e-05
1.38722918824038e-05 6.36007489927038e-06 0.793730649659823
2.80399458426411e-05 8.27585189305533e-05 0.0848798857730634
7.87138512321326e-07 1.89159883475749e-05 0.000202635225724
1.37517392080761e-25 2.42966309205998e-24 0.00728245498569558
1.30856572156266e-20 2.19965202851489e-20 0.143427520241645
8.83741672338783e-13 5.21721629642665e-11 0.000346939070743415
0.255129504802274 0.187777902061257 0.444496214184266
0.636276049049006 0.175520009336821 1.33043430510834e-05
4.45958256517811e-05 0.0182897401667127 6.44661069577017e-17
3.15591207943399e-60 1.49601390568446e-63 0.82846959994898
5.29597626759203e-63 9.27617770648066e-63 0.0231811534790427
3.33266699489551e-63 1.29337800558111e-57 1.05113751709671e-10
3.78001306312864e-141 1.39118444296469e-145 0.159157412349005
4.86362008325885e-141 9.95531998449356e-143 0.00786029443353752
1.96415102193164e-145 1.90019749928144e-141 8.81565969699156e-08
0.769171541615226 0.458860977740128 0.407165080089931
0.812490359215173 0.760777444962799 0.237886147260692
0.418060909804703 0.515482413955999 0.579046399991768
0.355306158358681 0.285930381055602 0.972826142186466
0.168362106121304 0.146666358072299 0.815889026911689
0.190247654939505 0.145886016927961 0.943532175317571
0.00366188377268384 0.00259104508613314 0.556046180283586
0.00764859578090391 0.0408783092904075 0.0383252330078599
0.0270393158097949 0.0446831239063983 0.298316887082257
0.854125954799481 0.963092761050704 0.737354248523847
0.0712368920120816 0.661215903017287 0.00138146343243398
9.20683141320635e-05 0.0398066355011305 5.04475502992734e-07
0.000627131660721829 9.10424368843119e-05 0.934424446674821
0.00612307684066785 0.00422278943108278 0.587025323030975
3.13017955987529e-11 1.0830963647806e-08 0.000158549969850297
2.49566761003389e-19 5.25083226170308e-26 0.397765884544259
3.44204308132051e-18 7.61635282238631e-19 0.0377826349856956
3.68752291784164e-20 4.86632670406989e-21 0.0456920443144197
0.923611261343776 0.870093224007764 0.911187084150857
0.000102622090927058 0.62936625750655 1.51270247816417e-24
9.55053385303735e-18 0.264896378112255 1.47845180191734e-72
5.82163711216942e-50 1.0726599834202e-69 0.133981868559376
1.60943358957536e-83 5.10831419329279e-69 1.46970088951902e-19
1.96425686926054e-90 5.21106705357483e-54 5.48114521051334e-58
5.491433481666e-90 3.52180565742887e-130 0.0165550827407472
2.02619698990495e-138 1.46544910305763e-143 3.93366763738228e-11
1.50196641181662e-145 1.09663714913682e-123 3.52017871964935e-36
0.316612270689732 0.189429541300404 0.712555193002103
0.21658431971022 0.0472344889357842 0.230888389733165
0.545496222441659 0.711898317177141 0.0409764321247716
0.0825263323863937 0.108013994145476 0.497741063883389
0.00892022006341006 0.0627019330911944 0.0328871244927701
0.0939397567329563 0.119296367192672 0.526366726821774
0.59518358960822 0.528566071561585 0.942215374877955
0.0809246795038903 0.0536864272688376 0.949424403348655
0.102649910690033 0.108903609250402 0.646841676207716
0.797811782461009 0.937409028040325 0.689417038375992
0.331155328164923 0.168675225522073 0.558058843824733
0.36202624925768 0.616430424112876 0.00263275502331421
0.150260036003766 0.0126292571840424 0.0702119845950971
0.000119559084309707 0.00574954861220434 0.00195258267498748
9.6329720253203e-06 0.00349237050093697 5.53035562174772e-05
1.47073063796457e-08 7.14643378070119e-12 0.320436516648172
2.21815805251862e-13 1.0241110127986e-12 0.0258360371399229
8.59736225748826e-12 3.09448843340226e-09 0.000451844088929766
0.74411668032182 0.908930218365247 0.6108174264802
0.101852712632543 0.285650705086203 1.12224919905702e-08
1.0891178019836e-09 0.454371978513168 2.01073723236866e-35
7.15660319356604e-22 9.37813865560844e-27 0.799137034926286
7.26030266237948e-39 3.8140025547403e-30 1.88129784319265e-11
1.78747508706824e-64 2.78964981891509e-41 5.548286918522e-31
5.40461471784409e-90 1.02061428665423e-113 0.859210623313067
8.41695229462798e-123 2.43398160076667e-113 1.31584019026203e-15
3.06806190186922e-122 2.13343416585269e-105 1.08103413688941e-20
0.479889238241621 0.582585696003844 0.161773405417448
0.0730730358709924 0.444579177404829 0.0816402412087204
0.6253728928462 0.276006309510585 0.113039698059762
0.997417689153892 0.551330331050466 0.616455354678987
0.250527345890234 0.688814821758149 0.228025378741573
0.0644070692716905 0.584690406970074 0.045288713494914
0.772426842765263 0.642422235736423 0.985619410635119
0.93877006994129 0.168844037300745 0.193531828321496
0.0394196718451626 0.903682058385098 0.00460615476259256
0.31718217550383 0.115258027800496 0.975355688768756
0.0326143254989284 0.563972543523631 0.000792880852371605
1.99199455967996e-06 0.39470313960951 2.87171228748467e-08
0.0563669349700361 0.00174596421408651 0.887628661430651
1.38926533751872e-06 0.00063447644391504 0.000407850981037287
6.62904458706006e-14 0.00729700310841829 9.21845242873072e-15
1.60887445885367e-06 4.23125677678322e-13 0.850081006329924
1.56414414011691e-08 1.52403212628915e-05 0.000144429349532783
1.69787939223212e-18 6.28762373802007e-10 2.11858061391867e-10
0.0660637434005325 0.578931456405053 0.0031392529556206
2.41681009358321e-37 0.695161879186212 2.83878846746179e-62
3.87727574157569e-68 0.151096047634578 8.25499310698906e-133
8.82434133879636e-16 2.29828822748486e-34 0.874482578591641
9.49204219097675e-59 1.62712335104215e-31 3.42161058214657e-31
2.5074031815333e-137 6.42492608163882e-31 3.32249474658362e-125
3.29894500401088e-54 2.93001126847943e-116 0.177182345616062
1.6591751230503e-115 2.34699966871361e-98 2.1934427212643e-37
3.99551701895273e-199 2.21655102243691e-86 7.71433388407443e-122
0.253664710524214 0.237236641276791 0.957759501180749
0.379068504444264 0.584736179718486 0.069574592752771
0.422909236991282 0.37533086908653 0.739811335158854
0.0513893442188785 0.0446543678475856 0.967196549185443
0.550379703700113 0.68551631242587 0.282486206594139
0.190537193295653 0.150705991416158 0.671915414218892
0.0360489614832319 0.0351261079584476 0.832388993589922
0.00433816014800078 0.00298664702567869 0.832191523572469
0.00133109432818653 0.0032994849613241 0.0971191259897074
0.817241579501853 0.744704783554311 0.689512953326613
0.763459540193989 0.764157571712437 0.966120122949996
0.934929116242695 0.419497218517542 7.04544733265769e-06
3.96819482881611e-19 1.87863715344872e-20 0.620804219077223
2.69602720993319e-10 1.89242097612975e-09 0.023810979975684
1.01995736996962e-07 1.20772237354393e-06 0.0018918346573389
3.1864912119044e-35 5.07023563439044e-37 0.907549403256689
2.00044245940682e-28 2.68721116841919e-28 0.113466321384251
1.9774894956218e-29 9.1134773718236e-28 0.00123131578602672
0.318091816822553 0.306676027456792 0.998410787568681
0.0126255843419965 0.139800563428374 5.35962346773703e-07
0.0266189360770145 0.622757482490382 1.6369243595499e-41
2.41429999708038e-115 4.72448710491228e-123 0.363713765617791
1.52289585589588e-139 1.0860337696603e-137 1.91155040286334e-05
1.81732741966926e-133 6.19615552446119e-121 1.19105544267574e-21
4.96109029971297e-281 3.55873538161484e-294 0.449022237902425
6.8845663247428e-295 1.44256106494911e-296 1.45891998446986e-05
1.66653778527274e-292 4.32159682570407e-277 6.5524094353908e-23
0.0587360441092532 0.0341363643543032 0.958941296299616
0.112103624970087 0.239127907958997 0.193444656618364
0.223686362701025 0.546166133479805 0.105940280447195
0.795694860200671 0.376331578118714 0.224944429292477
0.864402197776467 0.505200834656371 0.0700813672138178
0.625061140861736 0.90402617028976 0.3678238647842
0.137049787913763 0.0352388646024546 0.372750634234896
0.0102945487180367 0.00316227858693323 0.919220112168105
0.000420621915221303 0.00225499242678658 0.0466938000510389
0.0703350221622004 0.0252444442135646 0.669410811119646
0.00510609281382422 0.772717126172659 5.97435424773141e-09
0.0239444051083005 0.831494128931612 4.82384579900568e-09
1.42647213517744e-09 2.34106466702677e-11 0.71306850969876
2.57325168105797e-05 8.06143711287649e-06 0.549598699887264
1.61081112729765e-14 1.12846012102048e-08 2.95319908279334e-10
5.79823040790983e-24 5.5577011619922e-35 0.0529093192773138
7.60145192795828e-30 1.03698560900495e-27 4.59556543384378e-05
7.79216972758579e-41 8.67410961364437e-33 2.01062227743718e-11
0.35239092355359 0.647580339699946 0.206264860891262
8.79955971417452e-14 0.117484021374365 5.24621183927319e-48
1.62637731411434e-28 0.397628233933724 1.48455190242623e-140
7.82361943771941e-86 7.68365101819522e-115 0.426278320462329
3.58572286088903e-137 1.33472911177599e-111 2.41763568768793e-36
4.46757989047672e-171 5.00387568350898e-102 1.60967578462736e-105
5.95962204285408e-234 2.19017432226463e-288 0.0586432521218062
4.67617576837115e-281 1.31598201540999e-283 6.85645432188679e-25
3.66855513014944e-292 2.07018785243793e-241 3.14620312878327e-72
