TOT AFR EUR
0.73806586519006 0.618367720201571 0.804989497882675
0.909752742785434 0.733090651927009 0.650465471476048
0.0321387889256852 0.150087780593059 0.0563644858817628
0.396399351107448 0.602639859452809 0.350078715048456
0.364002564526769 0.763330984275479 0.141954086646092
0.0599484841637383 0.0897494158942876 0.416101329636274
0.506013795345585 0.263236285789404 0.447083059933399
0.0800984107837 0.0202343352224088 0.535316365740645
0.280961093872296 0.248100418426865 0.899997702667931
0.668533494575008 0.946516260193543 0.348539374817485
0.531796030825331 0.923863788578516 0.194729464429664
0.862292465168707 0.955926780499098 0.778522652852578
0.823206678662739 0.763930473086132 0.92657069215456
0.590864907648523 0.446993101677409 0.74082369929273
0.167674765886339 0.326964043561204 0.241835210427348
0.00155849710189588 5.66525135932612e-05 0.286715913628859
0.521275955821099 0.975192749703468 0.137739499516202
3.56919636076078e-05 0.000691273941195035 0.00495764833321932
0.972186186879604 0.756506937979969 0.611273270865784
0.471029523859116 0.677550246822972 0.435753326244412
0.00349688574534193 0.340876617428685 1.17676802724003e-06
9.45700508700796e-08 2.82723113981918e-08 0.308566225683486
5.8722603960297e-07 4.72391555349581e-07 0.23631689783319
7.90689912230307e-07 0.000446924325512957 8.47120375042327e-05
1.81297911806357e-09 7.99051511336033e-14 0.138324492118462
1.40445501352876e-12 3.97610457502778e-12 0.0833279866839168
6.36250900650068e-13 2.38193863174553e-10 0.00039791576981455
0.315335943095256 0.123886979646768 0.901915523524115
0.335988116721152 0.665185690674171 0.0976173461959569
0.9468614817242 0.958169747915448 0.967682944037652
0.423413598890632 0.191855195554679 0.993260107599108
0.376844798055824 0.667789540400576 0.419152703322007
0.915246739958973 0.766262529227753 0.920201264567565
0.146115415965828 0.0356306464637954 0.918428319042497
0.615066309110235 0.654749193856504 0.297416489915128
0.0903349928538221 0.00650842931167459 0.972593748242293
0.637704348961915 0.268330333421388 0.762041319602673
0.043809358255111 0.21840635176296 0.0889933174685651
0.568470806648447 0.14574006515536 0.0541347462437383
0.0884708831474111 0.0703349438147591 0.502704759865181
0.0226183947529536 0.653729599121059 0.00606443326567671
0.00187769763756289 0.00828005590679383 0.0535869978218816
0.553564893928248 0.305638848758039 0.911127191923315
0.0121520167734954 0.00440925444369141 0.343315061712725
0.000859340889968081 0.0603593531554826 0.00324957343232042
0.961421965809933 0.201232956001564 0.268869900881312
0.00916927248028901 0.293021323362181 1.07338174591598e-05
2.92901769556971e-09 0.0649009150389324 1.91221183717998e-22
0.0476453609756374 0.000605799565670553 0.743161616025806
3.35665998056043e-06 0.000758199960315227 0.000796470566728947
6.462283107764e-18 4.66688895237821e-06 3.84944599664991e-14
0.000336793955303019 9.05195037728794e-10 0.853935767254898
4.7358956758905e-16 4.19779131110781e-08 8.54183832942856e-10
2.67095058291473e-26 4.16139912634184e-11 1.73034644712262e-18
0.544105638595533 0.681346828740464 0.225744145824713
0.965672815520335 0.78182351258924 0.146714701594288
0.972905287309303 0.946689450366645 0.585125951947377
0.289817919013738 0.310030461762393 0.744902597526619
0.957434177106647 0.948921483502269 0.95097272666738
0.933831030292375 0.698732492452123 0.0516114879104718
0.66583908551455 0.729364207599523 0.628254538105063
0.337402332015021 0.289216178406421 0.752703549766264
0.585436154987912 0.634416278559285 0.700219910841291
0.496966069743011 0.505580816942679 0.874002394406697
0.604539103873999 0.585483974738368 0.952521919932827
0.756006663602062 0.540678274461547 0.124717982233502
0.0711843995022368 0.0962724463629956 0.228077079039749
0.000188110659408933 8.70202677734701e-05 0.619573920759938
0.00812411455045855 0.00614323970919313 0.882334837571556
0.00214569456015429 0.000686575331282821 0.26450119361945
0.000891213087871846 0.0043659494010721 0.00280855142664918
2.01023507110849e-06 8.81026997206412e-07 0.738573991098587
0.800794409620437 0.858223801243051 0.677621941708468
0.586638707955512 0.745840497024789 0.275987580389144
0.29593719989107 0.655203519066267 0.00200591872694565
2.29548335997249e-13 2.5915836559721e-14 0.587241873329824
5.74705960321444e-11 9.30608221633584e-10 0.00565256892833438
2.21108884857016e-11 1.38142291063152e-10 0.018223397533062
1.51707301291999e-27 4.19725823911226e-29 0.797644128650495
2.10873281124428e-33 1.18993517799828e-31 0.000485709202287817
1.22514434624701e-26 1.19550339090917e-26 0.106996409834102
0.303239774316169 0.16400307861521 0.673643170703385
0.137240693682821 0.255250377755567 0.232983181916894
0.141779175854425 0.0406818802732862 0.429302100393845
0.335151314828994 0.73626192429276 0.078325926228401
0.490403474017964 0.626639557712999 0.50502047702235
0.588492218555088 0.374903828823405 0.569142909438919
0.338022953990733 0.387641154287551 0.618892900809234
0.631011811067463 0.584255958823409 0.995478750736382
0.18617954765633 0.201371192088138 0.667794287721553
0.848219978313119 0.518695264852658 0.333410408331337
0.124054052785938 0.412539937012444 0.0476968536211417
0.698633758944273 0.635541974861623 0.0658059042176282
0.0020471819940915 0.00330495694228782 0.229029328861419
0.11190805467015 0.149252699849595 0.469623472927079
0.00338020732458267 0.0130370054770904 0.0761903255357868
3.03039783241959e-06 3.72791234254215e-07 0.573391155353301
0.0111279566123135 0.00824520674997941 0.635840830310845
5.77208293508547e-06 3.6000656481815e-05 0.0326370279034377
0.57732766621332 0.818595354440327 0.389020412727504
8.29458202617606e-05 0.285749724660979 3.0121965371838e-11
0.000306572905670516 0.534166366372476 2.91495801501321e-19
2.46386556682558e-10 7.1515679130731e-13 0.72855562363687
3.12396112531639e-14 5.05011486107883e-12 0.000450251642454081
2.95583352922461e-26 5.01045720054776e-16 4.8101151288457e-18
6.07431180313618e-40 9.91596636940688e-45 0.0747812349879462
1.331892535588e-30 2.14000088055016e-30 0.000707403505574831
5.01352287632996e-33 1.70169082561065e-29 5.92902406853519e-08
0.895942388901129 0.826812080826528 0.455456556578956
0.259795783937157 0.330669505407859 0.55431353094005
0.869505557406506 0.326395113226029 0.115060087716697
0.546179368800175 0.414964317422784 0.776266499540943
0.00883914989961265 0.0132689667258938 0.358914775091966
0.620728178696032 0.898148048831088 0.377015641387011
0.00762573424988766 0.00726158663274928 0.54413586916025
0.0341673327540741 0.131019523616646 0.078980935966874
0.504132086148954 0.617622177623893 0.616411416436827
0.424753730894048 0.679914928193232 0.337607161778416
0.226849927173813 0.60333224400019 0.108630229305974
0.226863336199818 0.582464281309778 0.0966650809304598
0.165273853639976 0.0496791041197906 0.409146960120379
0.0506783696780995 0.0283085168589313 0.99528470050428
0.00622601933203455 0.0567046233734324 0.0144189917780744
0.000566032972019064 5.80044033201885e-06 0.174165144042266
0.022342411379791 0.00390785104794081 0.462359139693239
0.000109085826427696 0.000117629606876195 0.315846089280552
0.141639905052634 0.287153453303982 0.22874017591525
0.0108927676636789 0.89909087489773 6.13875634701512e-08
0.00198471128372756 0.222535148871651 1.68251448481986e-21
7.08766196992888e-16 4.14400839099844e-17 0.205432631391785
4.07016660581301e-29 1.29857835707439e-28 0.00239737288132546
1.16972115553013e-22 4.63304831607213e-12 2.30946549275718e-16
9.19915812815805e-38 1.09413711501212e-48 0.758345873857134
4.08941792185163e-55 5.25794074541786e-46 8.25076556126648e-11
1.46535366003405e-45 2.08338439154059e-36 1.98073823887108e-11
0.213853316058091 0.665946452963583 0.190235762313773
0.16435707551881 0.0934980011228784 0.709317329400805
0.489712334991326 0.374043546927362 0.860485518297422
0.622025600408052 0.655803793753666 0.783933195810473
0.748897446630958 0.498154030731952 0.321632518395314
0.141846471705383 0.891523725802964 0.0422308957119137
0.352009835063912 0.689330089825911 0.368919214833465
0.253948015460935 0.0526514338677574 0.900682082843679
0.778943766541616 0.557044343496998 0.895023282366995
0.463536019050479 0.960430224907304 0.346845711815193
0.00119009303304524 0.431924463156577 0.000281872951229132
0.00842509655580028 0.555711812855452 0.00296917648050913
0.254356197156331 0.067926004493045 0.99675319246383
7.39521476789516e-05 0.00186890772488829 0.00791444610996617
7.81140469818427e-09 0.00955731577648923 5.04979985129431e-08
4.55719609589519e-06 2.99649242064827e-05 0.00968819786827158
5.21129913782375e-07 5.54020786778734e-06 0.00584960050227598
7.0618719243379e-14 2.87742001036576e-06 3.94695841785629e-09
0.751580800406481 0.846631026149539 0.554820185022259
3.92349902089547e-16 0.333528349046558 1.47429080348807e-24
7.0513434772093e-46 0.812618097442957 4.69216353634713e-83
1.71752640629845e-12 8.18422160164912e-21 0.161580172570136
4.78760919746976e-47 1.44781059867952e-18 8.84381938312679e-32
2.55133780831654e-72 7.33818906736449e-14 6.88231440842563e-70
2.63417751041889e-15 3.13256270224635e-59 0.000721722385620754
4.69847509521589e-56 5.77595787385937e-48 1.67185136056832e-18
7.95219408705394e-91 1.05135941048134e-38 8.99375048528582e-57
0.0253303892405634 0.0578706095252844 0.0458228364673244
0.411672136284466 0.544003866326373 0.291271380423873
0.855890592089619 0.531100378443416 0.0269429202098165
0.721977507480477 0.675209200592996 0.788959745490232
0.900471548271853 0.988573235140636 0.529594464148403
0.828986998982372 0.789484307783892 0.828071118766067
0.843074847559181 0.925193881365293 0.609749061311579
0.319845517969937 0.41249569068049 0.360566824367655
0.16074151773075 0.183663414215502 0.538755579900619
0.486460071710815 0.472241476478456 0.982897174378415
0.397767463956719 0.18011523023838 0.0219133512399202
0.143117869489282 0.259362739982353 0.0759085595399298
2.5468134612373e-05 1.36882263107506e-05 0.85907219513876
3.47691803376079e-08 1.71505720128644e-08 0.916365743903917
0.000104505905749071 0.000438580278787406 0.0198436233036631
2.39122951610313e-16 1.1797536861034e-17 0.563824228279178
4.59101383184167e-11 3.11295650396699e-12 0.319549375171918
6.09657597970972e-15 2.16111350467185e-13 0.00213241910805617
0.453728963115848 0.358363811843751 0.458958666800823
0.326388242378197 0.97148492614387 3.50563048939591e-07
0.00217623201510821 0.113722782027406 4.94340847841852e-17
2.5347071590631e-53 8.70628831930722e-57 0.572969429627105
9.50786358823541e-76 5.75748285837292e-72 1.01119092111364e-06
2.91866380275051e-69 9.49359897675571e-65 1.1893518811166e-07
5.57922089234084e-156 3.76355905446012e-162 0.413068186385603
1.34140942661326e-168 4.88104124031549e-172 0.0185662063471987
1.90199245008173e-144 1.94803092443572e-141 4.26224429045747e-07
0.00166180916110246 0.0136670901669337 0.023743221438613
0.835089401850096 0.762235059609416 0.890546738209432
0.741810456253998 0.680120916836334 0.936044416629775
0.338021823310941 0.260941984160921 0.933517365468678
0.239623319049453 0.136237707703996 0.712463430567531
0.352212530671348 0.170345730527554 0.494746868049279
0.0530083403853947 0.0302477451650986 0.9703815360326
0.232465173129851 0.253741204271738 0.662682270252986
0.612318028259387 0.556125317168201 0.0134984476631282
0.214485555234137 0.396052065779425 0.243488124738881
0.863679617631886 0.728578488529682 0.251856543376326
0.00601823080616283 0.549818272841633 6.92212418993273e-07
0.0122128381734756 0.000802012623423856 0.266444162406499
3.72183692927675e-05 0.000193887797089101 0.0401909310457416
5.56588283880846e-07 0.000355833769868468 8.09507915725589e-06
3.77307119686723e-13 1.64795198386592e-16 0.926964929778667
1.62605092160544e-12 1.77961109937887e-12 0.0335782174235442
2.4268376953731e-24 1.92705817474464e-19 5.10695537489559e-08
0.544385746255799 0.577130943834853 0.784405058942346
5.45898144641116e-05 0.51085707350905 9.07139200028812e-28
1.27059346296348e-12 0.702265214094252 5.86174422482441e-65
6.18638851492151e-51 6.69883303485508e-61 0.225667529350206
2.60748437123977e-87 5.91173002453531e-74 5.91760211843338e-19
1.90651964317248e-73 5.10386781759735e-44 4.66738718878554e-44
1.04705298749132e-113 2.38489821511304e-152 0.308947062915684
1.03231868471787e-146 6.88037338434151e-151 2.96082097366337e-12
1.31711691978663e-132 1.13284338740571e-110 8.1581334567213e-35
0.607136013207137 0.761178490204204 0.0766224028157425
0.453610379728185 0.242478728930531 0.518855573907354
0.394642527742963 0.675955606192568 0.00608732069325051
0.568182307514218 0.183542309158188 0.154376295181932
0.0853264617102336 0.0585202316816368 0.945796135234678
0.176737273334575 0.141755314320164 0.930198638287867
0.535412149355227 0.91333464589908 0.229864403322005
0.442698451546939 0.610157697424517 0.475681658095675
0.896795646219328 0.980631029766184 0.734722151961982
0.726413329454553 0.709613315713972 0.969557814018552
0.578482914585526 0.266464198589165 0.334090136942799
0.0704298467365922 0.495222931096266 0.00744311637685202
0.0398566701802141 0.0354044534093886 0.693337007497088
0.00153728520381555 0.0109047299211065 0.0365206037808784
0.000433623928291628 0.0862333012507688 6.14146179837409e-06
5.17356302116648e-08 1.85752187082934e-10 0.586690348106155
5.04901214539579e-12 1.25619968252692e-11 0.0533148857656197
2.81990024186549e-10 4.41376948046328e-10 0.0968783929247438
0.912956462802265 0.686524750695402 0.287238548547506
0.0446405926484017 0.619002594084847 4.18233191154146e-08
1.50848340698486e-05 0.898892769106943 1.28649262663374e-24
2.54287082786539e-25 5.28217448312784e-32 0.750363641605791
9.38396003375467e-41 1.93359678938137e-31 2.14399712911437e-11
3.04800655799986e-60 1.31626819623935e-36 7.94195057978592e-32
2.68306175640884e-93 2.16354932241102e-120 0.597310092281903
5.64181267157453e-98 2.69710115794485e-101 2.4766305807019e-06
1.34770394045878e-121 7.62957645724508e-105 3.06062540188864e-21
0.234590741094743 0.742113172214564 0.192676799919676
0.176375959009329 0.788883784013726 0.0416343392645338
0.829925515904515 0.167127932225182 0.140900630760785
0.964546154608169 0.776545399181903 0.763159691604513
0.244125618100031 0.564912866706021 0.287612670577296
0.0200059287030625 0.433498142705271 0.0156787072118203
0.737147894992181 0.762803249235342 0.850824444288758
0.0219394009042854 0.392450711160484 0.0199338937760638
0.0694590870464671 0.252463124611887 0.151398114484416
0.304124609333735 0.302390605884704 0.630164111854128
0.00425380083684561 0.556959151819637 1.29669354684355e-05
2.94250290912808e-11 0.279923574099199 2.05037079194344e-15
0.0778453198642016 0.00349074087811726 0.892920339136232
1.48598948553059e-09 3.65588997345656e-05 5.3393221580156e-06
4.27479837409553e-12 4.87662871440237e-06 1.23764196229568e-07
8.40364247685591e-08 4.61459378668763e-12 0.22457138562771
3.20575980173115e-07 1.10997464669642e-07 0.0291934429952159
5.3899230318449e-23 7.69407763685093e-12 1.80116336164564e-13
0.493838676372799 0.293995738925349 0.0700532479374005
1.54676015921384e-23 0.96546018472405 5.51484470585371e-41
2.7775849410066e-77 0.893805229448088 1.91044590474246e-137
9.08478488437413e-19 5.49039702011033e-36 0.283981585342762
7.25744921570148e-80 1.12916858930479e-43 5.36322625990707e-43
2.92927964379785e-134 2.53358318393464e-29 3.62178996305331e-123
9.76559051194149e-46 9.73225293883809e-114 0.682030570237093
7.74356754558667e-124 4.0594766140026e-95 1.3810729800043e-44
1.36322643253404e-188 2.64964255512774e-94 2.6185073034999e-110
0.932773601595861 0.911550215288275 0.319674368428725
0.350688818406715 0.657484887952468 0.00681038011242209
0.96125037485312 0.964570058945838 0.978602173914224
0.051138336300369 0.0486701830978416 0.881127709288438
0.384457601452871 0.63722401728803 0.0353256372079339
0.00986715267350591 0.0302144794575845 0.0241664394311441
0.0168869980212102 0.0110842227230313 0.648991772465212
1.12671740821462e-05 1.57931864723713e-05 0.338346523320658
0.0105801405619993 0.0178522001675346 0.181257826512849
0.779963417853487 0.833861377234789 0.706312898893219
0.81795186030427 0.957194508261816 0.389627230325285
0.933322932138552 0.438527887885594 0.000353665443199661
2.79147206816508e-10 3.87741135431981e-10 0.301572656625816
1.86715669074165e-08 3.94900659053515e-08 0.185153653929805
6.80067705210809e-16 6.6902496307089e-14 9.17872270232512e-05
2.22098917952372e-24 8.40496138125012e-27 0.18735180941235
2.4096679536879e-42 5.43508014319034e-42 0.0333692171989421
3.67750783810425e-33 1.2460491626262e-33 0.262643213034697
0.979917327622215 0.712645003167146 0.0488325822796166
0.151622285196605 0.958777947448866 3.42436387044075e-12
4.10294093201023e-06 0.0240556416690982 2.63229098317225e-36
1.62765975138798e-140 4.45241789567628e-145 0.244144393997372
8.19426056767894e-144 3.19844358237719e-138 6.41685265224172e-09
7.83141642563755e-137 1.96206361282975e-118 2.73744538702948e-36
3.83230699840399e-265 2.22303009339461e-273 0.0420438487982772
9.58703519048473e-288 5.1874976525481e-290 8.27767485968745e-05
2.68624444334394e-278 1.78465355788509e-268 1.81916836736788e-16
0.12870880882743 0.174529431454742 0.447775914734822
0.402416070565372 0.508094016676309 0.542156824984939
0.834200280859462 0.541140239270191 0.437595861371545
0.84571357675947 0.921241707656888 0.509537842547282
0.0255874343476173 0.0613440930433771 0.15080914880714
0.00328820521529603 0.00211377166652782 0.599840864224325
0.0627307826991965 0.0197529111584426 0.628178235039626
0.410077180331186 0.856323268394706 0.102481810289526
0.00010081544878234 0.000212371481348503 0.148315411387402
0.967987573474734 0.673112428280663 0.414158761163813
0.0271268155079313 0.503217450427145 0.000115054407790224
0.0299563308969983 0.682591795198741 2.38554132759962e-09
2.74693219948555e-08 2.78631896748963e-09 0.454109553299146
3.89974375253375e-14 6.33039119831053e-12 0.000380865009309577
1.25762824386725e-21 4.74731377370773e-13 2.80981689143725e-14
2.25425762143392e-28 3.81832701240616e-37 0.792314630858792
2.34318845925656e-24 1.10957611242732e-23 0.00125724107823224
1.81421993001289e-38 7.08241120547984e-36 2.26007896319926e-06
0.355560131932353 0.994182165460484 0.0310306347774595
1.18152274510976e-07 0.441568231178777 1.0350291453876e-49
1.42502963810404e-23 0.420259506336955 1.6826644073932e-144
4.86789438884541e-117 5.84744841500632e-146 0.434455662433815
1.09795139635091e-147 6.64140578007195e-131 3.07022604265073e-25
4.57906986821988e-169 1.46728995840643e-99 2.03808057471583e-109
3.99070706647669e-216 2.21407048394219e-299 0.0470223792427605
3.00442913116094e-283 3.47452717447765e-290 1.49165726499083e-21
1.58794692730375e-310 1.32637419895346e-254 1.72609677640169e-79
