TOT AFR EUR
0.671071790072202 0.675277034264523 0.910517521108008
0.841302994831168 0.901414288326249 0.844953164736381
0.0659499965225285 0.0925778266548436 0.472509692789114
0.071607145663071 0.0624339514375641 0.763300610893362
0.887277885625794 0.960061686029506 0.67147183822018
0.134949833352899 0.0948133779331134 0.997430780783749
0.873042607477952 0.736757491174715 0.299711412498409
0.309619843883854 0.626151457127138 0.139292132501636
0.471358817944511 0.491551843275048 0.80855807455565
0.688959134789673 0.88077691761607 0.545244431191551
0.859550369279687 0.593810248020647 0.527526071361425
0.246602565714655 0.417602158707842 0.269719494533439
0.428029506678268 0.730358846080047 0.298563284717702
0.513623236083323 0.677909207552028 0.537840459942169
0.148557481207095 0.209524582990397 0.462698680532437
0.00114382490671803 0.00764193869955515 0.0490472086850482
0.566351128408455 0.374776535047399 0.643907766544196
0.0159160340460695 0.0795523057870342 0.0462275927153461
0.407791843363947 0.240764665970208 0.721555684007929
0.552076787142655 0.987114848327756 0.125392290141047
6.5450255453273e-06 0.0139201401986706 8.71366063323564e-07
0.000901292318282032 1.75490478066563e-05 0.32174569490883
7.34528439869726e-07 0.00140779454103266 2.01564402609411e-05
0.00224719062292048 0.0264086346554083 0.0115912518244403
7.84910298500037e-09 8.11591333078231e-10 0.495503215094048
2.01691597599556e-13 3.84513297587067e-14 0.142601542707642
4.01452010304155e-17 2.55005660072173e-14 0.000293000102544757
0.737614674075982 0.479683414237488 0.288749609931915
0.324093353381927 0.605835793655049 0.376900859218675
0.388336463793119 0.369436977626201 0.695499598086459
0.242359153749012 0.740314373452289 0.0549954861809485
0.978490835901558 0.560502125456985 0.590268894283155
0.0325831915608698 0.225415492668787 0.0774624244811724
0.778031351831071 0.065316025313252 0.229204289444097
0.761044962250185 0.939471611719163 0.724196473469987
0.914856857506732 0.655947369330436 0.796486971704463
0.240371489893861 0.43441252612192 0.374277539084689
0.161760133759557 0.770626428960153 0.0291067449333258
0.67610566749461 0.0652030556802199 0.0343965734356071
0.724394067059285 0.505412579621928 0.940847141968003
0.359974328391264 0.812253082380799 0.313189217539113
0.0944575534637131 0.901030742655672 0.0175837694954916
0.704469733407889 0.896259891039024 0.538971711949128
0.0301904891632258 0.0546854345836812 0.19538071812119
0.000768877703611014 0.0134009496120706 0.0150023036253378
0.868154155348354 0.778316273610905 0.636464232875708
0.258452794671759 0.0225193045102511 0.000240448143512555
1.79494455744113e-09 0.541684041292963 9.16960863165899e-14
3.00598253990502e-06 2.7372962832613e-06 0.0171617149246085
6.60904939896538e-07 0.00226020195480641 7.59938870318531e-05
1.51453166112642e-21 2.44000502537322e-06 2.84631179519299e-19
0.000585688451015952 1.96332964645143e-12 0.256868010123941
3.32838552970367e-13 4.41733645031125e-17 0.0130669231939403
3.04296842854457e-33 5.99680476946049e-17 1.52089106370904e-19
0.20486089806533 0.184848964167042 0.900866129439744
0.0761556460740315 0.111269896133203 0.226936760687258
0.502225933365304 0.566059141570775 0.681476852590391
0.0341669493094961 0.131697450691497 0.00282837184189
0.284270017808034 0.240146320661024 0.667107091350047
0.116506803416425 0.155543111435147 0.36635983660571
0.321175075389418 0.342091161733718 0.744352181794597
0.245741344025906 0.23343832715586 0.999968641974149
0.129036593590727 0.126595187873313 0.897575927577489
0.0983931902948744 0.0354603349332634 0.10881619227521
0.988449842961298 0.404051429030389 0.000244274859530143
0.274497460761216 0.195096728538848 0.486919974588165
0.00357329161156657 0.00382953433375825 0.613533426894595
0.00307040051552328 0.00355119408116846 0.53552734508576
0.0428662562630113 0.0622399588781776 0.137658710213487
8.9834379470426e-07 6.9852804456451e-07 0.706736029676617
0.0302276035610588 0.0397659368376243 0.388615584434788
0.00468214831697347 0.00953585182764097 0.119142612637461
0.440438251465888 0.525837718334631 0.353711157454191
0.00473025102446502 0.0105840705356571 0.13210354506409
0.163760939224087 0.633171861629462 5.41206408356874e-05
6.78601423866537e-15 2.79590827146431e-15 0.643196262905446
4.60482324612025e-10 2.3260626769657e-09 0.00847088608310259
1.27215935359498e-11 5.50036810899388e-10 1.51515194086106e-05
4.72384591532265e-26 1.72738741636335e-28 0.414295458260829
1.79481947560925e-35 6.76294106533238e-35 0.0253172096778865
1.36142971735695e-31 2.40256468780234e-31 0.049182333898229
0.0131064937675051 0.0205939477368728 0.251022623240951
0.991174316559917 0.755964338973057 0.476101870403698
0.00843959308591603 0.0291948532809756 0.0604755963803783
0.939757588066744 0.742508565453755 0.58548542699063
0.0059595627832163 0.0219100115104282 0.075095012786063
0.0825342983053843 0.10601938144703 0.545488607735062
0.0648404112045463 0.0107433438089102 0.339417792612176
0.943412429727593 0.890724974794397 0.899019352581551
0.531210098784022 0.737497629394658 0.413706744478218
0.253301587936825 0.299596361977417 0.58960520620132
0.188211718270374 0.081689622775499 0.574706424765646
0.711365863072809 0.638739204468102 0.0602343497386314
0.0108180225561457 0.0098813946930634 0.52179052179394
0.230034568140806 0.38992355425079 0.249557358067089
0.000838900053112429 0.00328933271148826 0.0886089530753069
0.0568761983034395 0.00769137045091749 0.327812253906254
2.98711721217975e-12 5.64753375506429e-10 0.000665408439127622
4.46739529678312e-06 1.46958969607815e-06 0.45827960777646
0.662479662242021 0.688581641334173 0.0928339173035688
0.0396759367872166 0.810736075803137 1.7269148184753e-08
0.00727734736250797 0.335906318923694 1.67252235074711e-16
1.51942895979375e-10 4.05382717313956e-12 0.492553879936518
5.02636171166651e-21 2.86897201818599e-19 0.00043291628695749
1.50566883396544e-22 1.50790639429949e-15 1.90368536263676e-09
1.77722453375265e-30 6.59348378679723e-40 0.854460074176089
1.49805002608498e-30 4.65936222108386e-28 2.74713201694631e-05
8.25153756212274e-28 1.48600603385863e-22 4.09418639345487e-09
0.667637460722561 0.549658767350634 0.805464163865614
0.0129606770685491 0.0270347036007851 0.226370696151749
0.773191173565779 0.82005897301484 0.2335995181089
0.877108860151054 0.83977426583952 0.955208310675184
0.561284477752854 0.809015130235792 0.399423794081567
0.0060031315931507 0.0107644712125911 0.296010468984187
0.20753239358929 0.381711520465617 0.265905660118511
0.955938605799493 0.748450670553782 0.464104871747637
0.00986718499635138 0.0576597580867904 0.0456370313940076
0.629839343337073 0.689646156775866 0.772461392908729
0.427083369071287 0.920196925283572 0.101879061064728
0.568612730577623 0.745499155555613 0.522841601985641
0.489402519881204 0.365288115287402 0.788394371765489
0.00235719136206481 0.0365733077301474 0.00673535913653547
5.28344576332796e-05 0.000754478044672569 0.0223415567182418
1.69959038742246e-06 2.8802599995623e-07 0.637679588202735
0.000957160918206511 0.00254159966570177 0.173117217152432
0.000338835746269324 0.00464994787927966 0.0159934672777892
0.397299483069972 0.359349530474454 0.949365014417938
0.0112123251637082 0.622440609623392 2.25682441338404e-06
6.31940437033557e-05 0.785719486117301 1.34846789216222e-17
1.49284254376882e-13 3.55658582008528e-16 0.722814928376123
1.22643232853477e-16 2.23322226486671e-14 0.000326231846754754
1.13032119568082e-24 2.87742546446355e-16 1.26186155764166e-11
1.48545630251274e-51 2.12255413082136e-62 0.552090593710252
1.11198641789789e-59 1.71080477754114e-63 0.00127389540782703
1.71154452160332e-75 1.35353732720609e-58 5.90700862942954e-20
0.677808523138253 0.800696294241934 0.443170626863438
0.505129662121237 0.308852587564139 0.989463174045853
0.578909569379948 0.184206663992032 0.689317723630419
0.635125731770834 0.600026920915326 0.857745708068775
0.268372880936426 0.772871873113857 0.216417941689922
0.764850307555746 0.417205750763297 0.267614576779432
0.196609002394359 0.582172243501173 0.212298141433004
0.363464106091507 0.337341740392207 0.702457620444592
0.161625184917216 0.061713878509731 0.7843739016573
0.787178396298099 0.45951545956011 0.780224805592701
0.101093039708835 0.4047242972239 0.14857705020146
7.62178791569449e-06 0.874589551847067 7.74888814017903e-09
0.0547917566944636 0.00905858539968842 0.757463915439596
0.149172967273344 0.543076330623388 0.161497475374897
1.92663629197933e-07 0.189280967406791 7.59536001918001e-09
0.11088306803455 5.03405252793338e-06 0.0907341601772336
0.000115858248536459 7.32549713444079e-05 0.0824925713957083
3.19208314691603e-07 0.00293442338949666 2.13259224237886e-05
0.663180365508649 0.0779579120700461 0.331720399776633
3.45893386121578e-09 0.878131599683612 2.26628095253453e-16
1.96480682963533e-45 0.0623236572888369 1.8672395598758e-67
1.35500696762857e-08 2.13411127588833e-14 0.285768603223919
2.12637830548898e-39 3.92867020109482e-25 2.13236138085988e-18
5.42972220921379e-75 3.31846433337516e-10 6.64921080943518e-81
3.55160682550999e-23 1.34574306995789e-54 0.965936820159836
2.72024388120856e-70 2.30290133803896e-51 1.26314412489686e-27
7.89942283485889e-109 7.44577911571103e-46 2.9946623542264e-66
0.021937004632507 0.0486405403895672 0.0635598798191407
0.334296964301259 0.453931633376903 0.206950361202261
0.882916869320187 0.777874048970947 0.0397652442644374
0.0788116594627086 0.0900278955969177 0.598575622662317
0.782149689345221 0.634006535448775 0.355005727848576
0.734191655702135 0.501360172244687 0.0823656832769635
0.269071703081783 0.354671175865804 0.305335668646665
0.0343657218611585 0.0486391251637049 0.332458893433316
0.00756246849222881 0.0109313707968502 0.326299355607626
0.920080038542257 0.925647308438873 0.960294936286838
0.175629646314278 0.191398812330857 0.686083016159662
0.322649634203261 0.204547338370581 0.230091786611081
1.59011274972713e-06 5.31243926865891e-07 0.67019401462043
8.1370569985927e-07 1.80179982916894e-07 0.441423054600965
6.53197500366058e-08 6.38382895189842e-07 0.00843262784438945
2.51284408061063e-27 1.17628603327377e-26 0.0328820734912503
1.29643519866992e-16 1.89708767940139e-16 0.18155118256738
2.03883179715478e-16 6.29599708237545e-15 0.00217315362779805
0.0414183527940816 0.0906471833592008 0.0262591825581757
0.491675836814019 0.0822293401750516 1.42603093055035e-06
0.0108895162364317 0.374138945009175 1.13081873200042e-20
2.84372708768482e-69 1.43157676167412e-71 0.408790646333402
5.57248688619659e-65 5.27715882811833e-63 0.000200364383823045
1.20369787300718e-70 5.55236096568136e-62 3.09945232470252e-14
2.49092045965009e-136 1.02802413800933e-147 0.0995650209113277
2.28613031405155e-131 9.19242269638186e-137 0.511145238163422
7.26853312107635e-145 2.13400886591936e-140 2.13976447952799e-08
0.799263056599473 0.976269697788387 0.581400774784358
0.564902018970672 0.702789912632383 0.585141886245063
0.778974350130634 0.901445777930443 0.686388311980954
0.0555189768607853 0.159551314020947 0.0875842073274497
0.921323904582249 0.588243831713054 0.377785063381533
0.132260412566121 0.215356196733119 0.300672435522917
0.728217104465534 0.636144121475312 0.869359486408611
0.691954270451205 0.680787672789034 0.9369382711518
0.132779584853722 0.143371407725986 0.620144503292605
0.768654776675487 0.974850697097009 0.512171623369772
0.984032117668716 0.233329434253908 0.00710074463469376
0.0407516568933286 0.349414450541365 0.0025998802075634
2.47150197932232e-06 3.78987231031036e-08 0.674264099624249
2.89450313721071e-07 0.000113834238474208 5.43983323451602e-05
3.3246281575484e-10 3.48616899613781e-08 0.000614181290248773
3.80758400916962e-08 6.0785355978216e-12 0.174022243808346
3.36486441994295e-17 3.60151345452654e-17 0.0159863616309899
5.24413159213598e-23 6.2817815710083e-19 1.22751636917452e-06
0.916940826950944 0.976808094736566 0.856802121565031
0.000117569285829639 0.706423149332948 6.59929979848239e-25
1.46053744076088e-11 0.246781708998736 3.70078842524472e-76
5.47475189325832e-48 1.46712733631035e-63 0.291550196677236
2.69348150954195e-75 3.9625640515827e-71 1.36488056715823e-10
5.93852067712869e-100 1.93506055942958e-59 4.38749267893596e-67
3.8229141014321e-99 6.11768537844963e-122 0.187972058390834
6.35436363332708e-142 1.43326962327544e-142 3.62236963884885e-14
3.43196008601552e-173 9.08791465659289e-139 8.13703853147284e-50
0.33371065938744 0.316027017817516 0.867794639797317
0.968306017741015 0.915516331440343 0.903675990557018
0.152099358845745 0.13161788525073 0.85388638666648
0.179764595075754 0.185307736584215 0.718123482036037
0.0573994693839414 0.0949855938515708 0.343757052414296
0.595815007863352 0.962410542139596 0.187941749108189
0.947978586698055 0.591053954016571 0.2196612875546
0.660517676935763 0.417150490975868 0.510369392903365
0.00261580977730287 0.00381389056336073 0.305304668664673
0.139118647163583 0.118125713391513 0.853101537488998
0.551370154233631 0.0165075489640652 0.000386999110463765
0.497190378834193 0.721164060065309 0.0247680294270434
0.911749162385982 0.905492563958533 0.990714643089394
2.01671719929835e-06 5.72723108659069e-05 0.00887730698431894
2.35754103555969e-05 3.28886284171408e-05 0.253711252796779
3.57976811353295e-11 3.24077937429923e-11 0.113876907483595
1.10170924006044e-08 3.3466351369915e-09 0.295659929109555
1.05868853375713e-13 1.52893110793778e-11 0.001120245445414
0.865114935297748 0.97190661774468 0.655892046222299
0.046491009153637 0.501376907539448 1.41350920864323e-08
2.74279940882041e-17 8.76515380030339e-05 4.85069678141954e-29
1.25889296621085e-23 4.30232524082007e-26 0.171098308681226
1.05506534882847e-41 3.93877904165657e-37 9.39501095257201e-07
1.77941488952054e-60 2.15269838543327e-36 1.32065877527117e-31
7.09994482530943e-76 4.53064178204401e-92 0.631515540100807
1.40157828272185e-96 2.47462523855439e-97 3.8958254989329e-07
2.28626525638327e-133 1.36984622997092e-106 5.66348959932614e-31
0.923875097779188 0.509622668355022 0.658931729763884
0.791002272414765 0.994160574713459 0.729636882065797
0.0211876412982794 0.640958285057094 0.00814925035081894
0.72823904177482 0.663962434756126 0.927812319617245
0.916261209062584 0.963973339542787 0.919070763456419
0.256406442819738 0.166957991931792 0.731239738555041
0.550677464737099 0.640053758940949 0.224811409744162
0.0192671851051756 0.033530929508089 0.200123944523998
0.0237178924939489 0.477572773597598 0.0166852246309818
0.740635610393452 0.946360621853125 0.621320806969781
1.85430300199924e-06 0.0490136813404894 3.00457828171954e-06
2.09539675077046e-06 0.958737455175227 3.01785629085294e-10
0.126093814039457 0.0372863930530025 0.821659847427127
0.000309197977987432 0.00683467425761483 0.0121042904190373
1.54804426520568e-10 0.0671262548725866 2.91942948878949e-12
1.53620385235705e-06 1.28481504159105e-08 0.143946216255796
4.75712179585123e-09 3.76490230767618e-07 0.000603482414510686
1.99792968004755e-22 8.46880864195818e-12 1.13512020029496e-12
0.0913776650558782 0.431274171136014 0.115589587905084
3.63954471895418e-28 0.163473157337431 1.84836070043189e-56
1.26621908055693e-69 0.731366217443335 2.24112206272912e-123
6.38148437383063e-12 3.37200936370292e-30 0.478416146257931
1.73207316965321e-71 4.33481439571912e-33 3.59576107309446e-43
1.2041086065155e-145 5.50071972483644e-28 3.11774174429786e-138
5.44217275455415e-52 2.71306244845008e-116 0.303366526424932
5.76995379779159e-122 1.19616768623773e-104 3.90994718787688e-37
2.62495465744293e-192 3.34192335525982e-89 2.76946365716305e-114
0.457999151731396 0.702619528312125 0.0656052279967895
0.934818117214755 0.82791036419777 0.1669697324262
0.467687693958402 0.314802903896758 0.174276583900117
0.328296992265717 0.305596721955389 0.90164850496214
0.000865584385770635 0.00153693187120503 0.228968984098767
0.472085798583258 0.615930228100769 0.233127185788375
0.147691192067359 0.0957354587992248 0.328204548980156
0.0265945657511988 0.0728710723423482 0.0170305632987994
8.08322237504593e-07 2.98241199911879e-07 0.691245469352593
0.493545138932674 0.560576342389728 0.529080885123853
0.0669144832503263 0.0242416553658656 0.0717517763528039
0.333016556590546 0.0783668115869773 0.000461475540039093
1.24470983831408e-09 7.26628543834917e-10 0.740236502128511
2.80659282286234e-18 6.44032033771708e-18 0.11105960270388
3.88319550366394e-17 3.2131224673299e-15 0.000281057523371699
6.13749544745403e-32 8.74480900284166e-33 0.507511739847607
2.05433426441398e-40 1.07140842198282e-40 0.108909662562111
1.55371686449663e-37 1.9055811896688e-35 0.000701574565257567
0.229055258125003 0.199703600567737 0.818424456713416
0.711125197039534 0.478764706249636 2.00905095579421e-07
0.234670333818235 0.217370908647102 9.80761946021241e-35
5.45099826011202e-114 2.20425138500804e-116 0.0980377503259478
4.22516961420875e-120 1.25220281321504e-114 3.58642968157597e-08
9.13283539419885e-151 4.02962239903394e-134 4.73277510575494e-28
6.4388826744676e-257 3.03926123811331e-270 0.764463327074108
2.77639801175253e-303 7.30448016488003e-301 1.09641263613076e-08
7.47688573498224e-293 1.05815259173369e-287 4.97697715837576e-11
0.0339161049050358 0.0808852856469933 0.16763729810632
0.601023419577651 0.55792902010251 0.989678415387007
0.840500570380705 0.320817955647115 0.0145884751865554
0.620724211348086 0.292349638198999 0.298998660588167
0.000803546999167901 0.000365239309854889 0.620605019163282
0.0174470371246728 0.157883160967261 0.00684214914013687
0.00119070786448976 0.0119484816934525 0.0160000097822291
0.0748991832388399 0.050312770935179 0.890274217085588
0.000557668494025517 0.0114543937951122 0.00422440809157088
0.960216141187346 0.726609867363565 0.542922842101636
0.172712960389776 0.797497095269981 0.000237414350483089
0.00495991009896941 0.980404088269204 7.35460241208588e-12
2.57885141711617e-14 1.05988858164116e-15 0.237191595236348
5.43101608094585e-14 2.20743686300532e-12 0.00175816236027486
5.16106411652126e-16 7.65209310652763e-09 6.62971163325712e-13
1.63934589894747e-23 1.02640477486062e-31 0.420161404381174
7.20256022756013e-29 1.60413785337376e-29 0.00383053757828911
1.65556163086446e-41 8.61903854597366e-36 5.04311583350726e-09
0.823181443148405 0.453587093526526 0.317892317851075
1.10121779170112e-10 0.740108171832574 1.94674636119922e-51
1.02906390724067e-23 0.494909938958581 3.77125696220464e-137
6.00164935983013e-100 7.09916815732632e-142 0.0212307494702214
1.98738209896813e-154 5.09104743952114e-119 7.27090490176372e-48
7.07049826851277e-194 1.76415235418985e-118 4.30777039179749e-116
2.59786878529165e-199 3.60305752798087e-269 0.311199532417661
3.37594074413201e-274 7.09929199118569e-277 1.23376761714033e-24
2.01154257135946e-266 8.92420797253497e-229 1.57519231135208e-59
