TOT AFR EUR
0.715710179842917 0.680765597449437 0.997069543574725
0.743834576754173 0.483809927382156 0.527264249184947
0.0709670774263025 0.0979648922017841 0.414255124457067
0.880410757167363 0.844126820836272 0.416067428303517
0.0508500377392153 0.282691364730446 0.0343311919302666
0.667560342723633 0.942471966999968 0.399398535802731
0.391629322036693 0.907448091571701 0.0355072840352107
0.962875595987812 0.662581584890557 0.326647327753926
0.0752473072201847 0.166192516752627 0.234130431849496
0.307036991384281 0.3614140760623 0.629946510399904
0.664498114051038 0.98733162767619 0.395548240788637
0.369678444681801 0.260829885263966 0.831460211489869
0.278972609665201 0.243455773373922 0.937412596367083
0.0146467652646578 0.0162430122382286 0.511438374081788
0.082056564777415 0.113196021852998 0.441555254148016
0.232715653323288 0.353656739512174 0.420485158905704
0.106471360757656 0.0711948510407746 0.987849490358005
0.00352432256583092 0.0105655018792908 0.16007536820881
0.260279253397056 0.220720814939132 0.952851828532713
0.0562563501674919 0.0551199715780301 0.65498137030444
0.353463820690721 0.78469102870827 0.0161946930022229
0.00286638500867347 8.0970696151972e-05 0.311498611074953
4.32649335045853e-10 3.63912118005323e-06 1.09072314561356e-06
5.35221189626816e-05 0.0181817051135166 3.12234262065061e-06
2.00569510340271e-08 1.57805184390931e-12 0.0958508609503126
4.76613174956209e-10 3.83773622982397e-08 0.00139689658204909
1.42996648232625e-14 4.11141276442732e-13 0.00646639712485938
0.828388001186324 0.540005264311262 0.808781371669375
0.468770188360581 0.264171089319251 0.0643030283177527
0.59691406982833 0.910329438166803 0.550576969537713
0.319201324753494 0.359255543593761 0.600985195205777
0.365482531044905 0.863607004183802 0.249098642332931
0.0602265922760114 0.970691775277739 0.0116583180419448
0.165340028586439 0.381815347089886 0.288347616414686
0.555389479262165 0.442379510826076 0.901417189194715
0.00872975211765466 0.490149084141939 0.00307983572219896
0.694529452865975 0.390145097877736 0.838873542015287
0.0521665597509187 0.392137596268668 0.0665838374704037
0.232561955796567 0.188373305525434 0.649921005137275
0.507370245140264 0.493418588305093 0.772447238383113
0.0427747074233779 0.4412503246924 0.0460557471182899
0.107112907832271 0.501039370379517 0.130795827555234
0.12339226405516 0.224056571695023 0.330303543464876
0.0322371988212657 0.0232547798408414 0.37453188753006
0.00508653538620034 0.0114222301869764 0.114447334130332
0.932666108069153 0.866451037245998 0.966080960201411
0.000753162599567272 0.514462079323768 5.64433635181567e-05
8.17181889400595e-15 0.125014039744611 3.59405030158337e-20
0.0740404442335818 0.0254213749327337 0.579462382419843
2.950488997083e-12 2.13631497298568e-07 1.49761310633544e-06
9.36361550986081e-23 2.33053723780589e-07 3.65980965693136e-19
8.17614913924274e-07 7.4574795093652e-13 0.430794834950711
6.8658116786593e-12 1.00786259681651e-12 0.00244295328896305
2.73489356414581e-17 1.25796068812482e-09 2.96359234355441e-10
0.841518954434946 0.600915632620648 0.0379275080088054
0.538481041426702 0.766153667624811 0.0574790647755286
0.173053108819424 0.259081278883977 0.227843976146863
0.482614090731869 0.580009790496845 0.318308404748613
0.117236030349176 0.314009348955743 0.00850727414256701
0.951267081908672 0.931524905922972 0.910974728164961
0.834005174122545 0.91674101902113 0.507300674188289
0.0441532389338211 0.0753595526275135 0.180835664187071
0.148028813552408 0.193167047111745 0.444356905625987
0.464891645485615 0.655368508410691 0.187708627503327
0.342683371102456 0.229635020920998 0.199639261301016
0.0721068665671832 0.358939070518541 0.00022489160856464
0.467617790289266 0.283772589098533 0.170911352515072
0.0357589732689343 0.0564827859620926 0.304204421383748
0.0243325068390994 0.0427634500748852 0.15838775462266
0.00272996116476212 0.00196518140319852 0.865458677393699
8.14013398253427e-05 4.83717916783742e-05 0.881236375396711
0.00150732282906043 0.00295532530976415 0.19211325957258
0.184933177473076 0.215940121226419 0.644960853596917
0.977410554286931 0.611738259131069 0.0127534720971014
0.477118578119619 0.147953020088612 0.00119640837057756
3.96932874840214e-10 1.05103391260835e-10 0.899680549721382
3.21241143492546e-16 4.66762812899292e-15 0.00608239164378296
2.10378797410466e-15 7.24863901996883e-13 5.41195455329049e-06
1.47751986547255e-23 7.30659960904459e-24 0.292832186335836
5.24137043653498e-29 4.26496644022606e-28 0.0291447093718429
1.70351717391882e-30 2.03540424801611e-29 0.00650192290620811
0.942988836656604 0.896732586846055 0.91401100310786
0.517963020860785 0.37272406735544 0.753974500102764
0.0208100136476213 0.114008798236195 0.0371578587650255
0.113605043766047 0.284436171878593 0.141655184737459
0.588694958965236 0.75580677550891 0.542880755238043
0.103326311080517 0.23904374165239 0.137065558271257
0.810440547318907 0.668276738118073 0.747269497360127
0.0597794888260851 0.0868636403541684 0.364493298986076
0.727950940828234 0.546997153491847 0.663699250752944
0.404510781018612 0.155528790030469 0.281917571666555
0.722052063804977 0.135800090509033 0.0275564603994821
0.273376749732594 0.603990564558263 0.000475052512180785
0.00343700292268962 0.00491390311552757 0.203066033155274
0.0761747422729318 0.0569021878571897 0.778650409727294
0.903082092000473 0.882319729649966 0.568045837591597
7.57819852427636e-08 1.49289521039173e-09 0.90322693382976
3.18783996355774e-08 1.56889354888213e-06 0.00380553366712362
8.35571211339368e-06 3.7185066329776e-05 0.0516665857831364
0.0942884798268821 0.175721606368423 0.251687896670512
0.00199802633921091 0.317850632121073 4.8096260634036e-08
0.00258024383134079 0.876370779460742 1.01294395685226e-11
8.00130158025358e-11 2.44986108062912e-13 0.900757524975348
4.53184677836207e-16 4.51645714646803e-11 3.19737912121144e-09
8.63453127306296e-23 1.04774212776181e-11 1.38436569925131e-15
8.74384694837134e-30 1.82202603645167e-35 0.285109320972934
2.63188992050039e-26 5.71905713535282e-29 0.0527863328889839
2.13415542730714e-36 4.91812251811464e-32 9.59341158150026e-09
0.0366760758818979 0.024091692353974 0.855490335859439
0.789288950745245 0.701932786326 0.160809132969439
0.848607136365543 0.654533748541834 0.651538048868777
0.983457606978746 0.917016755957634 0.784232097072442
0.113647054171077 0.158961634651014 0.459219492209017
0.0080121331411637 0.0779063766797974 0.0134821466101785
0.738521948227596 0.382883885473718 0.307649089297785
0.782439357832296 0.300543017758316 0.145320639173996
0.618867007674298 0.863496895723578 0.136792118232179
0.944357050510557 0.90755102717724 0.937684622189119
0.975205219030182 0.792936600522167 0.54990886548576
0.221689895850173 0.969858175047481 0.00271316140604611
0.333306944375015 0.423526313674263 0.581248848279756
0.00248791168012296 0.0020486838672042 0.526514601478643
5.46929216282007e-05 0.0013920380535432 0.00854676059701867
2.68384360463323e-05 9.97413761415115e-06 0.571136137963573
0.00207615393998057 0.0012768022543659 0.638327678726587
0.000695221990248169 0.0311706103017434 0.00152777733862301
0.284212789484951 0.689076968475033 0.109059583230955
0.120941907190922 0.845431696251326 7.00598700112906e-05
6.54530143672647e-08 0.166984297312126 4.47929808353131e-20
4.78132720521381e-07 7.05634197262387e-11 0.0911158579545097
7.34054057431528e-22 6.70652171600876e-17 2.37013463274941e-06
4.27870968633115e-23 6.73830058380978e-14 5.47250220626372e-13
6.30625699480037e-44 2.01843054146386e-55 0.903902728578206
6.43841812107728e-64 1.45414632937991e-63 3.16730900592596e-05
3.29381648471174e-66 4.57809759201815e-57 4.06572287279096e-11
0.680117474456237 0.90390110376844 0.657883784084799
0.666995550547872 0.694111652989429 0.810290585762088
0.0397308155070645 0.407988448905574 0.0425864776160335
0.549686871379671 0.20060105859752 0.0535773561454996
0.280998966774806 0.409711550454335 0.471082094185981
0.331883178341596 0.643181500260051 0.375217031713624
0.307982189690397 0.259312294671473 0.716567506865275
0.012212555378322 0.0145477753798652 0.22329357323942
0.0293372387873336 0.018256277551079 0.364915323356355
0.152343992212644 0.282519579777837 0.322656036130995
0.0706338075494777 0.571693437944721 0.0541897106892494
2.57696829023091e-06 0.59452004998399 7.26484223349854e-09
0.246580691632902 0.0991406842628939 0.902024173521358
0.000142580549259083 8.6824694390081e-05 0.0792887619249292
4.06421319512688e-06 0.534668876892287 1.76653006372186e-08
0.0159159928751498 0.0257112038331624 0.197150758563534
5.0688351210728e-07 8.82086794857857e-06 0.00319212075960085
6.42513070757039e-13 4.22351781073205e-06 2.16786738086295e-08
0.223793248117903 0.121020568492477 0.749404519592341
4.27853356309262e-08 0.630616364122489 4.69833029755215e-12
7.49533610376999e-42 0.787122912206686 9.11426397125808e-75
5.7658577971101e-06 8.24657625608588e-17 0.292839146538522
2.55978300688211e-35 4.48459370082764e-20 4.85333436334043e-19
4.07666553279188e-87 2.77390474567438e-21 9.64893335737278e-77
4.52530477016625e-20 3.29418830475107e-54 0.44419067344901
1.09739920730857e-55 7.20679531583528e-44 1.87616118319643e-20
6.97011406477458e-103 7.24420408439684e-49 3.71731169179318e-62
0.87659882072702 0.670285836605878 0.146339346643396
0.664767257677443 0.545467526448345 0.457026118353453
0.107628137795455 0.100386568044604 0.989790130683841
0.38532720159712 0.456871601660422 0.466655752283607
0.758835807495742 0.956291124757966 0.171044385020954
0.39693091303491 0.396501240924887 0.914443842235738
0.00039532816332517 0.000545926113431646 0.391538103875189
0.271655307398258 0.2886991692688 0.725783120682206
0.743337902173125 0.781231658613681 0.79859067328864
0.944168862809718 0.897540207890916 0.781826902651915
0.38609807732 0.318732025665506 0.622725550223673
0.195358533247023 0.0763832666093665 0.0231610797602989
1.79800153451918e-09 6.57089831384327e-10 0.955589503110198
1.31221905982757e-12 1.83328154746951e-11 0.00417813484680223
8.95974320129502e-06 3.78162425594142e-05 0.0449727216727092
1.4169379057573e-21 4.58359900396391e-23 0.467091567527513
3.10618843161225e-22 5.99885888579441e-22 0.121871586940061
2.41762992597798e-15 1.438641802512e-15 0.487033019870112
0.129154745824982 0.15361691367632 0.535360575447694
0.152360178883745 0.681567734472796 5.68877264046785e-07
0.0184735936617102 0.337510562272619 6.30776798479988e-13
8.60162161727441e-59 8.34810347699335e-64 0.148251743396089
3.17020843529099e-63 1.81874921244113e-61 0.000157708802087624
3.03071172485223e-69 8.9047167690087e-63 7.38652076987461e-12
2.50494088323048e-131 5.52718646109381e-138 0.992054284285802
1.69750655105984e-138 7.03331248211887e-138 0.000180727658913274
2.8803721115623e-156 7.71843945037814e-151 2.06681277674332e-09
0.301077265891054 0.223901408742602 0.92956196897311
0.155093973487572 0.569823219067333 0.0307558484485081
0.760090218064195 0.25764381073114 0.0932586997085862
0.0059493584026627 0.0139655444654219 0.182536540126061
0.733915356895134 0.967045525627101 0.480553024523996
0.553868209055036 0.783564257870081 0.398205955551623
0.0061385301177826 0.00249032820663188 0.855310355616064
0.0066760823385296 0.0031019830646775 0.81905647797747
0.025208002150384 0.299526751298941 0.00121546905488133
0.691736705337188 0.944925364709069 0.42508075905174
0.00492182302478463 0.0248004372897651 0.0519506053728593
0.0196115811915106 0.867726292498926 9.69385656849589e-09
0.0234844220290538 0.000168965570959925 0.0109813474034307
0.00030965569421118 0.00292419937647751 0.0199462660354585
6.86611212482392e-11 1.54906191549941e-08 0.000510188757184831
6.30277718014754e-13 4.32495442235884e-15 0.565621681368799
2.85348378518908e-16 1.8006163436455e-15 0.00613352562940984
1.24219094608957e-19 4.44918383371699e-15 5.12856172645868e-07
0.432640152236514 0.686504765387277 0.308859577589244
0.00365587765227163 0.293288499110278 2.62739735038071e-21
8.74078179064462e-09 0.229914076479459 1.17355858237109e-57
1.9097794182192e-63 2.74680655784183e-75 0.228432923240833
5.97381098930067e-77 3.19013465572589e-69 1.34107112406836e-13
1.04777570428429e-79 8.87194792183357e-46 4.85396504793466e-56
1.16480911580984e-107 6.14596281290414e-143 0.41306140319785
1.92084309331614e-144 1.1943902781091e-144 2.57828104754715e-16
2.03210426930609e-144 2.07104119554675e-118 3.98188252882548e-38
0.927889889404419 0.940656568146726 0.957425882725972
0.898384235956673 0.420845975111103 0.0583650820867545
0.935850205580341 0.818006182715032 0.509335848550355
0.116577965041988 0.25254177871821 0.212811446984868
0.229124463641193 0.737316020300648 0.0468545152504411
0.236763948396666 0.187378746015781 0.979654808583386
0.0346710001687075 0.0680517497603406 0.280573688470816
0.887270355026902 0.83418143374562 0.918782107009147
0.00392758130741383 0.00399495193859447 0.459133785435609
0.0405648198849135 0.149698020931278 0.0923004694493671
0.160280767761807 0.688245523182886 0.0195577770236691
0.714187342464668 0.096103471473039 0.0107737744148645
0.237332213559493 0.279697952186865 0.618101483893546
0.000317653928767535 0.00173295251155406 0.0759990706492671
3.0120411262364e-06 0.000255660445502837 0.00128561145273779
5.27310833841935e-09 1.04645489831361e-12 0.288983270769018
1.12476197860328e-07 3.22143198537699e-08 0.401549815568266
2.7063266957455e-13 2.93525750216995e-12 0.0184384354711947
0.641110917095991 0.627510700682912 0.941600835735338
0.354028960572004 0.0234657686093453 8.33727589406236e-12
1.93106270466823e-06 0.497783003039264 2.50975299271055e-33
4.98538698284168e-29 1.3792922927633e-36 0.753899282140141
1.13461341283665e-42 6.57260580539402e-35 3.93837747483325e-10
4.39141518762352e-64 7.82067793250637e-40 5.97012695990066e-31
6.48763318921494e-93 1.20906942726127e-106 0.0223045941974576
8.03546813797599e-108 1.04454325953438e-116 0.000266139560529172
5.11101319902539e-141 1.28781813179087e-115 1.37729098821229e-28
0.828918712974263 0.465220786253481 0.74127156255911
0.00491088891202279 0.312921179259003 0.00394364154909156
0.833382703119999 0.094411427151888 0.246389041090071
0.502735382148066 0.072611560270126 0.522686452053959
0.172591683228696 0.658497398752894 0.147980585886295
0.00349355660779035 0.168566183020191 0.00649767805374566
0.601107644321129 0.569641431449833 0.23945623453333
0.198654449647933 0.071550039072309 0.852723929904
0.0231503040539544 0.700690711791573 0.00751977803693336
0.687483717658979 0.351679577898737 0.185557393008119
0.0247717965576068 0.0159539740618301 4.59014536304748e-07
0.000286172927329018 0.234530476511905 3.26296704050872e-09
0.000350894783572802 0.010184046059595 0.010840734488156
0.000381003630201945 0.100050354194116 0.000795241476426892
2.06734421907146e-15 0.000105862733481053 4.58802747948791e-13
0.000991684332875481 1.19117019078037e-10 0.313314060670934
2.25286080959177e-07 1.70626787711783e-05 0.00123664358276504
2.22247735415984e-18 7.27640181814323e-13 3.20407272618781e-08
0.5772951819545 0.837545708193169 0.568529857544239
1.32706282096295e-16 0.0710601250428452 7.76272304765135e-37
2.40660501890031e-68 0.53762047013685 8.16775610748354e-130
9.46790750846185e-13 2.78460786865309e-33 0.544907744903461
6.7323678116661e-72 2.70598091925811e-32 5.55616338782907e-43
3.30378048007093e-129 7.28261884661273e-28 7.40427030718454e-118
3.44117463031534e-34 1.9515432354807e-80 0.969620863807331
1.02733274397518e-110 3.10106475702935e-81 4.91058607190209e-42
4.9927662960341e-194 3.60464183221807e-87 1.1458169405404e-119
0.334610914906163 0.320515255351934 0.988218677428009
0.412711912516144 0.328121477564096 0.471760294391492
0.144825975231229 0.0725817144156151 0.144051465296879
0.466538459734751 0.390974857870913 0.601934137608705
0.05876847661494 0.0303496637780461 0.241817482788306
0.879816208494307 0.826108341319346 0.751293803117166
0.00867772726797718 0.004152209384726 0.38182286743511
0.0033138789460274 0.00472845301633212 0.37535133235729
3.81312903209162e-06 1.79036324632387e-06 0.866570579602237
0.028308929342971 0.0201398608127043 0.707442693379846
0.620837787907676 0.921876223687457 0.0325080211137783
0.396362958264683 0.923966617322671 6.74331252038347e-06
5.63829576946285e-16 2.84639107118541e-17 0.462139294566271
1.25868596776031e-13 5.64560561798193e-13 0.0422732388329749
1.16098422491478e-13 1.83766856294174e-12 0.00903641142750627
9.86425292375282e-32 7.34028085223815e-34 0.582905202122799
1.66096504881786e-25 9.97014139827737e-27 0.965892514783899
2.34620198874123e-37 2.02701857823975e-33 8.95024145191457e-08
0.995215691389641 0.982654642292687 0.889141705851086
0.00245435473243464 0.16060795808422 4.73706615704096e-17
0.00558376420588185 0.731372887068165 1.40315564596903e-36
1.27446120770521e-131 4.7768178496228e-136 0.252571523612191
3.84570945097236e-154 9.66773971946829e-151 3.58300827445642e-07
5.41233579180889e-154 1.73058814234658e-136 6.87850847692052e-33
3.65174854105554e-268 1.52343163234653e-278 0.282970201725691
6.99411259513552e-285 5.02888536963362e-282 8.23411546758706e-09
8.40453710936321e-295 2.05608734726397e-284 3.67593705951279e-18
0.209217277328394 0.184139079461095 0.846211608941509
0.693847580527268 0.554201962460265 0.74995665198889
0.85545412546003 0.502866465679912 0.34109677164866
0.0961753133487004 0.149632755537028 0.357788729406355
0.582823031565755 0.941735252964191 0.140462803702236
0.870357555203049 0.405751156142256 0.1767113606498
0.368593734840831 0.440433951860957 0.606879972959598
0.0526746863175942 0.05956434832659 0.51321417930102
0.00389409028251331 0.0257905046887616 0.0307147412984447
0.505305536402254 0.287379709613408 0.535245747388723
0.90770212098927 0.413032767686653 0.13603570438454
0.000224300347350149 0.749587222566927 5.99654229692855e-15
4.27706306397413e-08 2.07327904176554e-08 0.216572620934344
1.918214198704e-13 1.49018085743751e-10 5.63890795158492e-05
1.11692172115765e-11 8.43767020996877e-05 7.42573288598707e-16
8.57502689327971e-31 3.74125694877721e-37 0.438717494129995
2.26345739699619e-25 6.35383373309688e-27 0.0233886573782851
1.39873327441583e-38 2.10104142768528e-31 4.68541554681715e-10
0.326815046757107 0.169241399751021 0.570153034127758
2.28970522697443e-09 0.423774558543599 3.66183374902262e-35
7.32466626547981e-20 0.445398160091163 4.25911764964979e-127
1.26585786386391e-99 6.31582309193746e-128 0.833617823900641
3.44681777636656e-135 9.7799119675007e-107 1.621470707739e-38
8.76056523753825e-165 4.05109866590439e-90 5.32372477315032e-128
5.33767465766259e-232 1.42916603898312e-293 0.275837022257989
1.41423426911527e-245 5.60694383479093e-247 2.76704730319699e-22
6.03563211396262e-316 4.94365694790535e-269 2.39830768522532e-74
