TOT AFR EUR
0.452858826692301 0.593882217266788 0.527006072281875
0.755530209292727 0.680008055691818 0.907648835311735
0.404903646547227 0.230680204237187 0.605652280854397
0.796125528867724 0.518528656311135 0.442835652532204
0.7751409165358 0.561792756281916 0.607982855590048
0.912345747497775 0.649903780826369 0.471477058922515
0.529108871665646 0.915009277329871 0.258568503135548
0.245387388084155 0.734379418526665 0.042631605408767
0.3144115083929 0.265553216376745 0.986044908196216
0.745619765369667 0.812758890155834 0.799672754238996
0.0754242666126916 0.160718703780441 0.207854523035878
0.483908843672079 0.295545561110614 0.602123024469279
0.864642432072648 0.933084379936412 0.819864316774409
0.392775364315017 0.660591534633036 0.328463369275362
0.75637640523897 0.915836737632387 0.591967162966736
0.0338482008866818 0.0176058282562256 0.996794671993609
0.0233395885307345 0.00434020152138486 0.545041984211714
0.022556670436015 0.0102701549800065 0.925255773421312
0.597861810210037 0.887526935196762 0.134389527961552
0.0341371571777932 0.128790017901894 0.0873942360618208
0.532255603055594 0.384237367830539 0.00196264633363284
0.0677572646441624 0.00479633938593031 0.104808586760578
1.66453204941831e-09 2.0295471983276e-06 5.14903347779183e-05
0.000386231582480769 0.00975162047392497 0.00334315928150106
1.95632521975304e-09 1.55529633616432e-09 0.145279474717886
8.77168614656465e-24 1.30958415158863e-20 8.51313481140914e-05
1.26237871163508e-11 9.77347451420733e-12 0.102428071687296
0.0277677052898504 0.142056132128654 0.0962081865502561
0.41199677956237 0.680384126346423 0.152017450139759
0.186045072917114 0.876218757776617 0.0683949365257701
0.99312201264914 0.95257125353925 0.968028196619735
0.137328018428464 0.740132508481955 0.0924089288754956
0.599709205521744 0.580677195841314 0.818522025033956
0.112732311727399 0.723834143550065 0.0159745646976374
0.453208071022145 0.535674938346724 0.667677367157451
0.0759626956977035 0.0407673133101687 0.505940909863445
0.579628942589017 0.15334135586527 0.623399146202592
0.221291228864844 0.88914375821853 0.0804384630849541
0.380147351274411 0.00592740420051981 0.000585021434243001
0.60146272405364 0.0305177076051508 0.234030281858858
0.0365589219818455 0.374765298618227 0.0430960700467191
0.000466406942259127 0.00267240560073775 0.0453431997576813
0.19309763168612 0.0123858183138473 0.615489734772011
0.135333326419169 0.215729543574513 0.379466208305772
0.00338920485211286 0.0016675628390716 0.208239062271472
0.872224240590493 0.400085446645686 0.641389731078121
0.0144039827349692 0.6580950250107 0.000238564191388252
8.12775149228207e-07 0.991374780815878 1.07292871490909e-11
0.718726125125281 0.0954689018025992 0.0632159491888704
1.19379642992546e-05 0.00582361458796133 0.000471054987055144
9.66011569138907e-12 0.00529812040726659 1.66238797465347e-11
1.07150162797801e-05 4.01536702079435e-11 0.744246333427106
8.86495483114187e-09 4.09923133894731e-07 0.000736393312733276
4.22063945908801e-18 7.47484513362559e-09 1.15108794285359e-11
0.323690662593802 0.428947497798654 0.459275506718841
0.613843362723553 0.668676801442441 0.680900070455863
0.230836869073955 0.247941718408444 0.697734741329503
0.550066511162631 0.662947523927828 0.380466877708128
0.738798893801503 0.87904451212828 0.43414687130928
0.834665222880547 0.566039537842625 0.0606678964708302
0.589136147381154 0.488436006862039 0.495531241742876
0.132141966228951 0.0997192452115541 0.555632186999207
0.176459462831687 0.11901094694026 0.44118844459913
0.916722697714413 0.950488796952008 0.297139134854434
0.134891698203646 0.191265778415476 0.358598091191224
0.1299335497126 0.155690529304797 0.589120672904488
0.0110661509261352 0.0100245928848045 0.916494662770605
0.10108702692393 0.142020390557977 0.280004488891994
0.0466437866550392 0.0241684858814265 0.365275584923086
0.000129207794829456 2.97364483664227e-05 0.228696460954457
0.0545125336931533 0.0491289242679448 0.989448040632661
8.87151504725747e-06 8.52904264146269e-06 0.536543495763213
0.490824459045382 0.470014935281388 0.929687178839662
0.417918632701291 0.706311769036515 0.00250655312904558
0.0253569975540781 0.300368745422004 2.02106164601922e-08
1.12826385058532e-12 3.86303694837375e-14 0.179352953569502
2.13236196322174e-10 1.05585567464082e-10 0.825441765762202
3.03455055788805e-17 9.07846743556415e-14 2.45339274713127e-10
1.1914419715703e-31 1.17318391310787e-31 0.202358244538181
4.64844991168596e-30 2.69927370201446e-31 0.751831527578017
6.6598256792212e-29 1.93924362269669e-27 0.000411253647754946
0.885885076973453 0.786753945165938 0.821967057122345
0.928552844304677 0.932766837758626 0.968331795645684
0.182298620351387 0.186881796176319 0.703643519109518
0.514935572184637 0.746017074494583 0.380347236069899
0.879090835939472 0.888601095109278 0.945968240276227
0.390318676740225 0.156848901150709 0.396239699872355
0.398196959594805 0.28076735491918 0.798822152593687
0.242287298241015 0.164262526507306 0.916281341755475
0.0960940465478729 0.136831370384686 0.435522963587056
0.901644055250113 0.264384759260646 0.00846138791529909
0.108413008255298 0.389871186294248 0.034426272031662
1.21892922952049e-05 0.00110660881209459 0.000428893676529523
0.0030083073387231 0.0132550865298986 0.0722693214412388
0.136346222349709 0.133075758880953 0.670060660446903
0.00108233360046675 0.0960753877429985 4.35306853663422e-05
1.16341159745444e-06 2.03346987086147e-05 0.0111503470609523
0.000172447246929892 4.33253208663453e-05 0.767512239701212
3.14681395622347e-05 8.85269300605812e-05 0.113177156206279
0.932043351285889 0.824226025248533 0.812694652860462
0.287476220580507 0.55829435684965 0.000122780918960878
0.235362223615929 0.111739180654248 2.60895659387911e-10
1.05540151418395e-08 4.13917533246892e-11 0.788413505249932
6.82321244364801e-15 3.23806987028098e-12 3.49750871350127e-05
1.0660669750986e-25 1.07204527508026e-15 3.33252128378291e-18
2.41764977464104e-19 1.6330855614406e-26 0.601046096574073
2.76642131532033e-26 3.63300270178655e-28 0.0106427241978885
1.18918274154286e-30 2.14072307373055e-25 1.29571793122402e-09
0.967506697821264 0.743337744590096 0.436994235098116
0.827509102106195 0.704945911814703 0.780412414809471
0.636272881174709 0.539686175105796 0.859857351668551
0.16697853604969 0.177057658865266 0.686345407131343
0.914554595076135 0.145731993308597 0.00765288498042898
0.434349682509281 0.631674172659226 0.437079158903326
0.0027633420300934 0.0235544400450751 0.0310170209415392
0.606237560359713 0.703592028463827 0.0564378398064641
0.297960777848974 0.268518309784803 0.900731210993217
0.749950361260665 0.787337112588505 0.849670062357899
0.0685901431578263 0.0145874292216384 0.396234250588323
0.111779064716184 0.412911972317165 0.0528940130463974
0.105426812748706 0.146666480071519 0.459998321914068
0.951581460456314 0.327156317502285 0.0678556996385302
0.000579249862023721 0.00341611052541588 0.0634536773010862
1.14169444574067e-06 1.21086523343772e-07 0.753546989468464
0.000460419935719354 0.000221416588142345 0.645518675349519
7.46390471399757e-06 0.000155357055185946 0.0157833467807154
0.636534268938167 0.238159692807677 0.167970737017363
0.0267403583470354 0.707462251406154 8.52242321108991e-09
2.15209692718981e-08 0.123043457085532 1.642713868051e-21
1.7300160493482e-12 4.48701265606754e-15 0.905385042430733
4.89360668676499e-26 1.61267252170192e-22 2.82317708139609e-05
1.7989497407856e-27 5.96298809874141e-16 4.55876281424802e-17
2.61190214293006e-55 2.89506742297368e-65 0.271297810755416
1.7692506223584e-45 3.83029850266984e-51 0.0731833114886833
3.64313722139051e-79 1.2218407402941e-67 3.50714653822024e-16
0.550095025285641 0.768391777624965 0.291470001605863
0.269023026035776 0.23946308092951 0.653700655447857
0.416290915607803 0.514297085187886 0.0921981714560144
0.945666877392333 0.883056967009776 0.829510054695484
0.0536973616415338 0.0714751277808432 0.314159071708177
0.251053438760724 0.64429802124873 0.261235838113645
0.110768973469927 0.993431570716603 0.036204833584163
0.87707474547043 0.828830516624462 0.98427928094716
0.0146430472749595 0.0828735714120961 0.0760419293649737
0.0965027163050935 0.265473956158858 0.221404783845898
0.0431044043918128 0.624477951355901 0.00184452229055835
0.00155495892515274 0.476862547945744 0.000270378942828364
0.329571522473876 0.0374894189025795 0.641733600237716
0.000397775853356195 0.304606799992504 0.000140157310287233
1.47368285948805e-05 0.257271457931781 1.12496020166618e-06
4.04095498862704e-05 1.56861113676256e-07 0.328754116700482
2.40788870478781e-06 1.34583966050605e-05 0.00899548174208436
4.01194396783524e-13 5.7403084264471e-08 4.34519076777441e-07
0.371037695331632 0.424904210329974 0.609396726993974
7.02066307136005e-23 0.000567127133667742 1.92401111326462e-24
3.33109880699812e-36 0.507869559547173 6.25472239839426e-60
3.9917261103831e-06 1.35553884744477e-19 0.132207703767139
1.5489383843546e-36 1.82728384567632e-10 8.76519661675254e-31
2.28646668884126e-60 3.59695281446255e-13 8.243591584905e-56
2.49243264810621e-28 5.28268109985648e-67 0.878455144418264
4.29278953560281e-57 6.23949371326917e-62 5.70434216959724e-13
2.17561439916784e-95 2.35149058867716e-40 8.31192101758625e-62
0.680444673091273 0.756243600550041 0.570547031085698
0.217505631015671 0.314775517113713 0.199191714469532
0.23298769864079 0.322290724795618 0.24963310286279
0.673763344412823 0.785345902477746 0.419602938446863
0.969573865899306 0.885430131029771 0.362289309106212
0.970366853378666 0.978208785133722 0.956406513467148
0.0897106246828059 0.12699368905717 0.260828646914351
0.91006104844845 0.839004874279697 0.663290997013329
0.0158378525799223 0.0135117267995248 0.974163815301152
0.881504546856358 0.881029888338899 0.98798636323762
0.519613026162656 0.73532251108335 0.162872304728399
0.282516555317812 0.511573013498724 0.023103344978397
0.00053485155874089 0.000823414819317552 0.362569205254849
4.37436748712928e-05 0.0001368246096943 0.0437584783334635
1.43354372913786e-07 5.53695184112705e-07 0.0681804386232221
3.87546441866868e-22 7.26324024099452e-22 0.170919465487636
1.22962793526269e-21 4.71170265985553e-23 0.647490583275741
4.11068619559282e-23 5.36748513293699e-21 5.29404797820888e-05
0.252288097318148 0.448284929743102 0.0511528021662093
0.241178537321467 0.463291937075847 0.0140902811198729
0.0498821096116562 0.780443227997133 2.62242003702432e-19
6.2599163348755e-61 3.48177482690522e-62 0.188980998141969
2.18224072563502e-62 1.11140785100307e-61 0.00338224140230345
4.59359657863349e-70 5.37357357639362e-62 1.62781187630567e-14
8.00169399373298e-129 1.98053907952011e-135 0.877175466572939
1.76006482307269e-164 4.56691273854468e-166 0.00225925901366546
1.28349016416068e-140 3.14554828085025e-139 3.69779357335587e-05
0.20100430428492 0.560260957010301 0.0685521505355562
0.953185424604826 0.547056504815269 0.263263311845626
0.915589420559438 0.584267663291556 0.175590732836535
0.17930109895719 0.0573046716852155 0.471117401830588
0.421976791361037 0.467326580846876 0.692232524924898
0.291102603279482 0.560810535832174 0.213281329816722
0.152445069414807 0.0118779184286459 0.0651015200904505
0.00374320628547003 0.00474280038934558 0.326324827323319
0.262876878606481 0.329840658676157 0.530357616615127
0.148478688386118 0.067920157976039 0.664913896549072
0.242924044908657 0.661641154114428 0.000429758303095989
0.0006376844326734 0.274078120426804 1.40159383743865e-08
0.000523791911743212 2.10979866157211e-05 0.528515058322477
0.000184427341408492 0.000872360380500974 0.0596769416481748
8.59037835532741e-08 6.43597720880837e-05 5.04102900454805e-06
1.82605296760151e-16 2.4894177869143e-18 0.193801583382332
9.16075184452799e-23 4.31001744873124e-19 2.57426849609233e-06
4.57687711646293e-17 1.55138513408356e-14 0.000163782807979824
0.90822542259563 0.889314790405777 0.985946439174371
1.88487007582771e-05 0.74862115548699 8.33192089062581e-28
1.39283928667614e-12 0.287545697959884 1.61050154300718e-85
2.13668922061313e-47 7.58424156286014e-58 0.368865176572485
1.73759246680294e-70 2.42126291080325e-57 1.14648887687655e-20
7.39812489470465e-94 1.83641143875026e-57 2.15909941062673e-55
3.64317364934053e-97 9.1005672329401e-132 0.6653524415537
3.79659109337728e-141 2.14660916183615e-151 1.5893224168197e-08
5.97294987126444e-157 8.41392218646037e-138 4.56803946217616e-33
0.824963991528083 0.97482537371235 0.664311268322431
0.535174171236315 0.762857341067492 0.44179725063585
0.178935701352491 0.885206162128385 0.00557526189867198
0.819570786589496 0.467937419089166 0.333336284289305
0.614975437316695 0.848548749629803 0.462196420046743
0.428036274283061 0.645026620690475 0.399739182884416
0.0316038950533534 0.110330825285289 0.0965454438721824
0.6641340470221 0.982000223486528 0.283504487782228
0.00999883040875068 0.0439074724457625 0.0890211415075169
0.0934006976343132 0.0418329469446355 0.748627026123103
0.188356261083786 0.844901153934253 0.0097038629551477
0.906943990464445 0.314419650281815 0.0207868950984498
0.000927131994159479 0.00072776646331297 0.513638289015615
0.83565644201754 0.674611160324783 0.189117627879048
4.36721893677007e-09 1.51774517700089e-05 8.50184575593967e-06
1.79370002288215e-09 2.65792776396402e-10 0.407272380194885
6.15490413037734e-10 1.88869094268109e-08 0.0085775293854863
5.39752071159975e-12 6.58079672954193e-09 7.08166307510218e-05
0.700302738076936 0.523034719626052 0.0248343685504871
0.00478726976366052 0.978702573568399 2.0030934729132e-10
2.56468876432731e-09 0.475516716578802 5.00249897268561e-35
2.45385106828948e-27 5.02959753414774e-31 0.223650330904001
1.65676498711571e-34 9.80213849233661e-29 1.17710984306126e-07
2.92988520726429e-55 6.3050297191449e-33 8.45027143088419e-30
2.00979459912578e-89 2.71904290146244e-108 0.39286350796853
2.67106529653643e-113 4.45707510010261e-111 3.79126805651853e-10
5.19896690406108e-124 2.10441782296721e-98 5.38536413293744e-28
0.461091893730315 0.627956931646656 0.162545762063691
0.378990365404803 0.676555355605507 0.417304937022031
0.141197507621 0.340353792430908 0.251690633010699
0.659060066050341 0.926008069295002 0.501735575581354
0.660939554893235 0.441243349685824 0.213904957157449
0.214638478943015 0.685768145593144 0.190179400644332
0.842872159283916 0.22043783831579 0.188940251506731
0.0172837481774934 0.113902425502543 0.0698850512909169
0.00759225012683599 0.0432831000496771 0.0689854314068952
0.296298934340116 0.513024084136252 0.0536449365460555
0.00024796313151686 0.433801197534453 3.26206763388284e-05
1.10116153993517e-09 0.73844719787186 6.25487585801064e-17
0.0588670974582148 0.0148794438452974 0.671362786689903
3.12513960542717e-05 0.000716037775834484 0.00837081513059929
2.88300135308896e-10 0.0693364663138766 5.07644541004494e-12
0.000119000659664385 9.43065672725867e-10 0.895522586137976
3.43843576036881e-18 4.20871399125001e-15 6.53439788198414e-07
3.3594096549786e-11 5.0010829617258e-05 6.61824881012291e-08
0.020233406751257 0.143213287617622 0.0654585524608573
8.35810430115662e-19 0.229652172634096 1.09782463230445e-37
1.77534375831488e-78 0.991191745187716 1.05050138785593e-138
1.04827239272983e-19 9.23645651092518e-44 0.882798844788239
3.04181544709118e-73 7.06207866447956e-29 4.57610820116747e-49
1.72757037000635e-142 9.86824527228577e-36 2.97337224557072e-123
1.78818608902345e-47 1.41198643849353e-112 0.910400623189165
1.23279701361468e-108 9.59851192825406e-95 1.08682245354169e-33
2.94574746311142e-192 1.25045128647128e-81 4.55848212452587e-120
0.942677098824908 0.692444202363736 0.113541588137752
0.186551708071214 0.265715170557001 0.241351853487918
0.151542672648191 0.117840029976604 0.640196808988829
0.732626448405268 0.926215500654692 0.216322366418014
0.951284816421835 0.875118292336525 0.652870355012081
0.262114033060748 0.323141811602298 0.434798730523638
9.98343735995002e-05 7.81755371047517e-06 0.0343200306604279
0.00953974150359877 0.00863709084842691 0.875015912549754
6.64875363225409e-05 0.000280576333354837 0.0193423415748024
0.746513988494995 0.61551482299044 0.402831834630893
0.419474487092627 0.362878962322429 0.687789511261473
0.758785572506376 0.310380770992459 0.000229866107604958
8.67783374701904e-11 1.07559056836643e-10 0.322438457225741
3.26330881239869e-11 1.13264494060927e-10 0.0833092972670027
1.65136296719583e-14 2.17310025961656e-13 0.00853063936530665
6.77825543358664e-27 7.10717888285732e-30 0.0815033385313544
5.32203780462757e-38 4.18523496087959e-38 0.135358701060185
2.23865595654257e-36 8.8880186212716e-35 0.000813914296150324
0.978842518225236 0.923730496768699 0.544472608450808
0.192328537254633 0.766481382856479 1.99583371086446e-13
0.00974386459418932 0.52224726534792 2.32455788605292e-46
9.57550784811688e-128 8.99695566284705e-131 0.0710838072223409
1.76949929021399e-142 2.90178833775056e-139 1.06583755432486e-06
5.0471875024001e-145 4.89858767024499e-131 6.12195610717865e-26
6.51157918243809e-286 1.95507756088485e-301 0.954423529411727
1.4251663234612e-259 1.47827883737129e-265 0.0104462328248341
3.13026162664143e-275 8.14833126268148e-270 1.2363832689313e-10
0.0837536567019047 0.0891218168315612 0.583364709355124
0.45945523012075 0.726381075981739 0.0095065844275096
0.100599882597204 0.687341393424614 0.00204145354958874
0.199234835588421 0.218699339677046 0.639578586184566
0.0261245730680584 0.0367580428832414 0.362699131360823
0.000380928568737774 0.000452362129749523 0.265330593998876
0.362953361087547 0.191361547273524 0.566386905921388
0.00519669593247007 0.0012925300561772 0.894553994045036
0.08882234326378 0.120397468817672 0.421459419694247
0.492844124245721 0.669268524614767 0.462363948344827
0.252233868911012 0.159323951913281 1.0368003312497e-08
0.0513426960514238 0.656996352904816 2.86274953257418e-08
6.84512236058263e-10 1.09445757381646e-13 0.370963215954587
1.78941154328945e-17 7.30237760339077e-14 5.00328198427882e-06
8.96133159723538e-22 1.2135784050225e-12 4.11490831680396e-15
1.17882577452575e-21 7.14016178869928e-27 0.840438431138497
1.82279080059483e-34 1.05635122199339e-35 0.00191437466991092
2.54858595543787e-32 1.38462469172008e-24 2.96867697966519e-11
0.384765372932619 0.242401146211496 0.690083449313212
4.31548574287289e-08 0.609638043358326 1.29598868014985e-44
6.98069108268851e-30 0.29956099810721 3.05461957504722e-139
1.42552400942515e-95 9.49466036537763e-129 0.287537116690613
6.21991947177053e-167 1.86347769196959e-138 1.75061589945388e-39
8.68748425905881e-185 9.14704218488176e-107 3.35846430069044e-118
3.29320374726348e-202 1.195587096488e-269 0.507985098518125
1.20822281214836e-257 5.09065611572833e-275 6.03433011315928e-15
8.95246950264339e-321 4.88811382270412e-280 6.05871247961335e-66
