TOT AFR EUR
0.159352190393339 0.0960719805227681 0.88216467457486
0.702724835163945 0.923817706153039 0.284647641317092
0.461529629191084 0.375289857056221 0.931797199302795
0.317342855606712 0.124008036374964 0.397004946390206
0.479748778028258 0.215285816434312 0.353934257731004
0.00990449019177138 0.0273151475584088 0.155494977857139
0.258959084204864 0.111611636988049 0.51418925547977
0.243223315724867 0.253404868041233 0.716704051171788
0.828212956771075 0.586985915941603 0.545258183731596
0.049556365383647 0.091324889421615 0.31741318712934
0.69563476927779 0.670036860866514 0.981615456461469
0.233212748747654 0.794869109931168 0.0443788217465503
0.252103098888868 0.0526691668542118 0.212597116487935
0.253179282925467 0.205247747433092 0.984996522694023
2.53108614219577e-05 0.00148761370299962 0.000892753713553201
0.230878508839757 0.253196437836645 0.635569912297505
0.0322392191057199 0.0287618322417094 0.620474901973134
0.00401175634843183 0.0047459679282904 0.438092405063119
0.353027646565628 0.476446571745189 0.49956510452503
0.254512928135231 0.864679479356009 0.012545597805794
0.105568964602107 0.585006570144018 0.011601980781168
0.00119200706048916 0.000453104360956785 0.793526261061413
5.23490044337721e-07 5.18319916576429e-05 0.00075349113077295
5.82960880388527e-08 6.91704239148105e-06 0.00140229372451845
6.13868006787027e-10 1.36182128965438e-11 0.556063331394438
1.61655254979984e-15 4.70351563800936e-16 0.0658171736121093
2.43784447320247e-13 4.48152631504008e-10 3.64708196978825e-05
0.909449877532606 0.403686021253388 0.585551534620862
0.559439866882025 0.205198409854602 0.767824739299486
0.102846402919638 0.762164537024169 0.0605068764868673
0.141823630133752 0.980550796644299 0.0523280678312704
0.357362379542006 0.443851253112099 0.584509764717472
0.906421796476881 0.63516557145507 0.583318999741788
0.0812304289933295 0.475530500661204 0.085322872353314
0.371017147629764 0.670631249076948 0.41063730825613
0.031630121576059 0.132234430692924 0.124815317974647
0.452022818986969 0.537864098490233 0.633476777625229
0.0774333927741368 0.8833622559189 0.0297161191017531
0.1274845986338 0.804497081073462 0.0659878496417996
0.117733203677348 0.0332687150952719 0.757240450881427
0.470003504632433 0.909651112593036 0.377353226851893
0.0497982868800061 0.909187889348208 0.0140903886526974
0.389277634219037 0.0250938703643998 0.440155609353763
0.0509048004194579 0.143898202758474 0.193214634362585
0.000114767440041378 0.134338582716641 0.000168642329128128
0.455421155047401 0.990998418477799 0.326066055535482
0.0106692594987189 0.354153058250909 4.69076627817694e-05
1.32798391289275e-11 0.996669287983285 5.63445299907041e-19
0.0124289346350177 1.91892530458042e-05 0.803941831222616
3.86993000918517e-10 3.79540393944423e-05 2.22614303529012e-06
3.97613406786895e-08 0.430271201565423 4.53405229068435e-11
2.20660881930932e-05 1.98352699345807e-10 0.760490102142319
4.7600485201907e-11 5.55093058024226e-14 0.00346447438351178
3.22158219928256e-18 5.0849448728999e-10 7.59846435408665e-11
0.27380600396909 0.271333515121659 0.905627341364052
0.828179513043942 0.821530078116037 0.0433432099243914
0.96150647938402 0.830974102098163 0.548739550478034
0.00337741552125018 0.00268922660832709 0.991624936564495
0.796613936629365 0.996434291043223 0.229051065858557
0.125102477167675 0.158372021156047 0.459166296298026
0.148494980781729 0.108558308036131 0.517198240048353
0.133141353962649 0.0868041663643355 0.366335250236578
0.305435429868421 0.165893192068988 0.110100771374284
0.566667599813036 0.40518092589993 0.183238264306511
0.251160531671175 0.23488742315777 0.905462374830632
0.229559581776635 0.168590080776307 0.511732751545948
0.0275469576046351 0.0298824048349171 0.622553925848526
0.041871105641802 0.0400262821766214 0.895450343440478
0.0173059670188544 0.0483958690319705 0.0838097359612315
0.0769954448252153 0.0854906804978204 0.561038494395724
0.00105341010411051 0.000666571913361521 0.79608419777544
8.07123071612881e-07 9.0586912799363e-07 0.392779334621984
0.476826609174605 0.502900425371015 0.751661334732921
0.816292677768251 0.820426515552027 0.0378570929049708
0.553875155778685 0.502839501442623 1.57815599051134e-07
3.14029140066969e-11 9.59479462019074e-12 0.838810441363589
3.53433783632673e-15 1.74690520697588e-14 0.0418626311872997
2.87807893501073e-19 1.66794178175126e-18 0.0866443150817539
7.97629786072755e-39 1.40831267352064e-37 0.0152600747487475
7.7451937227324e-26 2.9993124878929e-25 0.017114939820101
1.49963419718891e-26 1.12998143684013e-24 0.0113376164036598
0.801849691738452 0.917888502591708 0.68349131257294
0.189111527336958 0.500770323788772 0.0891169196232825
0.774775076630168 0.26112718988541 0.0582418805323902
0.0900466793959042 0.181076088154524 0.205016433565726
0.985472308008096 0.998516770877657 0.961631092616719
0.097860172494547 0.093070044960967 0.659930046127136
0.534025077663079 0.7205883256971 0.402527571909645
0.0650334493394881 0.118764558929546 0.285551494381358
0.234598165990149 0.437411051234853 0.249397982035657
0.358351526200299 0.280092909287761 0.941924024058564
0.523244246325594 0.584410503883163 0.0126535999047112
0.262734819713927 0.590241174839625 0.0869895075684545
0.998870357045618 0.456190893450544 0.113054865105822
0.0197350718465409 0.0156386201968988 0.608471804412995
0.0139485342084778 0.711113943148404 9.50694099285903e-07
0.00225131396720911 0.00181879467684867 0.444792626612885
0.0087669553347261 0.00204263995118683 0.767323478367567
0.000486606362066221 0.000486316299044832 0.302205010912107
0.240823512278096 0.175880703335337 0.911405563242448
0.0206887844731438 0.863066173550708 3.81522318859402e-08
4.63143466334746e-05 0.97476393203691 1.20496975762014e-22
4.29181489301872e-14 4.15184966033472e-15 0.184384972915245
4.03170655213923e-15 1.01523556487686e-12 5.42437808846439e-05
2.24581013968841e-18 4.07057466345786e-13 6.5202875109305e-09
1.54000537498422e-29 8.91498807472426e-35 0.365217854111518
9.13067733467225e-27 2.28790772825186e-28 0.0151827224568253
6.54292038015083e-31 1.30601361755546e-22 2.532106471397e-12
0.431617954389984 0.827317703010538 0.0274103729515669
0.00833161331501751 0.0407700858973136 0.0686850789102349
0.878696549205902 0.455759889117714 0.252939802292938
0.635532492568536 0.508673543088135 0.800241744910762
0.124725141873587 0.0667330255595687 0.822651486690125
0.540955332474837 0.732504803274383 0.0338788107425163
0.0295765671042749 0.00635481357595781 0.522808275521618
0.565606555202328 0.745180749060959 0.052673101646626
0.332105553684967 0.148763543929605 0.484303221074028
0.576590492741948 0.964643515989673 0.175734678659897
0.861139244397766 0.732983527282962 0.276888610907129
0.090263368931266 0.960355524497589 0.000373691439494823
0.0861323002440277 0.00395365320370167 0.0532913925546592
0.004164128493907 0.0112916160416735 0.156482335473334
0.00216054880490427 0.0599913451441412 0.00157902864327624
2.16408921543282e-06 6.32002361436258e-07 0.49821361740222
4.45558232779659e-05 9.79534191441241e-05 0.158184095730414
1.20094872992401e-07 3.83951792523441e-05 0.00020953572264333
0.256901766518508 0.274294669428696 0.72899400988518
0.868407482649783 0.0640450112065997 0.000689319983493133
5.61070903800349e-05 0.841528586069994 4.0329716691513e-18
7.2483813973565e-17 2.59000559850932e-19 0.507429824273856
3.27978465821164e-26 6.44989121489118e-22 6.75473245152214e-06
9.55278821132514e-26 1.13927792640547e-12 1.47728046794442e-20
1.18134314065041e-45 3.99542554883117e-56 0.759444210170001
4.23460739491261e-58 2.16081729272653e-55 9.1262284852692e-07
4.12727374826066e-73 2.61530999823669e-58 7.94389645100201e-18
0.569820811554267 0.0213739545671181 0.221407859277733
0.438590090136304 0.109659288795117 0.725787102733053
0.0553980219554364 0.207435994360529 0.138780403865384
0.405020055142426 0.724077502472566 0.416944855206914
0.400937035833806 0.774166115218488 0.172125346336368
0.152717383651695 0.39408772118814 0.239597523165027
0.52646828287834 0.605746911297576 0.683718292757429
0.541447251560902 0.780824884062283 0.566609352085219
0.0835566126464684 0.20531570204404 0.217643839278539
0.838914415236913 0.559570183509003 0.436972149690969
0.580636433818661 0.0233749848141977 0.222176171429082
0.00049858148501454 0.799834031991031 9.87208682860241e-07
0.999285841636259 0.157126564873925 0.222791769020966
0.0234872328070437 0.287322095547971 0.0326199659654348
2.29802690119408e-09 1.06827744896164e-05 2.28713742114319e-05
0.000600307845019515 2.92942427389367e-05 0.324130033355548
2.4675626525496e-05 0.000242572530333354 0.0131066526666384
5.15471892546818e-13 1.0073209577367e-07 5.02731696703151e-07
0.710028501480472 0.479779780482413 0.909782804637276
1.26057341165885e-10 0.0949365771859666 5.71282793009217e-23
1.31010957384211e-38 0.502679362236387 1.14118159955146e-71
1.79347315101102e-10 8.59049547435628e-23 0.878129248508023
1.20094278386981e-33 5.83408262206142e-07 3.02824725836811e-32
2.67425589825376e-66 3.33557330669022e-09 3.27314896602913e-71
5.03571403475937e-33 5.64985652928254e-62 0.149707226494773
2.57109145972085e-57 1.34950322881855e-45 7.24552387216517e-20
7.09555893515451e-101 1.34382928644368e-46 2.88470307876488e-63
0.348597488472793 0.317408116529915 0.838682113334282
0.762394914418024 0.902506435688979 0.280992427791489
0.573310253639647 0.692346634285067 0.409505902933355
0.430910503158416 0.426211280539354 0.953312166474495
0.461483449909494 0.702618208524202 0.07074356107156
0.0790898527113366 0.0727589888153141 0.977094306394418
0.0575032513673085 0.0241139667380578 0.153990314850156
0.179172960816978 0.172484523863041 0.950295219881511
0.0221337511736954 0.0146729652049316 0.665113571306982
0.136105147831566 0.135543909160794 0.869173409017217
0.197636105571401 0.213689677132661 0.718095848862806
0.567650253589375 0.650203497303954 0.54501017019048
4.27594446151088e-07 3.0392395315817e-07 0.75248456420861
1.25074368830392e-06 1.80438383956221e-06 0.329548427358458
2.93680530972904e-05 0.00013365749711316 0.0163082328940924
1.68192638880775e-11 7.34512542870866e-13 0.232775864129998
1.99016790742583e-18 9.38559175150615e-20 0.496566786479075
6.98261792858901e-19 6.07017694052794e-17 0.000705900088065499
0.0116616332547956 0.0439587128395696 0.00318056103700825
0.723989735182003 0.152920436257774 4.10356454351181e-07
0.00659209378151708 0.428344986500569 8.44942036016825e-24
3.15919433258547e-57 4.84873189457788e-63 0.0502604749216997
1.71198765283281e-62 1.26216422401182e-60 0.000543349089181943
2.78870965056931e-81 1.97184268373746e-72 1.29182586412332e-15
4.34184398088217e-117 4.92016166572453e-127 0.107440934768905
7.4610648308329e-154 7.56488316440323e-157 0.0203611232400575
3.46174207354381e-140 6.79137082615271e-131 4.94561526569789e-14
0.398110071539487 0.268856446885337 0.761993927998758
0.391917771062631 0.796387061296875 0.124094579347402
0.280065809981302 0.484670276028446 0.280432693555098
0.324439374570814 0.41372047781517 0.520068929481588
0.142238254698642 0.247283446786958 0.284733332185409
0.056637782066402 0.129780985839321 0.185581746723215
0.00453422893901949 0.00190290819129474 0.839468936161719
3.36045347979557e-05 3.48404213613896e-05 0.241744761291158
0.000429124641907664 0.00140849843859517 0.106357841655812
0.76151644622497 0.596718346145996 0.70191089861463
0.00654483612828455 0.288539409031789 1.4414851424226e-05
0.00356224639090383 0.285736916426114 2.11560712580708e-06
4.70186472979125e-07 9.38566842488247e-06 0.00503653924869245
1.25607760738257e-08 3.97682645939814e-06 0.000101920959978822
8.77255255475139e-06 0.00530214341997564 2.44459885829113e-06
2.374224383412e-13 1.89549373346053e-17 0.709489501472419
9.04323058377308e-17 7.25990081700082e-17 0.0334275840762933
8.31352452775895e-20 1.2852515683199e-15 3.5929158644474e-06
0.0276483019218606 0.015319570500773 0.896103019165279
4.16559673532305e-07 0.61130575726971 6.76824410044121e-29
1.54696377064274e-21 0.0105262185028684 6.5848293841457e-69
1.11932617931247e-60 6.64990180851056e-78 0.743689133427447
2.26267153488883e-77 6.44083316310765e-66 1.63255732560182e-18
1.56216269280413e-82 2.79424744351972e-48 5.11937853974164e-57
2.61643877770953e-105 2.07061126497005e-131 0.224099090498792
8.24506014196656e-167 7.32880952663927e-164 9.66670507042304e-19
5.80469648209946e-153 8.76579539481514e-129 8.36090502597675e-37
0.682842678909601 0.4606409460979 0.571914873233514
0.897462093771135 0.955956295643266 0.85434268909928
0.743964512519863 0.350987978505004 0.253458517643909
0.958397876547373 0.740162918485167 0.43327868601826
0.027692883913943 0.0289771006243727 0.571423794990536
0.426719411423907 0.186717516289415 0.391880997202319
0.429591235143504 0.368159821714965 0.970481821068298
0.14943171756644 0.0506497497941739 0.498229119506363
0.134984481096419 0.254439150881411 0.278367310027912
0.930945884234371 0.293848310252854 0.0570332728009893
0.794375987734788 0.725569839967564 0.204928974668055
0.373066080169648 0.321834976644614 3.97846481102877e-05
0.00206025168166364 0.000566955870424364 0.992656541436817
0.031503224139926 0.084921929726672 0.167214369573499
4.30726186537433e-05 0.0012603919684669 0.00683861517857232
1.46885174666138e-05 6.57337950653743e-07 0.843910375897004
7.21231580234191e-10 8.19230494015515e-11 0.392529018062076
3.79316899894834e-19 3.79408853499006e-18 0.00565849880138665
0.573188966020966 0.774612084069229 0.495722140141504
0.00481523576377741 0.793032395068717 4.11138233766985e-11
4.55991802609822e-07 0.442721376516402 5.83477428756247e-41
6.95577930009615e-24 5.54305427237601e-34 0.105410686966451
1.57888978487892e-35 2.35420705225066e-30 5.16227723375984e-07
4.24186957795635e-65 2.725795019291e-36 1.57387010273385e-40
2.71986630164295e-73 9.57584973715846e-91 0.943387687180401
5.56616487225061e-108 7.24022052946588e-104 1.71318504832957e-10
3.37524053187704e-139 2.73360351846312e-114 1.5820708512178e-29
0.224046610367834 0.292631944196887 0.467757536540753
0.563336184920576 0.936330722238716 0.47966099480203
0.66697347187137 0.749466315985327 0.764347071135013
0.1773637695069 0.969510995980704 0.0677828242451313
0.916409542006148 0.252721963738123 0.398871027532262
0.128662163079854 0.956653682208553 0.0383872970167086
0.0406428314156166 0.234162137438732 0.0858693192888387
0.0366960903899112 0.0702501015655701 0.219790640868173
0.112579569080665 0.368564121671616 0.179769331860392
0.746362580432032 0.975180213723729 0.686708218707993
0.0152134216830991 0.627561139491279 0.00457374840980145
8.26799854557386e-08 0.476800229591674 1.3194932625436e-14
0.0019369974993097 7.63490617379738e-11 0.1649204551813
5.40120698036052e-10 0.00331798962781009 8.43426953322038e-09
3.83232131524774e-10 0.132283739912911 2.14801925352498e-12
5.81867345692601e-07 1.34832496336876e-17 0.555857065595036
2.97181490233034e-06 7.33070159549378e-06 0.0147249472979057
8.65986936983199e-16 1.78159309240297e-07 3.15100138481285e-10
0.0913393102234097 0.244319414046881 0.20627156995477
9.18878179084062e-27 0.0674583444248148 6.60626051321156e-38
3.01245022788374e-79 0.954847569931935 5.94623046787866e-141
8.41517566555171e-17 3.72602530932561e-34 0.409649938546488
1.13697541753127e-62 3.62104784505837e-28 1.96294621420625e-38
1.21877399749463e-160 5.77913195245539e-30 8.50397315347887e-154
1.71792126387872e-35 1.0009760150938e-102 0.0822205119512242
4.77257842550561e-129 8.52473059730103e-120 1.38155660376966e-36
4.89341687416777e-185 1.27661123035666e-82 1.09755982133939e-113
0.281846250383421 0.448000259660625 0.0958852855133531
0.61576222669545 0.555046658906914 0.696352177794325
0.133205748144832 0.213271014825097 0.152376342137582
0.0458661248517097 0.0476929606714362 0.737277778748116
0.00909599993459993 0.00571212443348638 0.633492790692629
0.597934644115987 0.610477629311962 0.877892504306975
0.0702148837136248 0.0552994143716913 0.764943871433141
0.0801986165651722 0.0738392627019172 0.97838989185956
0.0184533600875597 0.0113049712525844 0.563354797772032
0.903807617680995 0.620164374577066 0.0564380790875803
0.135068492231385 0.221576550086681 0.110139397991473
0.572012929977826 0.66075139606497 2.0601266112531e-06
3.29706974086643e-08 2.81419109438487e-08 0.579992809927271
1.14478178555651e-08 4.1121854881189e-08 0.0499599794299923
1.817609096249e-15 2.56373300343105e-13 5.66631119774683e-06
4.48301549366698e-33 4.63206904839717e-35 0.766119535076349
3.17060194192008e-25 8.14664847421434e-25 0.0588583752218276
2.86620534539181e-37 1.65949762271589e-36 0.0224541569868314
0.352763424042164 0.357629960538833 0.868488455887525
0.0211948025072556 0.210957942618684 3.33020838232645e-08
0.00102493304352216 0.47058940595331 2.10860219274967e-34
3.34686117551074e-108 7.83686670266295e-115 0.658302939246814
2.57071389120132e-150 1.86256623245064e-144 7.53009758742282e-11
4.45853486572655e-150 3.1257698144422e-134 4.18131579668977e-24
6.55341806278199e-257 1.41046102508794e-271 0.899056031852874
1.30232176171784e-283 1.43266862915894e-288 0.00117672938987491
3.0727546754728e-292 5.23955279777827e-283 5.46941044313867e-16
0.828790142867907 0.258734022703593 0.00371946027358831
0.985203739047414 0.905840066572921 0.838141855565798
0.547531437984633 0.226119535117104 0.274162236161647
0.651335910332424 0.69773382939682 0.794396950724633
0.153568384320978 0.316877558882433 0.193365071969359
0.121174077088137 0.546263321733185 0.0160780880665317
0.171629201375395 0.0127955732238197 0.0566229728533336
0.00189649410211291 0.013143867796698 0.0299635800282921
0.00438944021372727 0.00958300009161934 0.178444028194812
0.289276529462904 0.217418987128034 0.942777193057278
0.001573519668944 0.442424195813593 1.65856544074022e-08
0.0945611710306019 0.129791346855631 1.02436666574465e-12
5.13246329945176e-09 3.22460813359654e-10 0.503698805384269
9.22594901257637e-15 3.73997762671814e-12 9.25973424577267e-05
2.90711025807034e-14 1.71374014837278e-08 9.11147644452902e-10
3.91652632036191e-28 1.06099233789894e-34 0.645561849285523
9.63977566993005e-29 6.13663473698512e-32 0.0810596015735707
1.96091855119839e-37 1.16906705685086e-32 4.6160407289734e-08
0.0566188796913542 0.13033612618209 0.170617122737405
1.10985135497632e-11 0.360643983367813 9.92489308618042e-45
1.88840202845416e-22 0.80323067042446 7.75699036866052e-129
2.57811754305559e-99 1.13246781950806e-121 0.25511449394973
2.54571946364448e-133 1.67488980967816e-116 8.0488755652875e-27
4.18108957369159e-181 7.00638957154959e-109 4.96384281488586e-107
6.50782451317584e-233 1.85449755238936e-293 0.170786630072374
8.85197974619373e-277 1.14003831509135e-275 1.82315532430472e-25
2.45219349738927e-297 7.83617225948632e-244 3.37695999794575e-75
