TOT AFR EUR
0.251029295486757 0.14835409838448 0.773164298888539
0.715954658619502 0.297760485571203 0.221017086366906
0.315635330905111 0.530209787843953 0.256869481538603
0.223549580423495 0.31925971459055 0.425152805498754
0.379809799373277 0.441158597496955 0.643879934558821
0.830053026210059 0.666441903792188 0.730566470805778
0.149347851540706 0.203157294470544 0.527667655479272
0.074596063244461 0.0900656708409842 0.51578694611083
0.493534553465123 0.421130987986281 0.929500952768296
0.897737904778406 0.564240121465938 0.172361848722166
0.682471982290019 0.856010166521412 0.522633913805281
0.148488421345953 0.114172901616712 0.977091420406345
0.0642540147817953 0.0139824803142304 0.335886483553172
0.0432452542848804 0.0716965751677495 0.350867255794858
0.0323887585640469 0.0549983881619109 0.336506885297547
0.822517403741696 0.993992459895693 0.607023044126431
0.0430073624127514 0.0471596371250073 0.580471523825114
0.00907456066964314 0.0338632402236343 0.0817501111126982
0.678454683877876 0.929341891320801 0.264887568425811
0.0200497464079981 0.0555480070677624 0.130470241713708
0.53328215060651 0.679584132938752 0.0346482850583507
4.61437406221606e-06 4.13277061411452e-06 0.347743760299454
2.44942795174207e-07 0.00026450442345595 2.17555588748993e-05
0.000112210730366751 0.000754412175416889 0.0368607330436406
1.87401470578788e-10 9.22866970609832e-12 0.406550767171991
2.4194508285247e-10 2.03518954505659e-10 0.116059983668918
5.02456269839726e-09 2.10908654732575e-08 0.0505405497706043
0.146354271519995 0.649964079648139 0.120013864488141
0.56138388540372 0.520328947640539 0.84911765999746
0.222401601667717 0.619066889233234 0.0395165544127588
0.583127271573662 0.836754508862744 0.573612953672937
0.0585199493238572 0.337942811162983 0.0949380091962858
0.198142918747225 0.203505681301122 0.524897318560129
0.736388477233674 0.784360021238882 0.500070261650756
0.0129444512350721 0.0273051509119328 0.151450504998848
0.832433904690907 0.0877794633060499 0.217253231860659
0.312180924337694 0.0539739021996254 0.772205275651158
0.45987299006789 0.184880150476264 0.034180238257373
0.00809274345611799 0.994642986060359 0.00043341204787845
0.136362763827028 0.848305653473382 0.0703250726706364
0.190123437508152 0.452811423525639 0.270614302607178
0.544775975287527 0.716474744992834 0.615815001748633
0.198205424578481 0.0254089241203069 0.776654295936128
0.265690092819618 0.955094102999698 0.139581612477869
0.000840195274241355 0.000478923049995504 0.11670768415935
0.415573072392061 0.740060878885429 0.41976098510452
0.0497811981144101 0.366039388808841 0.000530746005779734
3.09550647472376e-10 0.758775531972606 7.2239861640183e-19
0.00226902424221544 0.000796205089012113 0.259338519822809
4.40896410444693e-11 0.000310545979443474 6.20876801579971e-09
1.52205433363848e-19 0.000128763469448654 2.56078281676715e-19
7.09030053724233e-06 5.58461032629601e-13 0.812760090637668
1.01557000086901e-12 1.23909696709397e-09 1.70722288005889e-05
5.48622099555636e-20 1.69950365332957e-10 3.66251102374499e-12
0.0485757703979204 0.0259015780259115 0.256063521916965
0.540942314489138 0.382562768548299 0.270349095191999
0.648940939540874 0.63345005992344 0.972196516199582
0.325839020814649 0.642561598189471 0.0452002072048449
0.537664274175442 0.824852013782664 0.0548161227624213
0.0839857743572406 0.191933540997616 0.0272135193184388
0.105677267480193 0.0679583853923409 0.463546846643924
0.427707640816685 0.515131151893168 0.490964068740559
0.68269615233405 0.495700914495252 0.166095072624226
0.32899754600812 0.174526248844751 0.142547741347513
0.205219190943763 0.14933185733977 0.48335206635345
0.984141495053539 0.931429040969297 0.590480159629051
0.0166737784797633 0.0094157206850355 0.521837348746589
0.647015274745044 0.885148223434539 0.14498257631215
0.0377057009022701 0.106436865641861 0.0393858496189233
4.52389437674132e-09 3.29656223323876e-09 0.64354590117853
0.00116371267339423 0.000228773565937165 0.061184241659331
0.00052672850634008 0.00137732493995879 0.0873817378957005
0.310627722393558 0.226845674511137 0.409004656895815
0.117240903428619 0.385270424936091 0.00122115570693684
0.119805828511991 0.330486730012838 0.000750406299840447
2.51712481599155e-14 1.07693606041653e-14 0.815278203112179
2.36430724868286e-17 6.99029701975874e-17 0.0876725528874388
2.78224734832721e-21 3.18207885822897e-18 6.56231220845464e-06
3.04151689282918e-30 3.06508159988824e-31 0.610076683751438
5.82815774169895e-28 1.61705708845294e-28 0.444431600204392
1.15831322247025e-32 1.33283164597518e-30 0.00064069116488653
0.810317945016224 0.546826622251794 0.482663175720114
0.968524866914577 0.583633537203396 0.209304918924247
0.106345056244704 0.505511822468303 0.00742898799234942
0.0456315654816667 0.0720997332369234 0.342417400212648
0.737694632104104 0.818649483704259 0.757933687667561
0.0439784445661369 0.13943597376635 0.083497008111269
0.985503329041624 0.867105114046487 0.66224052051599
0.864449121612505 0.908492799163994 0.858448489528432
0.89879684268059 0.717646590748452 0.666657819127383
0.810659002997114 0.790723684323441 0.985345737472451
0.322221228053182 0.464611987137729 0.000109263482171058
0.578665017866181 0.454907652426981 0.00411324174198404
0.00737453082070105 0.000457297810915726 0.36318800046401
2.11378996437085e-05 0.000163393464302742 0.0521641584538613
0.00267952079419857 0.0169170524449433 0.0392891071335392
0.0505643006778682 0.0544603920668682 0.543237247911495
0.00011486163041386 0.000210150355275833 0.19949541988412
5.73956139134746e-08 4.81989401830389e-06 0.000738884188968283
0.568215058616295 0.476792670699757 0.868325923652105
0.418289199154743 0.25225824011452 6.52954879517212e-06
0.171129043451251 0.351843065235065 2.32951481085744e-11
6.21959956950883e-12 1.75069067926141e-14 0.780834147105464
6.39132248746359e-18 1.64209488004114e-13 2.40420169299231e-08
3.5775804323467e-22 1.82249323131919e-14 5.68400544195495e-15
1.33142605510229e-19 4.57809801790056e-23 0.308128921605652
1.11073940455257e-16 1.74334013637393e-15 0.002665523069527
2.77865664286647e-39 1.62303186509311e-30 1.28467112175578e-12
0.100186376996379 0.0333975008086799 0.561069040901429
0.181061943465114 0.0558667463839903 0.425905850168064
0.195717593118965 0.0577924004292674 0.367094427266624
0.957817187747014 0.865150308806343 0.65280457873539
0.437278648027328 0.747353710767349 0.284082556426922
0.967025050847957 0.566609059924672 0.219342742755951
0.0683369104567914 0.025695773667552 0.697944956106174
0.55590085296915 0.675622341738126 0.615536311603993
0.568380878747189 0.890751833466037 0.306305331022024
0.815149546448285 0.946121246772228 0.49434458597672
0.100829416865658 0.014235925222933 0.217884086811868
0.150454195463101 0.311041090111834 0.221327242716259
0.25634500028119 0.0124617185894718 0.0139692180106748
0.0146395151774257 0.0120702789901986 0.694296758189802
0.0401356754585516 0.192765675743079 0.0406239305901129
0.216482542800637 0.0431631230400106 0.218000573673572
0.000163719355934826 0.000913994265487566 0.0573910155292053
1.76074799313479e-06 3.48920463404417e-06 0.135189735454907
0.408490517771584 0.558126834860471 0.502673318488464
0.0129202790282846 0.89936325627373 1.74812364814261e-09
2.68230010981735e-05 0.702753348770667 4.18879795998809e-17
3.07720676424631e-14 2.04262987351695e-17 0.875073496175828
6.16008299943278e-26 4.95042388939315e-22 1.70187668082309e-05
4.95108518508884e-45 4.7038142915238e-31 1.96391461455332e-17
3.59443282048713e-48 6.63707305491599e-61 0.906412588128886
5.45035136697001e-55 5.52071753776518e-55 0.000158933482662687
1.48052205192387e-60 2.64832518306302e-53 4.32528235517944e-10
0.258979812499428 0.972400839839384 0.126111226895915
0.88268916351962 0.583662680028784 0.791917272670993
0.671750106086778 0.539497982304764 0.279186119397118
0.337416855841516 0.0148280003708736 0.418704568015769
0.671911320619257 0.316085311041354 0.774117325786417
0.102484498253505 0.598571845531913 0.0871679531101899
0.553584517018733 0.272505824785039 0.878319438322604
0.0235865792364515 0.0599983707754732 0.161806097951706
0.0277216558727161 0.727426202254926 0.00825015442112641
0.667400730388681 0.761135737736006 0.750720332127297
0.0286136810705 0.686979692938968 0.000979559153406256
1.05023639941492e-09 0.00958392744209246 4.86069046987734e-09
0.143352542895871 0.106891176029608 0.566876984456016
0.00508337237828053 0.748648775362914 0.000587274817707394
5.13284909446624e-11 0.00889206532761712 6.27298236150824e-11
0.117804251588993 0.00850532913269575 0.865732040271382
5.48597338275646e-05 1.86277664227751e-05 0.0867585130549068
2.50499118165051e-14 1.67077249465846e-06 2.29176013007029e-09
0.722010400683197 0.625686185259571 0.962644923485287
1.52055358107815e-17 0.665421545224269 4.11400762520868e-28
1.03625211025885e-32 0.841807792848342 1.19473522506729e-59
6.35602329265001e-06 1.58177286058762e-15 0.486456294283122
5.81203925272209e-35 3.66476586249154e-19 4.28275338708458e-19
9.74371795363353e-64 3.42903414332358e-16 7.86151478791822e-57
3.4150563912904e-36 9.56369652377045e-66 0.0296391959213345
1.29579341119573e-50 1.65122022214258e-54 6.95782171123383e-12
7.96662887691254e-108 5.29950991432312e-47 5.20576601125339e-69
0.722972884108566 0.479950594211768 0.0783964520815344
0.233325907547069 0.230198598580349 0.910654333341579
0.422051889875066 0.552996497427375 0.281034176556598
0.723398619339359 0.65650462187368 0.701799531290992
0.105390903586534 0.120357323281134 0.637654879446865
0.945616907142801 0.704439427886069 0.107871257047872
0.0551115045753905 0.0568403359368698 0.739426074200155
0.162877008087113 0.0850624726578216 0.170658967717967
0.00490028049773802 0.010147804798037 0.1253561657102
0.0128299735112399 0.0263050945224088 0.0831850646648921
0.460857418089195 0.774214908957428 0.0278831097556722
0.0597187631025176 0.214076365734875 0.00136777507604514
3.00537760200816e-08 5.83015307135996e-10 0.0136971106849036
1.73975753317542e-06 1.25830317127271e-06 0.792724501519262
3.82052627046516e-05 0.000153921455665026 0.0306596629801441
1.0298904428534e-16 2.59778673645804e-17 0.859344365405054
2.79008355955352e-15 2.72984849790622e-15 0.269529797648587
1.13082480540414e-14 2.49990359634325e-14 0.113608394042328
0.519306018427886 0.454727316607504 0.718172315112915
0.743609330692223 0.693905096816559 0.000441474967353617
0.763792102670996 0.221306189326736 2.40768557627876e-16
1.12516522408595e-61 1.41838185206836e-63 0.435541678770557
4.23347648974421e-64 3.96165840032887e-61 2.16193092383899e-05
1.52069804500027e-63 8.52916142626709e-57 3.32264478481185e-13
2.97230906768299e-147 7.07194854513918e-148 0.00442246204328054
5.14083394101669e-156 4.82354215179291e-156 0.000560177932390767
1.7656069348204e-144 4.09502326616532e-140 1.90713187624427e-07
0.535021498046628 0.712852288052148 0.473290735893322
0.092877024325505 0.120733777009413 0.463456044545406
0.460383988837095 0.936170224566688 0.0646193273769172
0.364839104436389 0.221188205696165 0.684835904523646
0.170192552048762 0.182183017662082 0.644290863058901
0.0221333298672215 0.030507321751308 0.378105843213063
0.314680135790994 0.619994019125853 0.168217125418167
0.143958613787355 0.21771221836221 0.351669286613773
0.0654031820565755 0.0669906522978807 0.598399878584585
0.936999096869859 0.865689427838514 0.868038320613705
0.00686325025023518 0.369308054121319 5.78768968572178e-06
0.0694313280787368 0.910142908829 4.21768842853985e-05
7.51826598482614e-05 3.27737765765195e-05 0.464925887977743
2.02731912294052e-11 2.36969772529581e-09 0.000589621626639059
1.21517515604975e-07 9.73484309840661e-06 0.000748466004580292
2.64714356497673e-11 4.63557114893568e-16 0.254707093237526
1.09380715028809e-15 9.80362249281332e-18 0.296512256381426
2.74573705784985e-23 1.58590933357964e-17 1.20696473542305e-08
0.953528766638151 0.849444393900772 0.782988455701036
1.21156908679582e-05 0.285006001522463 3.38305317094498e-16
3.53231464490439e-25 0.0192995021394987 1.03048528300386e-90
3.83815278112449e-53 4.46663871764395e-64 0.346224736546426
1.37150376594356e-85 1.09758420377623e-67 3.31215725470656e-26
8.50413314544814e-111 4.8377603708661e-70 4.50668052011849e-61
4.96923856343587e-120 1.81863529047267e-155 0.895390289915687
1.57717264687923e-131 1.84400867016251e-141 3.88520468666202e-08
1.6989557377772e-169 1.13951229048015e-142 1.42263502044187e-41
0.271533277130286 0.651040897149792 0.119554534868937
0.236830275095248 0.499394447867638 0.19316539163863
0.241938839357071 0.84544395300683 0.0279794803916274
0.191779806330273 0.094031105432712 0.686163013024538
0.670819414651884 0.630776976335704 0.99521562416738
0.253823978817847 0.402827814479313 0.361989448208982
0.0269300657479121 0.00206019465787585 0.219754434331492
0.00917064619834441 0.00162138848027707 0.670011181620519
0.0137854979316777 0.0013565210629993 0.36317579183389
0.232906942006108 0.081555300270204 0.400287020030302
0.138221394830638 0.731880107482061 0.00868293715032565
0.00589406031972537 0.180284829859357 0.000407055810947148
0.277296863049995 0.10659543592317 0.426984160221499
0.310501025053003 0.253678814741921 0.986011221389864
1.71065405089557e-08 3.44708564685743e-05 1.06950922317388e-05
8.63965346572416e-09 3.08181900228678e-10 0.782202126345272
1.99621971417224e-13 4.56640451504318e-11 0.000868196602443984
8.34901129468582e-10 3.52055899062601e-08 0.00446049688613603
0.236306755301881 0.240731447729928 0.756151484415243
0.0280702523960796 0.651170603460761 1.31581527470834e-09
2.45651084860227e-08 0.866393552227344 5.36739166121354e-38
3.43239745110463e-24 3.53437732367788e-30 0.957043552612576
3.55078433831564e-42 2.30246619273105e-33 5.81050986876512e-11
1.15747203174345e-54 9.19148536594813e-32 1.73614629109874e-32
1.0139184427188e-67 1.36381188142406e-89 0.177669799961469
5.46151030906736e-107 5.5628321706629e-104 6.14194803399496e-10
2.27893096441922e-135 1.08146008452095e-108 3.48397442489991e-32
0.264900976370716 0.239527189150339 0.6276621022231
0.174003909451649 0.367591171624931 0.296184304101209
0.552362966544676 0.723712013252444 0.271456632654789
0.703354740401511 0.641371782238745 0.908668324351889
0.0174031806776757 0.0827047758869657 0.0926897611272777
0.00333063350703701 0.291500381258004 0.00251995573262007
0.377397427490331 0.686121926254996 0.404288295909115
0.124685447512789 0.207981240827623 0.33324012049255
0.829768101986851 0.968347396163584 0.800200788220642
0.871292159192046 0.860951401043128 0.715079797951574
0.21789098751324 0.811142738586329 0.0628589134670389
1.65537907966297e-06 0.516515143498335 3.15420236827327e-12
0.0476234202535765 0.00432678743001865 0.836324371146032
3.22312915317064e-06 0.00163367617902662 0.000425577078319866
2.77357815676719e-18 1.03182788153607e-05 3.86443754225485e-15
9.61128245082527e-05 4.37638747035247e-08 0.580744334024643
1.94370032453022e-11 1.24619494056163e-07 1.31114644887278e-05
6.21636747005972e-21 4.13238962697138e-09 9.45093794919785e-14
0.182567885579337 0.869910369490025 0.101747722000094
3.1820827694722e-23 0.450266362531617 1.06702706175063e-36
1.53867796943461e-79 0.426674831750364 8.2828683785814e-135
5.51533832871654e-12 2.38544959098054e-36 0.131930607815379
2.09376600280162e-77 9.61654113264142e-37 1.90311421079475e-44
4.86300192830376e-122 4.48796822289798e-28 6.40752062498091e-111
1.04170620841678e-46 1.47742002035198e-122 0.552593256641777
1.69890368076383e-101 9.2317989453135e-95 1.86074267102833e-28
9.77001162513887e-194 1.34827044984252e-81 2.00052097104389e-122
0.812230048194758 0.766074198558379 0.806839183238433
0.317388910953851 0.356022886794038 0.563001924614745
0.368080396394936 0.334304187986199 0.8348795588717
0.197942568088525 0.133530082704385 0.361484432911768
0.565313748021697 0.677119766555247 0.378647617677903
0.000209255733314682 0.00125606544008481 0.00706809222123554
3.3079105121099e-05 3.51698195854863e-05 0.559706073895279
0.0247577743905119 0.0288571262048714 0.563351556706892
0.0292215453834479 0.0205302091397358 0.697967594056627
0.906498881783026 0.861966923090034 0.78751076767942
0.788558105250716 0.512997141433542 0.0619316098578869
0.401811868028106 0.925661508970665 0.000265789738524769
1.46078388836499e-13 1.84119936388307e-14 0.699599948312972
1.19653627016259e-13 2.40403087482366e-13 0.152584031746589
6.1888601843569e-10 1.49861634582989e-08 0.00150619105874416
2.58507143749526e-35 6.35492141929694e-36 0.267899241889401
1.18543985510822e-41 4.61247348430055e-42 0.147045048613804
3.31330945987356e-30 4.35339234402709e-30 0.139657098492523
0.734964158983607 0.916126937299237 0.241630699817449
0.00596970757032988 0.235572583214295 1.03386159697306e-17
0.0330680713173884 0.978012638749517 5.26701210242134e-33
8.2590622055816e-137 3.1297709522325e-141 0.220188076400166
1.19135436914743e-130 7.21569420729977e-126 2.05691021697383e-09
1.45051071344378e-125 6.28399823484654e-113 1.01648206108635e-21
4.16575643266806e-251 1.14104001032164e-265 0.788538635617446
1.11499473824793e-292 1.51884449959314e-289 2.13887089447329e-09
3.41428689820457e-292 2.07546948371468e-288 2.94486322529585e-10
0.358442687707459 0.263560086945819 0.867921347065103
0.378234372729611 0.695716542552745 0.204320934487663
0.839828112971401 0.528195178061021 0.400609189092552
3.53956555482123e-05 0.000250218472787212 0.0304966779506435
0.00788203614457418 0.00120568238456716 0.631509418770718
0.160219511061067 0.432952967367575 0.0931837745262303
0.0134566453983234 0.0163224195050647 0.395597697799134
0.0325854433837425 0.08977469535285 0.124254280214472
0.000767212042932131 0.00188083234018961 0.150900973515592
0.0610684469607199 0.0203999924818851 0.707794620010791
0.422295242449556 0.459287189009725 0.00051773672555462
0.000110927620523901 0.248058783368007 1.10543146808579e-11
9.2854538166775e-13 2.78875513888865e-14 0.321456002344399
3.19823622915304e-07 4.87129169255654e-07 0.102620986197174
5.35114847104151e-17 1.27805873901772e-09 1.44476671554158e-13
5.0152923619184e-28 5.10209838883694e-36 0.888020159468918
2.46774378024936e-32 3.36615117440569e-27 2.54791959491585e-08
1.93446790688065e-33 2.26375883624785e-26 2.19177907247636e-10
0.772074038360841 0.929251711913339 0.619817865018019
1.71321871296555e-21 0.000147606116497653 2.27867650628046e-47
1.40304484760977e-22 0.391649527198346 5.40483744456963e-149
4.03703651084072e-116 3.46326767666342e-151 0.806655019042399
2.15186279939863e-144 3.85200449594638e-123 9.41387916372247e-32
4.2340772519808e-163 1.04353186550153e-103 2.42470156264568e-99
1.36059352437471e-200 3.30429283549281e-267 0.475119975037667
2.17745742452314e-261 4.42539309274897e-278 1.41227480160522e-15
5.31198997103927e-298 1.57722244997657e-249 2.02378966275351e-75
