TOT AFR EUR
0.0776510046099047 0.396626728507535 0.018113781251264
0.801255500031827 0.560923133121514 0.493149772701022
0.693718059846647 0.193717588194305 0.0881817104245959
0.365847363089085 0.683758050109516 0.179786814411512
0.684258146818304 0.777980054826241 0.736118320006166
0.509408883260844 0.454173172403665 0.993450667808373
0.0576732700266136 0.0279112932801395 0.875197037686562
0.883285967647783 0.774712567802821 0.824301135919232
0.136599718150298 0.209462078717414 0.393798594877683
0.588415960531857 0.34598043022287 0.498372666022007
0.325358854051823 0.0747818800105053 0.18055809072423
0.168654007497093 0.86357610345611 0.00041421047373751
0.31281544439678 0.47069344487748 0.447093843417405
0.319720029828225 0.156526475831078 0.492367273060131
0.0619157527180985 0.0244819261766963 0.723813166056454
0.11455813860781 0.230505874199398 0.254797572080138
0.353545821648396 0.178503286880461 0.496255919716932
0.00452460940323914 0.00408133764251169 0.568541170227314
0.783315014946472 0.774949480154486 0.972151225178878
0.279759919995378 0.561801613505811 0.181860796929161
0.0323070096120316 0.461433191325357 0.00145212949729319
0.000264042408188833 3.04457625815838e-05 0.919602496554183
5.85733187815114e-05 1.24562696031034e-05 0.762047241622416
4.82895459058768e-05 0.00625613316865616 0.000162207798195929
6.52467812232042e-06 2.32659401498207e-08 0.317182178461907
1.81635653323884e-11 1.56338550744858e-12 0.273104395741239
1.60516727088795e-15 5.38821543658645e-11 2.1802808228259e-07
0.882911923877087 0.773332905216953 0.952287762651922
0.217079216854891 0.415999719419841 0.352237343621213
0.504814888220102 0.569836357083271 0.168139227363005
0.57117680910431 0.709168552212329 0.278724736869144
0.708431618262665 0.272102300566104 0.146517943936546
0.996989049426344 0.886115893844474 0.905665682278135
0.728775559744894 0.0448283292102632 0.218869034166139
0.995133752560039 0.959960795694968 0.973272871802098
0.0883872136278169 0.706728307503247 0.0108040547490318
0.935850355295261 0.511339845531114 0.652565101364449
0.264899748962848 0.862763588576423 0.109383348852414
0.0112881884385849 0.346835562657636 0.00993184601713019
0.549425996276961 0.0692322064897779 0.450693331878415
0.0311886237198397 0.123255129441381 0.146312441801275
0.0773353568164886 0.489697866203889 0.0821707454331615
0.000981172918655102 0.245602463876596 0.000696634854070076
0.00954542690644926 0.0640907413106395 0.0591385991173853
0.0249208631035285 0.0128946143265703 0.419473134723024
0.746951700009186 0.218618354033892 0.505759071836729
0.000156190835038544 0.993618505930803 7.25250505245017e-07
1.02885490550234e-08 0.451090262137916 4.66311933201249e-16
0.00946250595415201 0.00036390651431914 0.720563455211124
6.53124724197842e-08 2.45842577993664e-05 0.00046060840291179
1.00945727440903e-17 1.08121797495584e-05 7.01314483752337e-15
7.56185230063258e-10 5.98451384287141e-22 0.959597084695008
5.0751712855976e-12 8.37901766692793e-13 0.00144559388818976
4.90332493679525e-26 2.49752800362552e-10 3.06764740078653e-18
0.577112143562762 0.577006460999682 0.930022434344275
0.875760424389026 0.923627438363383 0.238979905374757
0.0225931412877074 0.0467765559592444 0.0452165702331404
0.471106188641443 0.47153617469801 0.926880849000557
0.171802472630925 0.230069503549573 0.332526217390728
0.845718909382331 0.819535234213274 0.882630889379017
0.651097097707172 0.467461908366069 0.185809751592054
0.104673255713575 0.0993367279551381 0.959395858845202
0.299121180285576 0.404140839587735 0.122561815086455
0.752856324752882 0.663050887462898 0.645043199237822
0.28802059936681 0.265963131970496 0.916572841666006
0.90422270002902 0.98497629962731 0.37313665806383
0.0292050024233304 0.044945613486078 0.276084156135811
0.0267164493771468 0.0255942338220177 0.837410493597072
0.928956769101442 0.7549505205707 0.284428785526964
1.03776862479733e-09 2.32117059248208e-09 0.192907164450926
9.39935891717782e-05 0.000164131777183592 0.19748330831329
0.00262946096610957 0.0052934177073528 0.0353191161606452
0.146062868923002 0.0880167263328409 0.288292891905387
0.3329818783657 0.370608340166121 0.596657593031699
0.626655637673073 0.606761961569554 1.45113615798664e-05
8.90283215440109e-18 6.84586163833927e-19 0.74178786803518
2.11542249531314e-12 8.79868390319646e-12 0.148445613351443
6.94309988356098e-09 1.61294605070354e-07 0.000721348738991129
4.44532899667531e-30 9.44236223562395e-32 0.887870498015957
5.17048781404543e-43 1.38129054710225e-44 0.585830167352818
3.6646032284434e-34 5.58029862208941e-33 0.00135370060582775
0.0374770254903582 0.305350526217055 0.00501916067543187
0.976075869863037 0.605574303466498 0.219479036063804
0.223567152756561 0.380737895071074 0.294519411348248
0.0999259107194077 0.0640782583273123 0.999018065781361
0.0965384097496655 0.0418254222044876 0.719917200048532
0.561030351407798 0.364804067458225 0.556653012302095
0.970887875074831 0.774060492453193 0.560534032285562
0.0631683062477087 0.0822321502734387 0.422706977867815
0.10681942238316 0.103873244038878 0.69258889507141
0.655034247427684 0.95313027938921 0.271037739369038
0.950845138054984 0.354346977280689 0.0482766815564857
0.0605078171140144 0.296240841385833 0.0281529752440678
0.0425404597777837 0.0179190841402566 0.834767102292829
0.00273534818228625 0.0128356659425989 0.0716254981125094
0.022489871306241 0.0671395541409376 0.0963039281952462
0.0166299803975677 0.00694539591682323 0.995772693220947
0.000479104143903932 0.00232846798123819 0.0339038350522987
0.00444424199715735 0.000787707685929951 0.774568867169859
0.067382003581723 0.14084734505977 0.196065994319741
0.0007358805834964 0.30266594350013 1.11646252572416e-09
0.0198791621946112 0.738744565770812 1.74397330105606e-11
8.74018269717412e-10 9.83658512103155e-13 0.845893424277866
1.30406912747733e-14 1.85371107310101e-12 0.00124970039179946
2.03771900406051e-21 1.34138996824401e-13 8.63160889017608e-17
5.35370868513731e-23 1.38260357631958e-33 0.11772402877021
2.25408181747036e-26 8.75527436224053e-28 0.00860918308133845
7.94857160422191e-35 1.86223412307896e-33 1.41095095659425e-05
0.740980304161764 0.525911551863832 0.600131733311742
0.418638066414585 0.460450071487394 0.725728160213245
0.876061082690829 0.974140711649053 0.774077937642536
0.574920738250496 0.419769484101964 0.714067500480458
0.542732233535722 0.672847657474879 0.611090545838135
0.512495523473736 0.980004985421044 0.137482312467127
0.734096937425982 0.529532577914204 0.640283517086768
0.0127213229901809 0.0173474914345703 0.409649091058754
0.844071386688352 0.614002898752534 0.126616328195423
0.358229242198729 0.596973980478794 0.318256574658272
0.13573958567684 0.335788642456483 0.156098532496525
0.235893302741015 0.889058710589252 0.0030693412706761
0.00101962341456466 0.00625527807165344 0.0496086316084356
0.00672788157766927 0.000319355173142375 0.225349727184394
0.129624428362 0.235668908878591 0.308524801967766
0.000345795173304271 0.00192265274089119 0.0796420651770161
0.00102782002309543 0.000342116011134674 0.869488805607982
2.95548972942400e-09 7.40503844039484e-08 0.0089591068646435
0.20657824445492 0.22661453417743 0.691817442412275
0.0232565711399653 0.866806158345164 2.58416417005735e-08
0.0176146919374915 0.42155596762594 4.08802403204169e-12
1.35950535359371e-14 8.46394615025867e-20 0.305465108254359
1.80173860911161e-19 1.12729252536664e-14 1.41193038094644e-06
5.17522279393665e-35 7.1791667555703e-23 8.37669622114899e-16
3.16267498796316e-36 3.58195334155777e-47 0.521227314133103
5.33581098242581e-57 4.82269341430643e-57 2.60994671135098e-05
2.44046195490413e-66 1.48347380458065e-58 4.17367393222712e-11
0.602336059176287 0.0405969413169213 0.285551724634799
0.0752419399875907 0.994274385472383 0.0179945620859476
0.0473416186318368 0.669204744628157 0.0226082084844321
0.0893978153786233 0.1904251094671 0.246973467115072
0.483827135346583 0.99288311191084 0.355402180195372
0.847549955179492 0.417589086843671 0.334543115806715
0.751325690144099 0.230694853589241 0.569096003916223
0.889914096828162 0.688456275326207 0.601726489075004
0.417330967614856 0.771408731566096 0.183398741343024
0.126780160654612 0.132767981344934 0.455929816150989
0.0272731996834476 0.299332409949978 0.040964913831943
2.16939885897382e-05 0.0963553539451904 1.92630204471557e-05
0.827443103958205 0.913829125045057 0.841036806500057
0.00657726831923548 0.0130192649568234 0.131818843609859
1.00581086366818e-06 0.0194683939199224 3.51232741582668e-06
0.314475321480505 0.012653620365171 0.419953060331254
5.29927273721865e-05 3.60668574866536e-05 0.0686156951142536
5.03515902958275e-10 2.25368089668196e-05 2.6595893583204e-06
0.544873516844782 0.296165112745509 0.935825041676801
6.14332981403668e-21 0.0126060537223094 2.79892721989606e-25
7.95676003964424e-41 0.314554571771637 1.78950039887948e-66
1.42478807243858e-09 1.02690099912882e-23 0.678419212135807
7.54875921483081e-47 1.62683127986517e-13 3.17219345898121e-37
8.12948743605743e-65 3.13848259074221e-14 5.43461055651745e-59
1.16667704360922e-20 2.3290187215162e-49 0.912483584975495
1.24953540286783e-59 8.85019940790287e-57 1.89137252820545e-17
1.08875572790214e-112 9.82164481212122e-53 8.80622134316736e-66
0.878693742789864 0.801915736285121 0.643123018874734
0.754885867670975 0.759389900478636 0.94499856528157
0.185224434611763 0.303404289681718 0.15284821453357
0.957284363616179 0.954869515949584 0.994012815140633
0.395671500850434 0.407236241722115 0.839847696102511
0.381734021202377 0.454878699516053 0.410577903434062
0.00533540219416718 0.00700482048952306 0.431972025701571
0.060224680245294 0.023759821504182 0.0842019330171602
0.0913474900952388 0.152342462298355 0.137371417581276
0.844067123697129 0.687701417541549 0.28750788279435
0.392815667295761 0.266300148800874 0.287341741922733
0.76908854225595 0.816191674933252 0.018990183342905
5.94645689245916e-05 0.000139914827781566 0.143229537165616
0.000404890156627323 0.000479211829606096 0.49984362782332
4.38413825684868e-08 1.76123577885823e-07 0.0372240245298542
2.78264867970805e-27 6.86075452176868e-27 0.056009631059399
5.18601428609457e-17 1.36608811511383e-15 0.00127743509920995
2.60903808973433e-12 3.51582814897235e-12 0.242641430432595
0.432739442251496 0.499920275143947 0.517425754342597
0.571823045252249 0.795059226073228 7.51855161588269e-06
0.0271194743237229 0.472927905845403 5.89437233481086e-15
2.20443793576219e-61 2.01525903923567e-63 0.548239146759175
4.11458624920407e-69 2.71876343688017e-67 0.00047639650763642
8.4254100348209e-67 1.97712479428325e-59 1.08634390687671e-13
7.02556771146988e-160 3.06046182563347e-167 0.678705233249539
4.27498166055101e-126 2.44276777927487e-126 0.00237284448703007
4.00478839803091e-156 1.36842454013528e-150 5.71019866929174e-10
0.798305624896804 0.609378533892837 0.648029300308628
0.222497502489116 0.150143581527739 0.901527558756658
0.408106935367515 0.523370272396042 0.520802256902489
0.305061704726404 0.585687352694154 0.18221842283024
0.628297719193874 0.97862431631408 0.23622164539872
6.87264138590702e-05 0.0106285666508911 0.000145221745869055
0.512660871889925 0.352206429803592 0.704065517912565
0.0012497312932712 0.00434123280536416 0.0976040103173891
0.130707169930648 0.0385225237209156 0.449433660787031
0.569533488912989 0.2350362337496 0.265433570818331
0.416183188584722 0.75751883170925 0.00754626290335454
0.0611700784488226 0.54817840926722 1.39414006050747e-08
0.00108585187619641 0.000115827355465504 0.770868382460169
5.23108958404563e-07 1.9980417064196e-05 0.00274212200798001
1.71256526301075e-07 0.00199577705516684 9.48287064197297e-09
2.21659860002321e-13 2.53720073074515e-16 0.851263907904523
6.85222485857694e-17 3.7746428567002e-18 0.0958313662323059
1.11607911148411e-17 3.23425751794401e-13 5.56338359821745e-07
0.548397392898507 0.669502338007344 0.608628230182505
2.36599625227336e-06 0.964989904225175 4.5643112756257e-31
1.50527125036939e-14 0.638107172291925 2.9382856140717e-79
3.30074831991747e-54 4.530900217631e-64 0.0936761236936633
1.64822647334347e-74 2.74815156554263e-63 9.00972739233217e-17
2.38565632582894e-92 2.30663932448866e-53 6.89149704336462e-62
4.58977456017419e-122 4.01935237640941e-160 0.856477236455874
6.34717667848778e-143 1.00093283018472e-152 1.59886728825452e-09
8.9644355786032e-157 5.35836454051346e-129 4.67678758909684e-44
0.148799148202497 0.138275504831977 0.785016135663387
0.0802116611366357 0.0240323520037905 0.545269584978522
0.776585726073852 0.615762193545566 0.709960402113837
0.51284086943615 0.10768947098899 0.0746763045855986
0.843531419564604 0.675436410309925 0.216452608947353
0.613387705792219 0.984278064195594 0.228943154976455
0.11457877115323 0.0125134329167269 0.154468917151177
0.253687336831838 0.174250252133217 0.885385913620453
0.167830370858806 0.168752864526618 0.725801599995488
0.110800933878041 0.104158376257457 0.741050449445719
0.746075332781384 0.489859231455773 0.50149368006306
0.0266511456821124 0.675302871408471 3.45627380769083e-05
0.254054734759592 0.22996737042155 0.876656906121304
0.0113486212371758 0.0142870489788389 0.434620310728298
7.88324964049615e-05 0.00485063234224328 0.00120656407327092
3.73963175194315e-05 2.41663700417656e-06 0.844531867112233
5.22928698246462e-11 1.71889540235637e-11 0.207578596713545
4.81623007642968e-05 0.000111638145816941 0.154879465190102
0.787929360626803 0.588482858931769 0.0867945517273952
0.00121128381152333 0.504360737762775 4.21759597181804e-17
2.18943818512827e-10 0.228796651020924 1.54832671702342e-31
2.85739261034757e-36 1.59217833182331e-41 0.200198173939371
7.42497781770244e-36 2.80421349632793e-28 1.87914549404399e-09
1.71499050657651e-56 9.31522589812766e-32 1.96067768627065e-35
2.19575164109474e-91 5.13097400257455e-115 0.950738840649779
2.58738498124619e-107 1.17203168851029e-111 2.03949186805912e-05
7.27746656660433e-152 9.2752226264428e-122 4.72425886873578e-36
0.947991229663397 0.471466460896422 0.586652992958935
0.678249318800993 0.187954573300847 0.0933181649178858
0.132801424963133 0.363327652115671 0.224001907705939
0.306754943390492 0.0138747383480056 0.443668885878981
0.961059322435367 0.738036977517579 0.829565285649891
0.209639966639262 0.43474844500677 0.310738792380851
0.296954866269633 0.0196870053643413 0.538304926167885
0.561254584804714 0.0333651601753075 0.00917900624982777
0.0721681433207652 0.568292519923367 0.0558893269708339
0.335104240100538 0.218767667422592 0.817579504795978
0.115027441672766 0.899042616414164 0.0266836675358311
1.10094778642286e-05 0.294883016381584 1.97688173099585e-11
0.0549312561656411 0.00113073521768663 0.821612889959913
0.000740173426649771 0.0179930643538137 0.013260467008315
9.62847730250515e-10 0.0933120595106797 2.18585231262724e-11
3.13436556946251e-05 5.3202479916051e-09 0.614904038162634
3.00685031085764e-07 1.01826166999063e-08 0.0554703747005679
1.33534862502862e-15 2.85156169930793e-07 2.7215797830409e-10
0.600093926277203 0.00351493625362968 0.071989046197565
1.22546883009532e-26 0.365634346157783 1.96527108804523e-50
4.96518433750977e-66 0.0546288354478904 1.50300219683123e-134
1.16873841189839e-13 1.81208226626004e-35 0.429654062989596
2.53648325261862e-59 4.54736120662999e-31 9.64986920541458e-33
6.86063514203051e-141 3.18529084961856e-28 9.00267182293609e-131
7.72903705169125e-46 6.2424745480099e-107 0.853220066305001
6.30414093726661e-124 8.13182552586755e-115 1.44392596505394e-35
2.91570859811605e-191 3.59813165079918e-100 2.68641554017864e-103
0.520537261754527 0.467601491299881 0.755411463313353
0.107503336436245 0.0498533203317183 0.157479666535323
0.172364938467967 0.140335523038136 0.701435880481158
0.305695585348705 0.372125443462557 0.425274972524177
0.609075874237871 0.711486113275685 0.440964548789131
0.536414541726831 0.577015237659388 0.689769720334138
0.00367192305227689 0.00247879639952849 0.809855518502802
0.0574704433481412 0.0316647877393873 0.332647414504037
0.000265593360438258 0.000160379774909146 0.864699553608129
0.36382532141107 0.202300928538922 0.08364328882358
0.882802144502941 0.881480126113665 0.131125066461443
0.274701694132161 0.0562958460862067 8.62286992822391e-05
2.86426410102983e-08 5.73080253863095e-09 0.524536406427174
1.0970234715804e-16 1.90605052628793e-14 3.21873706440934e-05
4.80365607425365e-13 7.39482841908124e-12 0.00497160255387205
5.58137009254103e-32 1.25057587557453e-32 0.359402970875321
7.55807130161113e-37 1.88595522499126e-37 0.278667056002671
2.62159670999035e-28 2.05635788576595e-26 0.000831752052678248
0.644000962213305 0.608385113712972 0.850649442450365
0.749455987242042 0.370883863150438 1.93107853940363e-09
0.00154900239408344 0.393209084798986 2.89947673827535e-35
6.95569447677782e-128 3.05798168425145e-135 0.675253188725729
3.05479320628569e-121 3.20912386767387e-117 5.69466136195387e-08
1.25786449226662e-136 7.76385152358997e-118 2.98407977228593e-28
9.06657204868216e-264 3.24207685409007e-277 0.788059402263618
1.05313240515668e-298 2.88880826265209e-300 1.90879844452048e-05
1.00237357375593e-296 2.61840735519504e-281 5.10214602909014e-23
0.458539422435729 0.598535224876178 0.514136153297796
0.882659673461412 0.360916799666601 0.116115234703534
0.43179635174695 0.963457967211949 0.0552836286244271
0.00112788596826839 0.000391139307492508 0.763453461747863
0.085024615398239 0.141731363146566 0.312562533548243
0.93656875372192 0.634535312434148 0.433735634750569
0.0320127355373269 0.0217724540965828 0.784135541833165
0.00496469381691694 0.00676961148603393 0.314396914878129
3.29503955694484e-05 0.0090965709714419 8.77826356528459e-06
0.434595847564809 0.399748756434938 0.92576447482428
0.2251418584033 0.482461621084022 1.44895081347559e-05
0.0027045819905256 0.864343010534456 4.87903673592806e-12
6.64137491823693e-09 8.03244303924688e-12 0.590207129837744
1.72488403757017e-20 2.44513396704907e-19 0.00116724975117429
5.38062355175038e-18 6.4772618959155e-13 6.91881049820235e-08
9.7557922969862e-28 1.35920055473786e-34 0.732618975484148
2.46274310997197e-28 1.69303151939161e-26 0.000114283531202379
3.49038093756398e-44 4.28339009040133e-34 3.11776672174345e-14
0.555491906595985 0.633787436497919 0.682986142337906
1.20830086091991e-07 0.499983852759024 2.06143701159068e-45
3.41508694571961e-27 0.823671343034015 1.06687728719384e-148
1.18476594474135e-79 1.08133722374043e-107 0.254898325676005
9.16389626306605e-150 2.32918509212196e-124 1.02595485460729e-36
2.04794187681595e-171 1.87062698357185e-95 1.30492743070229e-120
9.74272349840591e-207 2.15665591443564e-271 0.758693298903346
3.23430744359284e-293 2.57136706500443e-298 8.6389972148588e-23
1.39524138385568e-320 1.60227535385698e-274 1.79931355890195e-71
