TOT AFR EUR
0.950328603532692 0.807243372066144 0.444442949504654
0.655847878470285 0.840168642080806 0.544826432917997
0.921854216520983 0.799804224882955 0.757541206801391
0.0972224999232928 0.0244006460634023 0.41035968421183
0.621845479334822 0.912017476561763 0.206319236704302
0.163215682952742 0.0672067443381377 0.651866391448888
0.116435116968727 0.118527829219168 0.718446325219919
0.898118109992406 0.738976299344841 0.400041297493557
0.721280598262386 0.613249053176866 0.816295822954154
0.225221123674859 0.251881410354813 0.708695287242923
0.0201369939849651 0.0433010099753691 0.229834942281463
0.139588963864218 0.0468729153076721 0.551781321623834
0.0304841318414911 0.0366635876454295 0.454952838144941
0.460802206987502 0.787010790870397 0.292347054697786
0.000634670058246964 0.00507639536370021 0.0507160011448189
0.0773663402906324 0.126080284892633 0.368533803756458
0.00264457384006465 0.0383651323950052 0.0084096977675936
0.137658122438486 0.0492174522331003 0.596591197301903
0.880641602556284 0.760304086274876 0.376380972880289
0.149266942838688 0.235954844183085 0.393093465742994
0.444866497793831 0.215223863780216 4.09523607659858e-06
0.00177714158608723 0.00308238011721783 0.264328692649692
0.000180470453041122 0.000125282352635039 0.567304337854434
0.000197388719651844 0.000534566540814778 0.136910703508434
1.34436444926652e-10 6.40241942859403e-12 0.414698708691961
3.7803713037979e-10 1.12906461590788e-10 0.210767630666095
8.22456997099288e-20 7.74525919410331e-15 1.63317307058022e-07
0.970080474515292 0.0822811135872309 0.112043759324593
0.389331692234678 0.871335401110807 0.324670964544085
0.080942402453993 0.620869543806429 0.0629155001477649
0.368411107144765 0.957881401079889 0.223913515949372
0.169495453539263 0.157948812766051 0.522099379371441
0.134998754383232 0.109165288984428 0.54280289475432
0.310940281284404 0.270927408314174 0.0204941433986628
0.397902497417196 0.396816438796127 0.675604434187297
0.758893167766138 0.280988972618742 0.604506243572344
0.231827194964103 0.103276630149945 0.872712246308982
0.238171260331764 0.276452559714097 0.00976418628013043
0.967263056299132 0.176979773982433 0.216346903608291
0.0699908990901132 0.180299014009757 0.205809075513589
0.212402311401127 0.21125667480573 0.569471155028778
0.0248294527533685 0.634178239962985 0.0113671532106141
0.178309866849602 0.000396730315208113 0.19768117534547
0.102491134651989 0.0477968495622031 0.649926792734421
0.000492271182981541 0.0144405997683561 0.0122222611386735
0.807428193453007 0.969877375258229 0.724187305532804
1.52511996778071e-05 0.314363754483723 1.15656721892196e-06
1.0709799538586e-05 0.553670783519586 1.56534375687475e-10
0.0360160855212071 9.94933322755678e-06 0.259864106538011
6.03978079886548e-09 1.42917378275618e-05 2.82488797251712e-05
2.05007714493379e-11 0.0199548170376408 1.07347556066639e-12
2.36107637272075e-08 2.58900039555866e-14 0.255187289044888
7.35994726761643e-13 1.91860072778944e-11 0.000239282159498353
1.01891447275751e-17 2.56452578605388e-07 1.48935170578736e-12
0.491101995170973 0.469140657378053 0.941302289843217
0.5325086771298 0.690914835083716 0.29620427558602
0.298851236862497 0.306018124014746 0.832901584553709
0.926557615174225 0.502086228850337 0.011149230847727
0.980344000258212 0.905940307335325 0.514437421623188
0.360766999895654 0.356460971528443 0.932433352602365
0.840514953259976 0.824853262593132 0.943814179548566
0.328127778633554 0.476277543321131 0.176187136124439
0.283653977490255 0.313706566152686 0.652812290447968
0.196045919269952 0.417896600405548 0.0218429219101716
0.195790572815637 0.236355326193001 0.427650475636813
0.932409014283411 0.72498720627137 0.148143342730979
0.0475851714695242 0.0983785897528129 0.0627575277762566
0.00381679318106983 0.00345372447675901 0.857245067958248
0.0695617843945736 0.11677983418819 0.13514433351936
0.0213513349418812 0.00708604938016967 0.160402910137297
2.5473726010367e-05 2.37783091011817e-05 0.684884130686963
0.00530194260204917 0.00264228086137227 0.500427212854067
0.624615232321303 0.684700477310607 0.632371533609227
0.28478906615048 0.499572234603747 0.0437174686841104
0.278195327007849 0.0652477190692284 0.000869852184407304
4.41100438987389e-13 4.06000115520225e-13 0.388096755561172
3.7978302388529e-10 8.98351010742116e-10 0.205927103542464
9.37223665213228e-15 3.47052929660552e-12 1.01402792701832e-07
2.29022440782083e-28 5.02842737308709e-28 0.0839689543009948
7.57661284132929e-27 1.20238965887666e-25 0.00384135963379121
7.13784642351037e-24 9.88336083562946e-23 0.00409277054546976
0.395598283518658 0.496341756581729 0.555363617910219
0.235550929188048 0.333532226941181 0.447567705291757
0.503061651224293 0.283983231883453 0.398550306568297
0.137523545884593 0.0342305279826159 0.375005867924129
0.704021063475156 0.475127282125071 0.553404700738415
0.0885724546304705 0.134192794576053 0.400345203818631
0.462710372776474 0.189893933166348 0.336338641863357
0.516444590007374 0.727378947193915 0.406916588301066
0.855760650488334 0.77565620063224 0.303490676121236
0.718285278312022 0.970933170628068 0.42323868451139
0.718715338166582 0.152108976239641 0.0483494322671969
0.187021273693423 0.520981328305692 0.0796477432305826
0.19306385964952 0.102734473161475 0.700519753322294
0.0157967413187428 0.0305259653528812 0.213015701310523
0.0012174114831244 0.0473093292393978 0.000658561863548304
0.000414564210738361 1.12916363235846e-05 0.461401465194745
0.000497514163163234 0.00372238544044537 0.031938704208747
6.00871933910574e-05 0.000684849131190975 0.0142889638236547
0.777660292719742 0.901040178383192 0.692035675847268
0.277912871669397 0.455389573184361 5.5556313129426e-05
2.533372666931e-05 0.70011296212133 4.64030938182334e-23
1.56265171465466e-10 1.07560868140236e-12 0.663868832477887
1.44984892370619e-14 1.38425775139519e-10 4.74658378958339e-06
9.25715159822189e-22 1.22236168757939e-12 1.71855049960297e-15
6.21619909723653e-21 4.16881904214016e-24 0.168639864442243
1.63982435108982e-23 4.18433385250507e-24 0.0040737045486847
1.11289913663346e-42 2.87004816296159e-36 6.23574053242141e-12
0.255349314530976 0.211942409726698 0.959275726834543
0.389376623321907 0.987161294276586 0.0398338698518447
0.55446839369739 0.152359074025217 0.127623355990421
0.118778483186506 0.0885863499900499 0.924862936910278
0.279370700750079 0.45053694551163 0.343085097859473
0.746545096707851 0.389705379101965 0.319665377748588
0.203770537110171 0.199045572250195 0.769443974763137
0.366279679110001 0.195598119452981 0.580656482245541
0.0422882065174366 0.0845502316755123 0.265292999630653
0.115873027940455 0.0347588158257131 0.477124733810577
0.129865551462821 0.631284106525769 0.0178894599553244
0.450705095084837 0.375797064250864 0.000466005204161272
0.183462885422653 0.0404704810951385 0.256611217285379
0.00829893913307596 0.00203535808351586 0.785000314027875
0.0168885407172403 0.0492383935673756 0.14332270751454
0.000446272601283974 3.86649063349429e-05 0.713537976749853
0.00118523698451659 0.00086756707670477 0.541350730108778
4.38628457089628e-08 2.69234182772894e-05 8.47922312932304e-05
0.100769455369883 0.136116216693 0.507117892274886
0.116266008715804 0.667559726715331 6.33096798546077e-06
1.18900778644663e-06 0.130394630800765 4.23288155848583e-16
5.74063568938924e-19 4.24806862774256e-20 0.0994894127625672
4.02845796951184e-27 1.42267214066133e-18 1.71614258777968e-11
4.75650745797333e-33 4.54476275161456e-23 6.79381369236552e-14
4.05103003183358e-54 1.49749633041112e-68 0.906071755906403
3.64581502443568e-65 3.17645499470675e-69 0.00227518857155787
6.07582365916923e-65 2.95738255541358e-50 3.55729761455955e-17
0.758218342145378 0.804660210886009 0.838950088203723
0.282121763108476 0.704988350434117 0.0770350335860727
0.0228580820504761 0.474686543234485 0.0146398705634097
0.646157573553394 0.98813840587786 0.5355040609782
0.359313154862499 0.0320537220950505 0.558178022988984
0.525881528065914 0.969158861659989 0.376376742908997
0.0588728726323253 0.227376504862856 0.143730171011661
0.18284876773937 0.0715165121696941 0.817255314746425
0.386058421867579 0.515526171694932 0.540323827675786
0.452266618766464 0.0626143974425118 0.565928406860636
0.722563841475043 0.42434527770152 0.242268248683844
0.000452812689661771 0.636702369780268 2.30492131795798e-07
0.487376981009345 0.18491631283292 0.854454946336965
2.05746056894632e-05 0.033865975041968 0.000125432061261525
4.66048827831146e-07 0.0227567537964032 1.90918375098452e-06
0.00367607159507332 4.99272061963966e-05 0.675934727310091
4.21681754973099e-05 2.87032654856064e-06 0.156292374861237
1.74142985668013e-10 1.90088709850238e-06 6.59263080620087e-06
0.995595130831073 0.711186536819627 0.746092698172521
8.86295303964967e-18 0.487839337094306 2.89420396185371e-27
2.79846039204793e-44 0.950609987710736 9.38014353972683e-78
1.06736213678267e-09 2.71621232429571e-16 0.258902621578016
2.64552999989426e-34 8.33369681186483e-12 2.79772434136164e-26
3.08907811780761e-77 3.31839973116997e-13 1.01904142235958e-77
3.77638038075958e-27 2.44454921271684e-69 0.716351576297679
1.6751960806401e-67 9.64859427132108e-62 1.2687369955729e-19
2.38093921404423e-121 4.27691833163237e-53 1.62398832165496e-76
0.437248479980749 0.40147677152252 0.841678931502317
0.0665795582849013 0.0560097082595375 0.875275610931541
0.351203366678733 0.486228339185917 0.215719645123034
0.129941602932295 0.0880320863043021 0.454565214371168
0.184543650720491 0.200931248561965 0.682757235089647
0.700060116511758 0.670078880770232 0.864574938340783
0.470097495811943 0.515519446305849 0.675911968700091
0.0856041073136846 0.0829975588314922 0.880649340342575
0.0252643167103254 0.0434502214018719 0.19669989693673
0.886726997587101 0.684225766012772 0.203579516604586
0.211993082446861 0.217332695275949 0.816186438004399
0.845480424832513 0.580014321853143 0.000458091991331803
2.71054052658829e-09 7.32763444121059e-09 0.117854745176208
3.9033954840677e-09 2.58389921939768e-08 0.0288395158009878
9.23292232835666e-07 8.07251077748521e-06 0.00316989891620703
1.8445570471218e-19 2.07565836684855e-20 0.981179508461198
5.98335340333579e-21 6.88622474882111e-23 0.290454938507572
1.00760106960578e-18 2.26031557474068e-18 0.156442535870396
0.509568038295406 0.320662859629973 0.143516396515658
0.044970418126327 0.265204670179814 5.35655546165311e-06
0.0493789101291517 0.630735107236945 1.42857755564296e-13
1.12031474674527e-81 6.82858771011609e-85 0.570672553545641
2.87069905970446e-71 1.25073791442213e-67 5.17960634797398e-06
1.82548525910783e-70 1.03613077064102e-64 3.27613551253428e-15
1.15968510740639e-150 5.44376579917827e-154 0.0401814083300193
7.73997204462499e-145 1.17411680744929e-147 0.0158619433864193
1.59637509032266e-153 6.20235977749624e-148 4.29191642891097e-11
0.267139248341941 0.0863402240137428 0.372038942795843
0.703005433288956 0.832531299135705 0.647907024574897
0.533209175995403 0.755851171666588 0.037258771847708
0.0398790656090148 0.0660492261824722 0.285774942150724
0.14896813250166 0.335366062239802 0.173552847797623
0.331813556265138 0.561339901183304 0.276680202259151
0.00213041855567065 0.000873123999239985 0.769012404626587
0.908580105420306 0.535811349101197 0.284763669915834
0.0140580154833742 0.0335350183136168 0.169004427470638
0.33788659689257 0.241857282085192 0.862942051443333
0.70184453308191 0.876760504031655 0.212383765868851
2.0372380477915e-05 0.0265347445719451 5.12072257355005e-08
1.62040071386448e-06 3.50207321849654e-08 0.887532200379243
4.02574359613677e-08 9.85121910180072e-07 0.00510275568957453
4.23045760292757e-12 7.75359678569987e-07 2.49593111871243e-09
1.20896616510648e-10 1.65713687297011e-16 0.0407279649375606
2.92121366686333e-21 2.43094909147353e-21 0.00698515295536925
2.3746254026848e-17 5.15796304065018e-14 1.39063410376117e-05
0.754650607653123 0.761649591337617 0.160502663550223
3.43242624975608e-06 0.800386379578958 4.82738379963712e-27
2.02290089606719e-21 0.0928792184586882 2.9412904107119e-80
2.2193837885201e-41 5.50352185587635e-51 0.418325442402933
1.22883133310492e-76 1.49681993967417e-61 1.85575638529342e-20
8.50539475312097e-80 9.88798342350528e-46 1.85615281072991e-55
5.22917079870626e-99 1.02032862550609e-130 0.728961317939447
3.4261624490666e-119 5.51313423978473e-128 7.5711663068262e-08
1.29895006532293e-156 2.27013353740488e-135 3.49444355408485e-31
0.0668733888006361 0.164873762964947 0.18395535681184
0.570574527267599 0.221574517566717 0.252235567025527
0.546185743920338 0.633387937750065 0.680536521280443
0.9357057216186 0.974238328189661 0.908245391878569
0.0900261215312182 0.0529085330159201 0.933958547229134
0.548136086826436 0.743141608390398 0.485432130638908
0.138561003563566 0.160474932644624 0.605000415815341
0.588913349522476 0.336826250487569 0.483298023496027
0.602930826778855 0.909517751897941 0.175870013656184
0.898165817685243 0.980164568326156 0.737572515319373
0.0403752485868811 0.390670422718106 0.0030835654878962
0.0015296619350783 0.0467076732199905 0.000884858028764318
8.08675648288425e-05 0.000457930225324873 0.059992232288639
1.31973416658909e-09 6.44673484689627e-07 0.000214439636868511
0.001358754529438 0.0460135434027253 0.00119000364428565
1.08368845281866e-10 3.40805688724598e-12 0.571132352303798
2.72001021098169e-10 2.94322620272534e-09 0.0182944931806121
3.21902645296209e-09 9.51027324726225e-08 0.00721272724713485
0.983060452980797 0.659958083413453 0.40888326298777
0.0316043684900144 0.153224962515206 4.01665496886336e-14
5.46121129080359e-09 0.841438251276891 1.21929565569225e-41
6.25899918522331e-27 4.42655352187028e-33 0.828901346588311
7.31524432650834e-38 1.27707198156891e-35 9.2969235285159e-05
1.74235315230449e-60 2.25330012509368e-33 6.15937176770264e-39
8.78578037921032e-79 3.42153355205188e-104 0.17779830543332
2.2430299722143e-117 3.39324163513479e-109 1.28148157399733e-13
8.63349056026222e-113 2.14410287461107e-92 1.64333923206452e-24
0.177125375446157 0.177251828225264 0.526803499178417
0.375825700842088 0.89895677873836 0.28047403759225
0.567006346582578 0.388951492308016 0.138439754816296
0.735026138999314 0.902557530006745 0.579651907919169
0.360839130338872 0.589927193791451 0.449681986043354
0.318856449907432 0.862262447796529 0.237963621579739
0.59774838942528 0.145329168855739 0.562624223629472
0.00382752025865888 0.00460451560377075 0.149114296293846
0.121760313365771 0.0118362228423565 0.929062188943253
0.237839788867186 0.297040979040544 0.503644344332375
1.03382786974241e-05 0.0173119570114105 9.6099713949296e-05
1.93781205563732e-05 0.237543529280344 1.82562736239182e-11
0.000720142688038625 2.58606577775879e-07 0.921211666460914
0.000606561454522264 0.0405199584975893 0.00542617721209213
7.0672503227676e-13 0.000446486903207357 7.79374223175818e-11
0.00367357913455835 5.79875945642746e-08 0.474255245006356
2.23624528990219e-08 6.84094013916311e-09 0.0120301708599588
1.40232109290509e-14 1.25290010576255e-08 7.52355425759756e-08
0.368525669116368 0.867692470422429 0.184114031863206
2.94818717131358e-29 0.342990738438208 1.26137502100804e-44
1.97201961237337e-88 0.453105377860193 2.48387681049424e-153
5.07092090256717e-21 3.23549263035939e-40 0.249137687970093
6.51143310061057e-69 1.20658635885789e-35 1.52504848558759e-37
1.52222565628358e-146 1.56914076014542e-35 1.8707349779912e-127
3.73696576283128e-44 1.07349066906307e-105 0.988690138035214
1.60896173265787e-118 1.12111752129379e-99 2.20180056633536e-39
4.60383216227879e-202 1.4222614437462e-85 3.80973677104613e-126
0.174125347260174 0.193798092267135 0.638611122223074
0.706999340459268 0.78126818992602 0.580952747750388
0.338437748009825 0.320324873923418 0.950985158087093
0.00496934595107014 0.0103776936892328 0.115529526330885
0.0553285785785956 0.114117403644955 0.0529968519143561
0.333289410004817 0.324866354540074 0.971810127046511
3.14710607222543e-05 5.61081922209939e-05 0.232878180137318
0.0188383427673369 0.0175204404155797 0.864923949532481
0.00687100300082205 0.00800505261088872 0.542787951746845
0.881163971555073 0.800960815943903 0.628497056022026
0.74951311937867 0.485050641192818 0.0755821962941894
0.920377396055285 0.617924159349718 0.00572517387738813
1.46651877075319e-10 2.16203062801318e-10 0.273217841973124
2.29806575146874e-12 9.95393210142024e-12 0.0469360215305363
1.33968548850945e-10 1.6676738252403e-08 2.78113387105359e-06
2.26413020994315e-22 3.74790668945363e-23 0.745826519788382
5.3716460604295e-32 1.16705176782145e-32 0.385960874823057
2.31705397100371e-44 9.86700703353814e-44 0.031742281166965
0.482075055246377 0.512614144442173 0.736522091441153
0.211464164861612 0.944724418826354 3.53215170925185e-09
0.374544726095092 0.202491970825735 1.83130944012353e-25
2.74736161474347e-127 6.50290305305475e-132 0.348006248257175
5.78910600298186e-137 9.62546159133843e-128 1.19111694853625e-12
2.17197222395107e-151 6.394028630125e-136 2.94959360892709e-27
2.53341276436649e-263 5.92646083366654e-275 0.446331530473676
2.74739849240872e-282 5.2926110918507e-284 1.40169514429668e-05
0 8.28959093183869e-314 3.81853368997035e-24
0.00160630868626251 0.0465165518529574 0.000824567765325941
0.0837043193548294 0.322637896858352 0.0371131897762487
0.397280975357385 0.732302527167977 0.208657649492107
0.996447793976409 0.870090454983576 0.725299898318111
0.0723833398910929 0.0603070792780521 0.733571043125763
0.00662247929101661 0.00985184080857882 0.300103905051864
0.0178549398120662 0.0161273901558455 0.56088151241051
0.146804079697523 0.0395422170368835 0.384012662079216
0.00494278516348903 0.00956066252469601 0.204325021224709
0.755751575979315 0.296281760076904 0.141427352546974
0.912421979298991 0.302537889506398 0.015178270826214
0.0533066404123956 0.963280305327201 4.45337801311998e-06
4.47876088582181e-13 1.54995112238544e-13 0.0739568228699791
4.91217179426574e-14 1.16562193354265e-13 0.019861690913511
2.57218250718038e-19 2.98516055514222e-13 1.01626683999047e-09
1.44957861106236e-24 2.63996001274513e-33 0.423692858848881
7.8372891392868e-32 4.34851090535481e-29 7.12621153239185e-06
1.20549394863227e-29 1.92813109507179e-21 5.64909978994291e-12
0.584631129955741 0.306329250807056 0.391210769570106
5.25682327795891e-12 0.738984361675691 8.67895411420534e-53
8.98717301292059e-23 0.304106339768038 2.40527065117012e-140
4.07025717544694e-84 2.08617419332774e-114 0.338977841747762
1.16610065999681e-128 1.75049878239926e-107 4.18547624651654e-30
7.04980728768082e-175 3.82061378459348e-103 2.05805708774969e-113
2.13255077712374e-231 6.29377686803148e-297 0.70925346606542
1.85421671185889e-266 5.51490155285747e-270 1.78208506092224e-20
1.85824257298802e-285 2.56681386068711e-240 1.45261474648198e-67
