TOT AFR EUR
0.800847323196366 0.690648042664759 0.803618456861543
0.241324157445522 0.224871408313016 0.856528643226255
0.265357271096968 0.171152541950754 0.804331035830662
0.100715160710446 0.136230520979674 0.460544403456299
0.979278923899061 0.971218840896127 0.891331494976916
0.0172373567014269 0.202837390430681 0.00260592093957505
0.991711571752064 0.845091204206599 0.679277939400121
0.633962089912116 0.868869879749646 0.414409646469639
0.914125145342993 0.58815527272136 0.200720695038744
0.00425014888908697 0.00382803963036909 0.502975618835697
0.146219073599586 0.139855975620208 0.758755708508314
0.0982267263057154 0.230339145680112 0.159405438978606
0.0497255337802019 0.321252364732076 0.0221667789269275
0.528649762122063 0.287393105129769 0.433501111940876
0.872537122829327 0.784114652005318 0.864197921470814
0.91399962267804 0.728513865060291 0.662256509878894
0.00872540248379419 0.144960804273411 0.00230705269422609
0.428002641782943 0.556749206176417 0.517149044649285
0.131672190024065 0.500080421343733 0.0292316247580907
0.137546136147272 0.427953126552411 0.0826596618713576
0.0085911770010543 0.369175343261274 6.98593320244104e-06
0.00948600185911722 0.00911576734296128 0.546572703979051
0.00142268227267814 0.0154336508426456 0.0157769347030672
1.91073018922665e-06 0.0014216158645022 9.89814705738136e-06
5.42109223653336e-13 5.55744220014531e-13 0.0682418743145471
3.20597303632006e-09 1.04160279740194e-09 0.265003753882656
1.38289796345927e-11 3.23090802836231e-11 0.0388998017506077
0.72393231633648 0.6728377507037 0.907982958860997
0.106372390135986 0.088065418857314 0.484797045669095
0.815006388896839 0.783395463836334 0.936917397133417
0.171184834949692 0.128175022062415 0.623118642890433
0.656935093899128 0.648916967405227 0.340600639278958
6.3857096240271e-05 0.0974546110004144 0.000100864975058878
0.365459002282754 0.724251989231339 0.369792208225257
0.671089049563006 0.500651332079064 0.989376954383916
0.671787043805741 0.681423401808 0.814843444084574
0.452516977320897 0.736664514624342 0.489083289354463
0.321536366236383 0.567751906016223 0.397475401078433
0.00581064840721479 0.0655193782431322 0.0345451469138081
0.0696412086036903 0.0336713938517333 0.588968287263989
0.199529286713578 0.791858627114543 0.1346923652701
2.90924040218762e-06 0.000282661758311712 0.00101484589758397
0.331083081012839 0.044635313932612 0.671368323253783
0.0918470206861351 0.0073649549773937 0.910458329174163
0.118619218127947 0.147105971781523 0.423617231930075
0.859755849221056 0.230871678902506 0.438352300060305
0.000993448190938787 0.668453894859664 2.76491336204601e-05
7.93850150719255e-10 0.860979192087189 3.83295027944674e-15
0.140354607155211 0.0522902293865114 0.795450660274337
1.90105971588392e-07 0.000982448632876551 3.85833483884382e-05
4.08872380417186e-18 8.83900954242779e-07 6.00453772800828e-14
1.74927254524815e-10 1.55668485403618e-19 0.410609579425281
1.31193731959849e-12 3.79681086109541e-10 5.66849904943471e-05
1.67174169910765e-19 1.79333369112477e-10 1.39101408381102e-11
0.159039302997373 0.281910211178146 0.0814902262078219
0.0383907983480708 0.034888997972454 0.933959969605779
0.856235285407652 0.952435745006548 0.264825320616062
0.0286255771456709 0.0180496911592749 0.578794161729993
0.303664715178704 0.396508000684978 0.419061862197716
0.315509436034124 0.252656593170851 0.618946635583543
0.835364820611561 0.951295331004151 0.456494300495508
0.738181837628054 0.664290298860086 0.703402946753898
0.675951146709435 0.885314453554205 0.220341839917138
0.133957892006045 0.156051328117572 0.372398658250957
0.191729581618377 0.0866193355943418 0.0730222841197151
0.540826129286478 0.537628507204323 0.952726604641132
8.99032789851342e-06 2.80802752240301e-05 0.079887106889718
0.00179138274141736 0.00404375999034699 0.10942250717812
0.0733576103692474 0.0743017359075917 0.826461762504319
9.74399443510016e-05 5.86520313428777e-05 0.977712992328843
0.000240649582824277 8.56776132693619e-05 0.474005910089605
0.0167211917164284 0.0399824642670543 0.0334987111262453
0.928680652354919 0.695865576082029 0.133206577024328
0.560781966751426 0.896457976931163 0.0770628836698952
0.00930155383147839 0.107125063247745 6.46410545763273e-08
7.2516900808343e-12 2.0073149779532e-12 0.901785982218338
4.51411612161887e-16 6.38341752013994e-16 0.154531394824865
2.07067805444717e-16 8.29258348209717e-15 0.000418663305185324
9.52827583538665e-33 3.90588391245557e-35 0.54383989973301
1.96834282860304e-30 7.76054216916376e-30 0.0244928706960748
6.34753798712177e-32 3.50856765531778e-31 0.0233464046754265
0.706969386101111 0.338711931281081 0.232050305162523
0.246526168518774 0.130469221912607 0.679953210969769
0.194822860932054 0.211856991111684 0.643392501398448
0.442406952864221 0.199099129064916 0.439159755284376
0.967285006313769 0.993395656127021 0.910182641367759
0.974889940389511 0.980672287522818 0.981186598093788
0.34203512407149 0.398898718522825 0.607244627652601
0.721335458276463 0.666670193993889 0.968165749511185
0.143379403750127 0.742016887375942 0.00443361290163244
0.442257374017764 0.545426527958421 0.563227894758735
0.328103568310552 0.397683308207946 0.601971154297937
0.0619349120978779 0.477574120183946 0.00188413754865701
0.0122810990890767 0.0153218576905006 0.441800551017866
0.00252344591588097 0.00222160239050647 0.46052043512351
0.0173949378136876 0.0536669621361349 0.0564014970153341
7.42593316313098e-05 9.29991892371886e-06 0.87787211283028
0.00116656314446189 0.00340552254176723 0.15312769724291
1.34113359637278e-05 0.00024331887380944 0.00476106806064432
0.498544374746062 0.362980515812103 0.746479808319314
0.0994607832709845 0.542273823867013 0.00298761644622189
0.000693369003516211 0.689090028643868 1.17633902750041e-12
4.07533607869392e-08 2.96328611200863e-12 0.123869426666756
1.79842632321452e-10 4.68140611783464e-08 4.70083410283441e-05
7.62530800026882e-15 1.26506551490941e-09 1.22679790082795e-09
8.49459795460604e-27 2.87729612751696e-30 0.108414027316037
4.52885370796191e-31 8.93636805456563e-31 0.000793347718535093
1.89440125319553e-29 6.48813710818062e-25 1.78792012546304e-07
0.813595564402415 0.766974222868423 0.941544447843243
0.74969942090733 0.941569350131382 0.578376823774945
0.9385998342909 0.755598067843943 0.418948267405369
0.628630615197968 0.281861664134781 0.277119517468383
0.192211316153686 0.0816968977325194 0.576392503284347
0.218916623696133 0.0472566197105694 0.22102959039001
0.138635131281287 0.29421076197116 0.213200305951173
0.229785006452492 0.420247298167934 0.281826676026187
0.772708284883026 0.354556456933505 0.222861198681185
0.75939608158411 0.532489330864761 0.538156733112582
0.795084216023369 0.627854566968991 0.698415943432429
0.25987988108567 0.749093643968984 0.0640446337182274
0.0396291668967274 0.012017247065643 0.674305087267906
0.15429739559893 0.324929810500906 0.214572584185548
0.00374203822853816 0.00370417554103111 0.501480727631401
2.96974910135085e-05 8.36206507712191e-07 0.572972210457185
0.00650488537677111 0.00496786572208456 0.652132952658967
1.66942926764544e-08 7.03463362398484e-08 0.053500119062868
0.64021920995114 0.90243397066875 0.402378404931693
0.0274430441164311 0.944031507884614 1.30008625907627e-07
0.000105317647159388 0.528797468076274 2.66514377460058e-13
7.0420641636932e-13 8.30196526643892e-18 0.290973519588806
1.1059180445062e-23 6.47292716213793e-20 3.34597766513553e-05
3.27510426349722e-28 2.24478609778747e-15 1.5592083042318e-17
1.25932039446506e-56 9.73673052983566e-64 0.0781310902464465
2.03375557688045e-52 2.97443942629359e-56 0.00978195564395944
4.5513804946363e-62 7.56101074052404e-51 7.38152497406237e-14
0.68460604426769 0.441293540277326 0.900695406553415
0.109586962503719 0.0250451886753059 0.824035516768594
0.063785875954631 0.868496928138332 0.00825175384175162
0.253249088944444 0.686154014476628 0.241581913669889
0.429960595200093 0.547025926426334 0.594830316797822
0.426846380715351 0.10568465732049 0.731704341175155
0.193786106252364 0.047262768683227 0.994841456844858
0.0289761625858713 0.0710543549968462 0.170982111973484
0.0797501167938873 0.26477315423609 0.170503155956835
0.577301017765634 0.768302921646795 0.62654805763508
0.00405015462144994 0.470391563191929 1.20490840122742e-05
1.48383403114875e-05 0.884929586929743 2.15511810572611e-08
0.0434313654807111 0.0021573794700496 0.943506948468296
0.0466396573386947 0.0385114668971765 0.387885794804774
3.39673632063946e-05 0.395949904733974 2.12406578101596e-06
0.0024904843788278 0.000133684563105959 0.482638432185351
8.60363144911503e-05 0.000429223418848893 0.0240205863054621
2.8144312629251e-05 0.00338406256145052 0.00211427672201921
0.679282161498277 0.741973313540052 0.782701834689656
2.72009105495983e-12 0.395743851174897 8.32258591160323e-18
2.91561095708551e-44 0.822312867235407 3.05398642141313e-76
4.28368788054339e-07 4.21443603098848e-19 0.428623060584298
7.44470117471401e-44 6.92008650669651e-23 3.80184513991015e-24
1.74946595275343e-74 1.96714494058877e-13 1.52311613502984e-74
3.78608928696582e-24 2.04005420678253e-52 0.512922148857667
6.81398669841462e-62 3.57707941581465e-55 3.1382353580338e-19
1.86119556452976e-108 6.89548160016322e-46 5.41997973345165e-66
0.791778539145764 0.840162712580742 0.731607915640655
0.109249325291579 0.233066068552775 0.0370254816712744
0.786193633165175 0.805527888291986 0.851057103494512
0.648152618676235 0.64172891323851 0.991196372090565
0.423085864475607 0.468570471440368 0.608799486145587
0.0307518188302061 0.0415416577374895 0.358578702099218
0.0325741666311065 0.0313516663009858 0.832786869735033
0.228151059461403 0.245508537666721 0.717532672689197
0.0419389696158816 0.0311884113010871 0.719974605843036
0.336505863645928 0.203746901029339 0.115813979969398
0.967647455756004 0.916092858313327 0.459777621184903
0.996193937699524 0.57021808895406 0.00446958622515161
3.6914944126998e-08 6.77481714898158e-09 0.411262188818039
4.10681598412792e-06 1.3533521249204e-05 0.0807942756974177
9.42542685414119e-08 8.5142810295557e-07 0.0090922678241808
3.49941645624525e-15 9.99441116979942e-17 0.273959462741697
4.98860509684381e-23 3.19629897481916e-24 0.968329456576614
1.95420168993257e-15 8.54115430879993e-15 0.0476782059856936
0.558979411451991 0.505652518531973 0.760896138635535
0.197505839083379 0.736942100209913 9.48714451654506e-07
0.906820319768718 0.0828900813538467 7.72258134171568e-18
5.20262533795047e-73 1.15276497949992e-76 0.940537184580649
1.33818255609778e-66 1.14741554609454e-63 3.30958135799341e-05
1.26672362880458e-78 2.47768879437527e-72 6.3063020564844e-12
1.58747789510639e-129 1.93381249386522e-136 0.999523654064202
4.35994429048348e-140 4.95102828200532e-145 0.163880909415031
5.48973098693446e-158 1.3641585326522e-156 1.36856774838763e-05
0.908946438566141 0.682142095923199 0.571944128381678
0.958832251353124 0.76730431207416 0.453973001688474
0.694929492950283 0.823294846984106 0.151412605503887
0.44004666308389 0.372709159437111 0.981853891197463
0.124362213245307 0.148809496030234 0.527576696928128
0.359755625000403 0.422046847404884 0.610651713043298
0.0132738737403662 0.055861881902006 0.0601648763682026
0.279582727014007 0.739097802826523 0.0553013289728349
0.61678546121166 0.480108537441362 0.768993457000855
0.599649649501844 0.813269698800418 0.44526886454619
0.000397878930595018 0.0110970933321389 0.00209490468824165
0.00222251850450439 0.233367385110757 1.6717118477976e-06
9.10901886205705e-05 2.16961268383401e-06 0.579023144049291
1.59810722926631e-11 5.2372834111479e-11 0.0219535007982208
1.0809452294492e-11 1.91676845902075e-08 1.26691780854869e-05
3.23231210723417e-11 6.53129418069311e-16 0.292707393717123
5.58262090794994e-25 1.54494865069676e-24 0.001711210167673
6.42899877250105e-18 1.02961161178197e-14 1.27120340095659e-05
0.925954612084595 0.792162508142461 0.748003880950708
0.000155840085217766 0.121322330860748 7.34046446926379e-34
2.64842561997032e-12 0.721246698116931 7.65168205088603e-60
4.9827929703531e-44 1.76464324693086e-57 0.644251815428128
1.03460432804831e-78 4.84746489876476e-66 1.56230075343934e-18
1.85778069923488e-83 3.25762790651486e-48 6.69102850221048e-55
1.62354528119735e-116 3.44046793221805e-155 0.747198550616529
7.16666002095947e-143 1.18766059400604e-140 1.03595583689261e-15
1.09333457484697e-158 5.91796444319115e-128 8.07410971009649e-44
0.310669292707262 0.603039771741524 0.210023465843847
0.614406002587065 0.916799935100492 0.353344486927393
0.589103166348098 0.786775352869743 0.0777250967788128
0.777619645813917 0.864580722217691 0.319196887584462
0.557043252807967 0.926024171655795 0.248237576734154
0.0315848545029314 0.0493971786404098 0.379972044101337
0.0766141548712247 0.00348125080122142 0.0601478866250445
0.79723337378804 0.471547223149742 0.369808278305545
0.779955379904785 0.773586682362116 0.95767918064303
0.844014429524131 0.447509697782358 0.290216822525329
0.677231723822878 0.610679371736641 0.0462751750263356
0.39527574445356 0.362494486467097 0.000131063284306976
0.00101406726849681 0.000834538655255473 0.498451674570995
0.000163029289133977 0.00403966297454816 0.00695918394674756
0.00142479024347238 0.00381857869341177 0.157028613919355
8.18585257711374e-07 6.84698587721872e-09 0.593339126723837
4.41252222395587e-11 3.56516669133852e-12 0.371187614244155
1.07956824146877e-09 6.4342284137631e-08 0.00385392532076627
0.781362355257987 0.66914246750672 0.822690495898066
0.0273374230590979 0.117728142737892 9.06551199580839e-16
3.06141788829708e-07 0.825422817842679 2.03366243288871e-33
2.95631778668125e-29 1.46191945139197e-40 0.15183273496752
3.96527358863735e-34 3.44606287906503e-29 5.16504134090052e-07
3.56311596468707e-51 2.95543728354773e-27 1.04621941918847e-36
2.42439628614722e-119 2.23899051373169e-146 0.685297688574689
2.34857602391638e-127 9.68547320204864e-126 1.95888307840375e-10
2.59122038944275e-123 1.39592306576992e-101 3.23110592089116e-26
0.19402931388056 0.625421758207017 0.188592759184059
0.70636458357285 0.919925218795708 0.555332378374857
0.857787782194449 0.251078553538673 0.218561461554604
0.59864547252989 0.18002880162312 0.665842733007284
0.113779995119933 0.11962989391719 0.426472063519075
0.048639382032757 0.49506828848595 0.0401535499464512
0.908976537234062 0.337530560180357 0.336407094800874
0.00102804159392291 0.0253976149171439 0.0139207564039161
0.0197785403577846 0.0470186529033491 0.15972658544952
0.625503769011425 0.785028053364861 0.379161467922528
0.000917905646355597 0.390077711201168 0.000253829483367209
7.86199688359282e-10 0.417059258425958 3.80786298031513e-19
0.0475360815171791 0.000176771809238827 0.570538910624831
4.25116417610398e-07 0.00141307029543492 5.92629937477116e-05
1.30406361722224e-19 6.92176426257551e-06 2.80970317674966e-16
3.43932854292971e-07 7.15118821529367e-12 0.417221460833234
1.17704337048411e-07 1.57103274599944e-06 0.00285636916316096
6.42358817464243e-21 9.45619697104024e-13 1.57230196719222e-10
0.923258083830706 0.884466087485541 0.996992771720834
6.41873297390847e-28 0.449282919268907 3.40193982386088e-45
5.57154398001368e-72 0.153314718706916 4.63785216675796e-144
5.94123518082315e-15 3.92766671405383e-36 0.64776362179033
5.09464623590932e-64 2.99235260412394e-33 2.41938970415387e-35
1.85800989645459e-121 1.05770715222928e-18 6.60730909740302e-129
6.34620968843856e-38 4.32880651429489e-100 0.304561783588614
5.58395847028299e-119 8.77514352348751e-106 4.28015932646152e-36
1.36707002126706e-168 3.35053691766734e-79 7.95326248884991e-100
0.15166793435542 0.253188332597895 0.115662809208754
0.844841365992256 0.873938652467785 0.831584338586278
0.368553188985146 0.393653694807329 0.739801514947426
0.144371855651743 0.162468831798377 0.60371287436737
0.601113820491023 0.574478926475355 0.907156153368635
0.0311618456684318 0.0862373541254164 0.0103568165109437
0.0146738672461266 0.0217778544397829 0.285709369465323
0.0840690765892949 0.116566535969844 0.314952011289399
0.0190834777923186 0.034185155506538 0.14312702268905
0.875337025677828 0.791073330864597 0.62694141894992
0.783862540850654 0.438260813571058 0.0159897367103524
0.394603588439371 0.112543070028998 0.000369744630949612
2.35532617287888e-07 9.54764262383916e-08 0.862403680812246
1.88774938769651e-12 4.8799662573055e-12 0.135268863248509
1.4410278796428e-10 2.20871441931906e-09 0.00223958878869224
5.08696992245153e-27 2.08009567808276e-28 0.982849279396945
1.78931704032253e-21 3.76000201026699e-22 0.678208270617034
6.19186650019138e-30 3.67122062994346e-29 0.0262432513874165
0.0740316915086512 0.0433022810672353 0.385019325353305
0.388005732062383 0.818415278675631 5.05461974621904e-09
0.0131923667885112 0.60857292518839 2.63166138339435e-23
3.899773723791e-106 2.47012358152006e-114 0.168138325057778
1.2935509071107e-135 1.18289372794952e-127 8.08179800325685e-10
8.55431770359758e-141 5.55894286875884e-130 7.3379898927179e-17
3.4569516961092e-264 2.1143603250862e-271 0.0522940945939625
3.02340955264054e-304 6.08559453267679e-307 5.47113363819646e-05
0 1.7575312645054e-310 6.17218995321582e-31
0.33374636140905 0.305650469640241 0.881176454839987
0.388586897114508 0.770539671496023 0.150729805301084
0.472676307767566 0.430632931068375 0.956188582519728
0.406840675780401 0.327497698812092 0.938277739566034
0.0476249644565313 0.177559681074724 0.0601812389587013
0.36018781263554 0.852895288089953 0.0757444941068334
0.00184043059420735 2.97532357840398e-05 0.171696877681521
0.000316605922613183 8.3074035429961e-05 0.759193466089907
0.00148896655977485 0.00895362763379028 0.0389562533679784
0.364518818919349 0.453223289856156 0.558639563097899
0.677677496293469 0.715169564871838 0.096292575956461
2.72542062932149e-05 0.12543825062425 1.19110979728039e-11
1.01305949260709e-07 1.10947798145657e-08 0.469970401438982
2.12461188786426e-11 1.86422493954791e-09 0.00108397318449869
8.79739259265808e-16 5.09422174995726e-08 8.86563364862642e-15
4.7777049516841e-24 1.13719419036736e-37 0.00311825514336964
4.51431993538061e-25 2.86846353287269e-26 0.0130536244403641
3.67497327735812e-34 1.03299219368263e-25 1.5740657137146e-12
0.55863946238067 0.172061594702234 0.157550701353022
6.86370492192719e-08 0.992996672529498 1.32050303117674e-39
6.15040634827205e-22 0.619101872754333 4.85747169776569e-130
4.65651186859569e-97 5.13796830383996e-126 0.64490579203453
1.83518384391974e-144 4.06084330656213e-115 3.2292901097891e-40
6.87147302283264e-190 2.71461062259639e-118 1.41766232106239e-110
9.73140405648178e-221 1.43378208147275e-295 0.441703625079969
4.19054628076196e-301 1.02502456381881e-296 5.52900963197415e-31
1.01207721641107e-309 5.93285911802403e-260 2.45035664537886e-74
