TOT AFR EUR
0.020111424311383 0.0378291995351238 0.327594346049727
0.375159370623931 0.390935390874918 0.769437001538545
0.0590799251554038 0.104575120759056 0.28114366904229
0.965361130166141 0.601384545801674 0.369483687144704
0.774990505187561 0.868607650059281 0.738670806017162
0.824430874227069 0.859963243830167 0.886850211308323
0.0420809314897647 0.132881333332062 0.152164267159372
0.504919042009117 0.363451682871082 0.726221650615626
0.101724397458413 0.131752756892011 0.488660081844499
0.0170534959969195 0.041872914272105 0.179321320796995
0.85235174352253 0.471690914149098 0.326209713275659
0.880857145924596 0.908542480710351 0.913703962432045
0.155014340389842 0.211631941053262 0.461438581271383
0.283805193504113 0.37590894920241 0.559110283055285
0.688367796058603 0.925638210619428 0.465189139494177
0.211052796025181 0.0768979738635935 0.438874828314156
0.753272380291073 0.640397053910411 0.803057571906097
0.000234016894172705 0.00196355397759891 0.0318997973702819
0.708365918332041 0.414252506333584 0.384761573480361
0.268463159290404 0.443029534353757 0.284342279294191
0.222408210677595 0.878284088048274 0.00351674641381372
0.000209493994819538 5.16726018000579e-05 0.714118036078818
0.00014656842092474 4.78748755025866e-05 0.562827960247543
4.20018907294601e-09 7.35906589085255e-05 2.15877892060086e-07
8.70232007375898e-11 8.65733590798537e-14 0.576677735848828
8.83535826630215e-18 1.37401400908585e-17 0.0237836621304512
2.79216976381008e-17 8.24428608307453e-14 2.74279594056005e-05
0.646905360853926 0.83463657565392 0.432901625274469
0.314015456368641 0.0274092838157768 0.567763048823601
0.546714476560525 0.512885483353777 0.81418491637273
0.657828888950516 0.692059512024395 0.806188802554443
0.168765304227399 0.109390891698173 0.649114660592875
0.00323348147243429 0.00874593486998196 0.10732330215689
0.0633349548133324 0.5153046299218 0.0500821230346266
0.508831558062093 0.345108185736183 0.960800489256032
0.0600849285390759 0.689244775679582 0.0261413293739657
0.701142588020941 0.356558146482699 0.195340873489995
0.0258273578480622 0.390864506294389 0.0296314997914621
0.643489705835074 0.717454630249303 0.350919087847162
0.646300478687807 0.601281171021395 0.86211093061172
0.249573666042935 0.632710726936832 0.260313895864662
0.00477979363754586 0.00785683697155025 0.143466548287664
0.0455861346672446 0.111463048572445 0.200083041743129
0.0452494880452163 0.00902547069133778 0.594057892702885
0.0141392854492573 0.0861100016964382 0.0742319672200583
0.467643610131255 0.111978522038355 0.684926748012215
0.00105561207944699 0.671337917467262 4.5286082475796e-06
1.03599315924823e-07 0.287633690341307 4.78474417020592e-11
0.00625061999136122 1.60366954315603e-05 0.95636593680759
1.79553770787091e-09 7.7931913850352e-05 3.89559285374757e-06
1.4490604895079e-14 0.000186286166912911 1.07136722360792e-11
7.36614116124097e-11 6.34102125640708e-14 0.0380926478401646
1.17988890022344e-14 2.33134844265937e-11 1.31737868826829e-06
2.589749908694e-17 6.04400444944056e-10 1.34091074334452e-09
0.91760037974213 0.82481992244896 0.560874848334798
0.0479821327746367 0.0995635973236496 0.0751336464089774
0.578307783987532 0.543079821188199 0.849765538538213
0.988411198668749 0.708402901787698 0.0599491581483113
0.904442640560571 0.923443930801201 0.905777785548318
0.345001604378169 0.273019927167094 0.458937710285889
0.76620552206896 0.734026433225452 0.862129981447949
0.598969140043418 0.552941048161279 0.82108355945586
0.4201121031283 0.274759555938753 0.224087766001689
0.686759227916578 0.682333918399278 0.985680109343442
0.200335633475757 0.142679791959182 0.437629049394436
0.535601844524198 0.709665727772274 0.177941619220707
0.669917568893054 0.554936127751199 0.527437406286921
0.0170250931205551 0.00763716164266429 0.164401651918956
0.00276232674046225 0.00434426341273528 0.344530760931506
0.0159919496293141 0.0201018064670736 0.425721048696151
0.000136833998025986 0.00013591770768261 0.666271533059662
1.26978052639882e-08 2.60927608383339e-09 0.389074945915346
0.69169750194428 0.953354037456184 0.0112920090974713
0.783339335555827 0.974519741225063 0.204600403449715
0.371071550374215 0.928964846582203 1.95293267759078e-05
2.70613815003028e-15 2.95334727167657e-17 0.0856190875155818
5.06676654618425e-14 7.10311310192257e-14 0.357811981886384
1.53391181211909e-14 1.72812903526239e-13 0.00140784135445567
5.76670306943511e-25 1.82388311199767e-26 0.447609900968204
1.05004575659859e-29 1.13952864891119e-31 0.866411623909165
6.83504155200953e-32 3.19413578075265e-31 0.0140439575766557
0.591131657330463 0.481137899127657 0.838171916345796
0.426376778419842 0.141617278809226 0.257482564117329
0.492181912343875 0.303129368591928 0.53772104455463
0.431978023022739 0.0393306147748459 0.0240463626308426
0.782569224796188 0.897606138736863 0.383854529414248
0.87148090931358 0.314236622238336 0.0843060903875363
0.43606823460538 0.139272744937632 0.186752501832141
0.0420262231147524 0.0812651435443001 0.23680567200766
0.423426962632285 0.426262472863752 0.820003128763754
0.0168784873762292 0.0554594257607812 0.0803728308536723
0.630989327294766 0.906746305030004 0.149594690950531
0.711040086358873 0.147355211390672 0.0380883349653222
0.660696848437961 0.100978611138357 0.0115975407401475
0.00627721705805958 0.005095733475325 0.543993315327519
0.164382605311034 0.350229441906234 0.152978701941178
0.0389077240457301 0.00612789963310917 0.415153852825997
0.00726364259201109 0.00273987478548742 0.951576381676393
2.85868540908092e-08 2.32199584875456e-06 0.0019422661876681
0.283567185704924 0.0585012800401666 0.178921443312946
0.004719433074786 0.619766207700839 2.00823899984785e-07
0.00145198462281453 0.578687739554211 6.65964343477835e-20
9.9836555815824e-15 6.20702303306564e-17 0.346302521602198
2.43427031715827e-13 9.71269253209976e-11 0.000237107675707419
8.20468313421747e-20 2.59991196563272e-10 8.61714362121548e-15
1.50268419200853e-31 8.84047441964661e-37 0.23665248544063
1.58324178057897e-30 6.32223402460095e-31 0.00221960825851175
1.57102837719049e-27 2.8291001406127e-24 3.20437645240534e-07
0.652450337943121 0.210756377027478 0.150897637764734
0.284102845950492 0.825759903190019 0.0456361762053432
0.874346573659444 0.601331420672579 0.16221795296848
0.324606942034248 0.362609978122576 0.700441205043633
0.0317506467911128 0.0207590625401283 0.860879526519313
0.00628219364715555 0.0132136292473079 0.221489229641785
0.490661459274833 0.597772599069823 0.619030705966688
0.0204895682729362 0.0180370995439892 0.64551515110676
0.935438692628273 0.847406446621233 0.838154914381702
0.670632956857295 0.46355915501988 0.578008376120106
0.711994343815034 0.471019158055202 0.549259904895429
0.231936477401 0.514179854833223 0.153804275880823
0.0490514038629873 0.0356640338718384 0.813518176890276
0.225850646469921 0.101937421571163 0.56502557606784
0.000697447359042428 0.0155441664568774 0.00641161829632812
3.792781634134e-06 1.56452235382774e-06 0.416577705309513
7.97707835051976e-05 0.000248962291886493 0.132836086100104
3.65921991832602e-07 0.000316605761949413 1.90522955219546e-05
0.4416311023137 0.798392663360918 0.213411179307397
0.000225679482853773 0.313051517890669 6.5136834790674e-10
2.17921928651542e-08 0.121599466155394 4.74404879629603e-20
6.29789182902021e-09 4.08506248866393e-13 0.150496306472748
4.47241430613157e-22 2.30077896748798e-17 2.30300145494801e-06
1.04687914999903e-18 1.66847174567317e-08 5.94475262394451e-17
1.05314455625298e-43 2.71935311804225e-56 0.523194421589672
1.92524257482205e-52 3.61806272128742e-50 4.19280635016376e-06
1.45993799739291e-60 3.27531353161798e-46 1.29073091134785e-17
0.699268799480278 0.534011881939214 0.294722564238042
0.98567474567717 0.856152457610322 0.859771263686864
0.333547633232499 0.721808058238861 0.323631477701993
0.29293903002091 0.359670502712507 0.529643093712563
0.488861166517948 0.337557581938268 0.916968839042318
0.389820196579236 0.683560093460983 0.428705015467426
0.746736456832578 0.372231339858504 0.232708285973662
0.550691352813939 0.299066764042926 0.937506540951271
0.861677110193813 0.983974821163977 0.829776501293389
0.916690361121862 0.298376897593759 0.469666790355765
0.295805780670813 0.652447692189815 0.308271057891181
0.0237869435058501 0.60317761505513 0.000594370440978004
0.701212543087097 0.85422849393597 0.512876769355591
0.00165999485085807 0.00926552150845138 0.0466159159991948
4.90761955043427e-09 0.0179935888149862 7.12080647783629e-09
0.000306862462227084 4.04382905420392e-06 0.386813097375232
8.9433274790994e-06 1.38403905159118e-06 0.0756097034324554
1.44236325563253e-08 0.00239450986607977 8.31932381626548e-07
0.0131568051575943 0.303955707316224 0.016695636365218
1.07973268158842e-17 0.876658062974671 1.05624804822225e-29
5.56196739382445e-41 0.363994741779287 2.2740267962041e-76
1.21534678029182e-07 9.27541113423529e-18 0.741859710191214
2.44106340516752e-31 2.46404865033748e-14 3.06293402343231e-19
4.31792118117189e-68 2.18348868132603e-14 3.94579982560415e-63
1.2775453286618e-15 1.2537464494774e-46 0.0667514837486135
1.9391949707933e-70 8.80592455394509e-55 7.36344669801135e-27
6.3091636226034e-92 2.14493772928474e-44 2.95125058793507e-54
0.65689880115425 0.619100125644481 0.835555498592555
0.297227802742296 0.252551468279699 0.698842349048012
0.652185561761847 0.686084830853351 0.772223352330088
0.232003476762659 0.343189270742774 0.189761801368545
0.0195504133218811 0.00705160531042768 0.172312928557225
0.993848792289736 0.973019213834856 0.817709325509709
0.000549332047020492 0.000326390830604238 0.773028940675704
0.00481923277013689 0.00746403334566525 0.292640229358684
0.621330916164062 0.946686466301492 0.0350259893762355
0.787863927319524 0.953606102913865 0.270601965405423
0.946763413182955 0.926539966368741 0.899347537673502
0.493473543954335 0.251003450121049 0.0343567609652408
7.11796467267294e-07 4.50327629784271e-07 0.867865068974101
9.89031005766924e-06 9.49710658554854e-06 0.586574932953577
8.95350222629755e-06 9.542700931855e-05 0.000610214614029443
2.65736681565503e-20 4.69355768903245e-21 0.770669385903622
1.51889332433453e-19 2.26028342236839e-20 0.869233736559005
5.23715849208081e-23 2.40725302014691e-21 0.000421851365156185
0.0159657248514556 0.0287804352332685 0.166682063310394
0.539802540492184 0.161289016231033 0.000287233935629698
0.502157140412461 0.286503967357299 1.56359984676564e-20
5.64164320683167e-65 3.92934002301524e-70 0.219865571152464
7.86500260946297e-61 1.17992221223404e-59 0.00313790713190252
1.45031593063203e-73 8.94357149805776e-66 9.30131220050024e-16
2.1040909980247e-129 4.91713984076786e-135 0.558225265965499
1.58648295240562e-130 1.18320245346142e-132 0.0182549533601441
1.0650051944082e-155 2.74767730099249e-150 4.24746141701783e-09
0.670860918735001 0.297500954759685 0.253718776249495
0.892362682544576 0.462654724266964 0.232800691764312
0.378913789381119 0.931574922276247 0.0197109040801376
0.127793943692474 0.12874556883507 0.658398762385016
0.0157431850085331 0.0160310883574238 0.482576573162593
0.279254201753207 0.211369177173027 0.954613914781452
0.129565042869058 0.1490406503279 0.55300093780092
0.0115604962537606 0.0458551537923747 0.0642755267548856
0.0512261451982741 0.0272333095890089 0.973822245870644
0.0183799736960691 0.0143411302377642 0.666610988051115
0.523671467422722 0.34370263420743 0.000568689761447702
0.11671536734623 0.568521757772336 3.54715627857099e-06
2.19330285972251e-08 2.86808851026769e-08 0.0948080272284241
2.45085159646152e-07 0.000110056075768595 3.83143944088446e-05
1.68302195098594e-08 0.000154787432808443 5.52449404955756e-08
2.32755243807843e-15 1.1054915969399e-18 0.711787737496532
6.28432744047308e-12 3.12070091879492e-13 0.306655268982966
6.0228057203724e-22 1.02333511849774e-20 0.00111878593631108
0.280785633157579 0.128639951815324 0.559006619276581
3.49795589429505e-07 0.120882546715073 4.80904721398918e-19
7.12353941042263e-12 0.711456797120756 1.37876395321521e-66
5.57881695559343e-56 7.14243828008716e-66 0.14187378268259
1.5422311448364e-69 4.3673012918513e-60 8.03472860495755e-16
3.46781784702959e-100 3.31874696319235e-61 2.8710582137077e-61
1.29558307916261e-126 7.32955428708056e-153 0.0702582550507208
9.8790710666405e-131 4.28037330065424e-124 6.48189031701244e-16
5.59525826192896e-147 2.15263221128714e-113 1.59473973229866e-51
0.925355754141988 0.973485408639836 0.779635432763262
0.28491282780386 0.151592226260097 0.637415120546655
0.754533056011524 0.923898502760948 0.346962381532014
0.0551055367361751 0.121289876083445 0.228819683962129
0.58395906735995 0.763280117491805 0.522369064262215
0.00855405484447293 0.0426147498371796 0.057180174705999
0.203105031826374 0.0389631840648535 0.192917306101395
0.638942216641986 0.517136434603639 0.810893873703206
0.314673413180156 0.238190636133617 0.906908438076556
0.285126598407561 0.205007832903222 0.905027522449197
0.333750911606712 0.396791325029739 0.633980780227139
0.239328833736997 0.816351481032596 0.0342699181152145
0.0510646483581506 0.0624473945990808 0.518777034124378
0.00387390113725151 0.00494058194863386 0.403139673202145
9.27443976166651e-05 0.00683947818247607 0.000703083025497464
1.16183087503726e-06 1.00342144398294e-07 0.798767381697693
3.06016467275762e-15 4.15774629349731e-13 0.00115224003491015
8.28688931684391e-13 5.28682496209653e-11 0.00249187997754936
0.200622292803301 0.338447868540731 0.333678766959127
0.0745384249696897 0.554760296439781 3.93836088723918e-07
4.12135520260424e-07 0.675660111773247 4.10071537579805e-34
9.40539674444765e-33 6.27886113241695e-43 0.534391604520108
6.86276946120836e-27 4.42202763136009e-20 1.59875675888147e-08
1.6076115215996e-67 5.65023779324619e-45 1.53407704351034e-28
5.48895259408394e-91 6.82604100710638e-117 0.518813261731045
1.44953653621388e-104 9.70959702095584e-109 2.60368607914761e-06
5.34076640895655e-136 2.42056374009189e-114 3.39700394164724e-27
0.241230734330366 0.712644023848791 0.214004931664933
0.274194395557358 0.6007970039124 0.059180617047285
0.43857971864879 0.216338910065861 0.963212474867205
0.757798565431579 0.0407748918296101 0.0288218976455634
0.762636632118863 0.370771520873875 0.711094349500724
0.71522605236833 0.548146109282353 0.984865016597759
0.710382304153511 0.0694782930404186 0.283939507645932
0.0382777217822326 0.0204721353564026 0.429796680586641
0.190393971840402 0.258885243361183 0.439294303818937
0.156442390146821 0.536744295770435 0.173496321361163
0.0258043765446538 0.722603687264697 0.00111989789055226
7.47680646911863e-12 0.522112563046161 1.08510100249552e-17
0.0664558004149824 0.00099147997000743 0.712210524580226
0.000129825589943363 0.0212618577672007 0.00161154014097991
2.09064526100475e-11 0.0434612223417613 7.05018184169035e-13
0.000192229204522732 1.32516921671762e-09 0.886467446178929
3.68283276636107e-09 1.17438685469002e-12 0.0631720518186696
1.4600900298821e-17 3.01541860101652e-08 2.25428230566475e-11
0.881175999591814 0.681064652820562 0.875159754884178
5.33232693391077e-23 0.796599479260805 2.11141194088766e-40
3.50961330793291e-91 0.280138611331521 2.68678095113721e-149
3.55412608452369e-17 1.756866884638e-32 0.25349223194815
5.6962077253362e-73 2.39216429042227e-28 2.31563293212175e-49
3.09784180868495e-118 3.06956815803257e-20 1.33347475525919e-119
3.60324922871206e-38 1.4628804474047e-110 0.101959644116262
1.7459375254663e-114 5.31521519488901e-89 3.01200780263593e-41
8.8377504732507e-193 4.37190334835831e-86 6.33645729800575e-116
0.616601737215511 0.679073135979318 0.624863417635796
0.720153559935459 0.698228137930114 0.922520151939687
0.0466772768588272 0.0532020682645182 0.567976064928498
0.489467971916284 0.519225865368491 0.751650965885145
0.0644061377144315 0.101863560325745 0.234862899237494
0.00813354589786549 0.00989762346142825 0.543999733937614
0.000523477320902265 0.000819693644592835 0.309222743529513
0.0424020408359802 0.0636861173988369 0.276376417907915
0.0144402885932053 0.0180957730860471 0.476687314652598
0.237251456161786 0.177235790347976 0.515255017001961
0.924848019971538 0.866020028180995 0.183801751181214
0.339152872591855 0.101774386043515 0.00179807021422444
2.32748391392244e-12 1.09385524179789e-12 0.719708718968395
1.50811189310887e-15 4.08450635733903e-16 0.839985115998422
3.38590056061829e-10 8.67700762488046e-10 0.110846495024948
5.70121138629864e-28 8.66072076017314e-29 0.560419305312807
2.09900918362484e-30 1.15863497913149e-31 0.791988275990912
9.73190760538376e-36 2.5952633308052e-33 4.63536248815456e-05
0.716446855613247 0.607424034425545 0.457639751487632
0.840593266498942 0.274467665390643 1.911205680023e-10
0.0144503650923859 0.762675732261876 3.25013366500876e-45
1.32870512258146e-127 8.09143451001152e-130 0.0432953733341013
6.08987412942142e-112 1.00443692583096e-108 1.24284768026452e-05
1.03282858057054e-130 4.52053778964791e-113 1.22332608631582e-32
2.56112014395765e-306 4.84876024828599e-320 0.518117791564148
2.09782668982736e-288 1.3247163822991e-295 0.00824376445268047
2.54828250143987e-285 6.47473773292297e-276 3.13841249549291e-19
0.0814754320328345 0.0744117366289783 0.695803958894067
0.25165775396112 0.5120575647502 0.192188664782853
0.978102654492548 0.988774030743485 0.922645227916509
0.00596705594856162 0.00384554114432299 0.640140214122418
0.358781691374279 0.5992941054081 0.00133321417943035
0.00333707840383445 0.11998720862751 0.000256191519706957
0.264430180093757 0.16938349592133 0.815486165776868
0.065231823009298 0.0438428634343925 0.873100889458022
0.00593726677916292 0.0888372995402449 0.00362620050012693
0.76659773453461 0.768871620046769 0.188031270846423
0.000956799648040898 0.188014835962753 5.28708421408711e-07
0.00228467444947564 0.90287631944322 9.27489756505677e-13
2.64235343083828e-09 9.92739503679364e-12 0.881368174361916
1.35620863968994e-09 1.69614638390303e-07 0.000373911962059686
1.25273406577878e-09 0.000340758951746861 1.06400785662063e-11
1.70624462183016e-26 2.80796315641224e-33 0.960592936845365
8.91693843187065e-36 6.25965479037554e-38 0.00500027619424996
5.10150440925081e-30 1.44528227888537e-27 3.8323699156135e-05
0.901638690402412 0.503277006337968 0.280014434218068
1.38326253116697e-10 0.691610960203817 4.36623732632507e-47
3.82602539636661e-31 0.818404254881031 1.96349942151531e-162
1.63780355433534e-100 2.51884789849679e-134 0.290355457653098
3.17922124470323e-141 5.98667034772184e-115 6.85578032160687e-36
3.36163220130808e-193 5.68923632288255e-115 8.98727635937834e-124
4.00934539089975e-208 1.36053677726325e-272 0.834335815393749
2.27473419840493e-263 7.44397562969308e-266 5.14747725893984e-24
8.71024386762748e-305 5.24633277154854e-255 1.59594952456966e-72
