TOT AFR EUR
0.304909404494489 0.411922645960301 0.52707477200976
0.528885603604322 0.636999409209239 0.642181643909435
0.137270083475739 0.162216367435049 0.665023776796179
0.729105467881843 0.926191573483273 0.546816956620382
0.238658812777161 0.0289293716656249 0.0798921127859415
0.249821884475683 0.189308782069149 0.976593330931822
0.93416325149911 0.87624367458571 0.5821716684844
0.57381505671115 0.563446107786002 0.935050246543358
0.250929796039835 0.0788535221538762 0.36986295582743
0.873306023455585 0.864542928357526 0.98661799190192
0.923157613855107 0.531592567697581 0.148725651870219
0.14200495824409 0.0235367890457858 0.194172208959778
0.33138181893089 0.304688172173039 0.912440887512636
0.00137222335846922 0.00191444360662995 0.262340744690147
0.107017970037745 0.178934623888415 0.293659983620675
0.166411814630267 0.047869835171376 0.415155245146266
0.944983215567105 0.55825785023173 0.335815192089689
0.0917922192015532 0.348792837916183 0.0529259731744593
0.83189606716583 0.99734319031528 0.629512148331096
0.819948060745744 0.887260577469114 0.441832225314905
0.0380378881615574 0.746070186827248 9.51672003651255e-05
0.194699458578595 0.0126912653767942 0.0174357732153123
2.22764295098166e-05 0.000179812067936529 0.0487905029861418
6.93505359994241e-09 5.75391061735853e-05 2.24884255475094e-06
1.06484935741651e-06 7.92809213487144e-09 0.521591070357282
1.90693004066537e-13 1.09357039315052e-13 0.115864484502551
3.84813360659876e-12 1.55470951364792e-10 0.0042432367400783
0.0878040445927873 0.872899729046848 0.0166703980390684
0.412244890986691 0.328962996492968 0.052798102156194
0.706326211320336 0.718995467693234 0.848017646021107
0.926589911609755 0.815317002827567 0.94411928720783
0.350448876461334 0.604093432353114 0.432722444940294
0.540229434287034 0.829731566650292 0.310410636291691
0.48441426173827 0.834654275619122 0.45250032273468
0.442973261418275 0.326956179886858 0.845873278605542
0.435239196389603 0.203288788787546 0.969243723242462
0.191748926811324 0.502980876205476 0.0170706051239191
0.648324838436066 0.613652698989234 0.301519125365144
0.536586280602565 0.487891776510866 0.158137576843153
0.357015051966214 0.406222509582209 0.0623429674831261
0.597434910867279 0.146439721024876 0.570358512060065
0.0323963559941448 0.314056651791286 0.0530680657058193
0.599665207602345 0.267147623247322 0.808795102343146
0.109455721971648 0.141591538889495 0.390770626494116
0.0226177718268831 0.00608725665013793 0.455643219217267
0.486806044617268 0.784024331656367 0.489435851112376
0.000124742590776736 0.67092610138209 9.48177085018606e-09
4.27941869831068e-09 0.263112321226147 4.50429144284033e-12
0.0127217414963404 1.21314977496219e-05 0.627864119221274
2.72914513304903e-05 0.00234505292648741 0.00250074704424773
1.53772541071517e-14 0.0219671453531174 4.14280379346488e-16
2.04888518301697e-06 2.94774703600548e-14 0.778495183556967
2.57366889451434e-18 2.60663894703146e-13 1.09534703545701e-07
7.35719829386288e-17 2.18480456088007e-08 2.1961723053287e-11
0.687163802819238 0.674730616883619 0.959928244774948
0.133022694150624 0.133493874439823 0.873232602398984
0.783503404370629 0.632640645957996 0.309234970205241
0.966007168683249 0.812477012187189 0.320929082015402
0.906419267034786 0.905040895523613 0.99505739477971
0.217181518419029 0.184258164509079 0.771578915443545
0.68955047775703 0.722400954393804 0.794632068722162
0.0720551172689489 0.169206939330202 0.0450154845646832
0.605131724886835 0.443634492512888 0.291794102269267
0.485400774475821 0.577648458831961 0.484383218922734
0.0645418127159299 0.0573121496006698 0.966738499163965
0.206433227263979 0.0965514133792225 0.152421981266758
0.0308578060686224 0.02268556667575 0.722868525102005
0.000590274064265091 0.000314520174542954 0.599616768538653
0.170984273505982 0.276410427501368 0.0966149085808719
0.0116061594869861 0.00679804688247698 0.46385565097428
0.000399077255190064 0.000817691225867742 0.0652806199602015
0.00317331048812085 0.00608155498957733 0.135951669433081
0.799485297294347 0.823189844236391 0.827889853813734
0.782512284607782 0.827109501817102 0.0555943392794231
0.0104097571033474 0.0540118545105779 0.000539464792304015
5.38060772358203e-15 1.95769022775073e-16 0.280081238521201
3.29678914783697e-15 2.12530264442346e-14 0.0140336324038831
1.09528575863293e-14 1.31088884880449e-13 0.0279260903513655
2.04578347228508e-35 1.14629212699488e-36 0.739805286558588
8.08129585026335e-31 2.21504636944908e-30 0.109001907493143
2.61812149266619e-32 1.25577762427719e-31 0.00483014655658952
0.847038698145283 0.98677003258279 0.662668586805441
0.189551887664885 0.305218220799693 0.323502504732698
0.718332904743226 0.815500390070718 0.724508273190287
0.658596208019819 0.52627500335023 0.767344537293768
0.230783014868193 0.065387471563438 0.279639121794816
0.0500961148094043 0.039041891023388 0.717638388634844
0.0440945296915828 0.0335830786252334 0.755991448227456
0.944886657531218 0.934870149091385 0.997333594531615
0.965949124982911 0.711645216476517 0.487483374561962
0.825805930185552 0.806311549019621 0.322729316303822
0.479171920335791 0.684533073784179 0.433567917935125
0.883650534648776 0.892382576773522 0.538869082486554
6.03369001196426e-05 6.7500522172555e-06 0.958693413684209
0.000224187924596503 0.000837459318981862 0.0722952766163354
0.000228522751849626 0.00595009309890082 0.00368158212192108
0.000395929417062533 2.74748915600963e-05 0.853728020518828
2.92468895432268e-05 5.16585786257861e-05 0.1833627604111
0.00206251965046449 0.00029622874927645 0.73822238813223
0.0756828299676521 0.244646379704701 0.0784577542161208
0.00200211362195298 0.214784734610681 1.52549811039424e-06
0.0445123685974208 0.300583370900075 8.07598005827119e-11
5.21294057087101e-15 2.17116509528943e-15 0.0389879465961669
4.3850157795911e-12 1.06654772064671e-10 0.00387903592671686
2.1099066806648e-21 7.52320404244471e-14 1.0820306853314e-16
2.62766412538894e-25 1.22026506764183e-33 0.448481396679267
1.89157220471374e-32 8.54952639511277e-28 4.7290498547077e-08
2.33071657137881e-33 6.91787445050301e-27 1.77755716264531e-09
0.566699475173868 0.935199786893207 0.2546121179258
0.8455077715661 0.960978454847349 0.72756084122277
0.861024987855962 0.474310757289411 0.284413213292881
0.110831527703433 0.266057661660554 0.180679859065718
0.689112925046684 0.892751984323118 0.530421094644847
0.00151136910550974 0.00395842035989678 0.186230962603494
0.227403318005937 0.107597844159935 0.58898840678476
0.335788389297406 0.30608968369708 0.901282568448052
0.42440257419268 0.559292858625172 0.500145589676423
0.10352151083836 0.170436125938791 0.373736202890571
0.930773785517246 0.853147875893228 0.568764617796522
0.816912275277732 0.189679885820549 0.0383342704130596
0.696663751650668 0.306633335941609 0.252686332559927
0.000220283276187592 0.000234375127514697 0.360717274633942
0.000192894671456919 0.000726597099032422 0.0880527842478961
5.53340886413417e-05 9.93959956932255e-06 0.834955219929938
4.0976495994096e-06 6.09692558017234e-06 0.189303783757193
8.18957956430589e-10 1.53986293284274e-10 0.344119439703274
0.583761645485821 0.844039272864795 0.403438029229155
0.00854487394062491 0.709719359967689 6.14503333034331e-08
0.264436646110275 0.0847623675979186 1.98485559193376e-09
1.37821938575877e-10 2.55673046362304e-14 0.414204403491215
1.45416502470238e-22 1.96759446952678e-20 0.000298854589322308
1.61336948335826e-22 4.86334819412967e-14 8.66901465285229e-14
1.73822923451485e-41 5.65504147120647e-54 0.403705498283535
1.94827634759243e-50 3.11947824228884e-52 0.000889749718189934
8.91301525549384e-60 3.09125606696198e-51 1.58785368046604e-11
0.622694425653943 0.496648603301408 0.942544765860423
0.832352495235494 0.62719847310232 0.889578765628146
0.0453028007797139 0.275347754229661 0.083121243768675
0.294686769556057 0.0960545849930444 0.995517837040482
0.418926768465084 0.963821602607438 0.266106139404802
0.395286876497492 0.393784433228957 0.68533880433597
0.570688138949287 0.259904284768104 0.0820820867532175
0.513471218179299 0.126023456497627 0.640480818824906
0.445002841302291 0.558282805362325 0.605275274843185
0.333889938592548 0.398652991173569 0.56438440337828
0.0539998831952473 0.288969514865741 0.000537108030300294
6.55169787096789e-08 0.878434717178907 2.67945044027344e-12
0.11642929267327 0.00740737913839808 0.884202906038476
0.000547310073111816 0.000131638032055776 0.186648503566314
2.79462930855139e-06 0.0300499421599043 8.97464536812084e-06
0.0132335367764453 0.000171932445683864 0.934861126025133
2.33206080981019e-05 2.11570672558121e-05 0.0455416708601863
1.43043400667444e-13 3.62405186219003e-05 4.11071690503208e-10
0.25041464607707 0.0492014137133846 0.878440010151349
1.61041978518241e-12 0.530994223008322 5.71534971134649e-24
2.95142984500869e-35 0.0973880914928342 4.44481027268073e-71
3.12557102160259e-10 5.43883682652893e-21 0.717757125719525
4.42803753092301e-29 1.43371393311306e-16 2.80672540067991e-15
7.56782674725285e-68 2.01374499975126e-15 8.39944761975479e-61
2.27258945287078e-24 3.56702805108515e-63 0.389575727597014
2.90694462915765e-61 8.2760888464426e-56 2.49060760597369e-19
1.20801767593973e-98 2.61900899738243e-46 3.34749797077546e-59
0.800874149780274 0.671841657487163 0.463628157743546
0.458527388919131 0.35775023327696 0.43821430698311
0.33356676717028 0.308452347391526 0.89683169471514
0.193570118866849 0.21924802965858 0.621453888382956
0.87946412126767 0.691956923889021 0.232726371168422
0.0398750533717052 0.0290261522326837 0.708515424518832
0.328141173023458 0.42632707711655 0.348206727763196
2.21000822787977e-05 7.89349450146936e-05 0.0503723017458154
0.104119669337955 0.136314409859837 0.37051486789261
0.714562296977982 0.829437137755639 0.462069874153492
0.496773231132196 0.582874404697447 0.428742392615
0.169712829237029 0.0562965873544375 0.00538191061876935
4.55680140527951e-08 5.12268171599031e-07 0.00290475914365721
0.000405906460139745 0.00139869095539917 0.039640173242776
7.92235725629617e-06 0.000110076844715193 0.00155892974295445
1.87194443891953e-18 6.25543929128302e-18 0.066503188466268
6.01466712365128e-14 4.47234723916775e-15 0.460005677975285
3.80059576979265e-12 5.95226591545818e-12 0.237213341160379
0.581373903802989 0.478419293823244 0.461397750213611
0.629359419308885 0.170764910746863 2.61578957238068e-05
0.00448466816761839 0.276450685942027 2.72348176344011e-17
6.31935426913389e-62 1.67931149117381e-63 0.292376570461197
2.96804484445184e-69 5.0952491037468e-67 0.00021492141053552
2.82575024584667e-67 5.96992436298352e-59 8.33489129660793e-13
4.38177699633512e-144 1.09083740135149e-150 0.776472254508049
3.32431757622898e-141 2.80182623467048e-143 0.0151010552463362
9.2274621911829e-154 1.03996946510634e-148 1.55026060017176e-09
0.785715195696878 0.590718384121824 0.641141344003665
0.527548690407726 0.182022283749274 0.193371574989312
0.136550121765131 0.318146516431424 0.160124560807589
0.832679966799471 0.540581818804037 0.075417708087018
0.944649919311848 0.829094951142243 0.77606467429589
0.897976126545857 0.580477669912544 0.157720852401241
0.263879465693934 0.0567322161261291 0.177104141133552
0.000606290781786943 0.00024311870567327 0.645310445172875
0.17043895063938 0.520570683348438 0.0683323822319541
0.745039166597611 0.721497159265959 0.126994702945747
0.222228422745511 0.740922143914509 0.0257679300878886
0.238532488478748 0.419935502756883 8.10213791004456e-06
5.74557862415925e-06 5.18309489987302e-07 0.804399212955047
0.000122311721839107 0.00314608816739281 0.00327025694718192
6.42843963111488e-11 1.54352426688584e-05 1.45225872277637e-10
3.16074713551653e-12 9.52157715388638e-16 0.806665791063222
2.14799182808087e-13 6.24193426966459e-12 0.00263881089827209
6.84437274185306e-26 2.3903082833054e-22 3.04557067196618e-06
0.911426052552682 0.631754779791703 0.457233501937149
0.000252232318083883 0.764760435080184 4.02658257209604e-21
1.5480882971608e-09 0.632173448200416 3.20750473381778e-56
5.35791440132757e-54 5.95742734972725e-68 0.869414055488542
2.37411002041464e-62 6.77926257961763e-56 7.67339097532004e-12
9.72960055867653e-102 5.55359812206052e-67 8.62367718514389e-54
6.1815168360156e-118 1.47476221724984e-142 0.0551063817303041
7.41033052037319e-122 4.97795581458369e-123 9.49018745193239e-12
1.10141791129339e-152 2.66704221825134e-123 4.39345281694892e-43
0.836273125489556 0.758855799983144 0.876155245293801
0.75820167067416 0.971936058730256 0.450692627757511
0.233239985098339 0.125893191808365 0.687917062776557
0.715528434773023 0.803010391556884 0.736473040340878
0.94425207072897 0.820792806929633 0.538749918738693
0.949913078637332 0.54681152064456 0.280998731150369
0.0197605345512615 0.036585343439338 0.279330757925184
0.800428640882789 0.226459227223297 0.00252136826182992
0.0553801415185263 0.045625945426368 0.76944275631369
0.962391322846969 0.969301786532901 0.855504936136785
0.460956781725306 0.647770002122091 0.0085949532466673
0.0159734862268669 0.182201407035976 0.00653433049326858
0.105852221274763 0.00972640158379814 0.122800563968565
0.00959933084909972 0.0203803477604499 0.236796796697483
9.82305183112748e-07 8.78552162743082e-05 0.00109566722854606
1.18462559887521e-06 1.93795883673246e-09 0.232744412817527
4.57089876491018e-05 2.55526405367897e-05 0.481993527687188
2.52936529525237e-12 5.14127789062758e-08 1.01113156957745e-06
0.0228163675508803 0.00645496064374097 0.715045902067316
0.00012820071414237 0.540347417281357 1.43254863481435e-13
2.87241171771287e-07 0.814208165655754 1.59068019451394e-34
3.05041016235268e-30 1.38775232056611e-36 0.609502601002145
2.04483889461601e-38 3.95632239032457e-33 2.21322544047402e-07
2.42677408303021e-41 3.11542749969622e-23 1.05300115853616e-25
1.55996827258848e-93 1.25678458869996e-125 0.190488119552149
4.6025368718569e-97 5.84097262610388e-100 4.11560792409868e-06
6.22425992795389e-122 2.71261176823513e-98 8.2821940652427e-29
0.825752226250725 0.833037424136107 0.637399839301781
0.39640351155816 0.189014006876667 0.99529880809815
0.0782926066482197 0.836238007820018 0.0284526289788383
0.34633561550841 0.805279131764157 0.29382880274261
0.835510377629753 0.421079159934212 0.686112361687677
0.666236197943476 0.782779299803957 0.736183263425367
0.304863936374036 0.00844624379593919 0.37470642967325
0.99755404458572 0.656634388948479 0.702848809160468
0.209957702154777 0.464167635168478 0.300337667856836
0.662780106879127 0.956431354382612 0.528739722655694
0.0732797351116312 0.43640992091225 0.00213591145486893
2.72921128443716e-09 0.578423969741893 3.19637712200816e-17
0.0550288628949108 5.13986585611262e-05 0.373571860266518
3.63966051443957e-07 0.0124659368807147 3.88593757352455e-06
1.61648105089344e-11 0.000716383181956329 5.22465041842781e-10
0.000557303504576694 1.30965167152391e-08 0.763524552280539
4.33484483194947e-12 6.38582851448822e-08 6.78852270130953e-06
2.23355052469073e-19 1.14534174531711e-07 9.69943429184492e-14
0.78155184863687 0.897675587049318 0.628332814974204
5.37298924951187e-26 0.573648759676749 3.53389028598222e-48
1.56848702169177e-82 0.91148069761111 1.03648354662032e-148
6.23653803230717e-21 1.58058977280709e-35 0.0473284020242768
2.99938268965795e-70 2.70282933606429e-31 9.56798265382564e-43
3.68464666575726e-140 7.41328144189525e-25 2.28685446626187e-138
1.37794435724886e-59 5.78155068479567e-120 0.119228576810848
1.82072909855471e-127 2.49499943414962e-109 1.13421996759157e-39
1.67057612277282e-193 1.61038234194662e-85 7.72932946707661e-122
0.977803849632409 0.818856099376838 0.183723923794699
0.96256739258668 0.919486692397694 0.455129701108721
0.111960063902131 0.13723413524411 0.489410953894801
0.31698549074609 0.730496882210079 0.00131779081200451
0.374341268827258 0.455005631639121 0.423670224655126
0.0767034318818937 0.198160380022754 0.0108592053077327
0.170949148432958 0.178193849839625 0.767565167364094
0.108989526310792 0.0595431535873135 0.231598985523463
0.204734785797454 0.20657312698408 0.847945087910154
0.77530870388769 0.89007016707063 0.42806893912767
0.355266936118263 0.43661967232413 0.399007818907512
0.065473041416057 0.168120910771919 0.00622916396423743
4.24455878327024e-09 9.53140854359822e-10 0.623942295820043
2.58214329012576e-14 3.3566424079286e-14 0.276744080635346
6.17438956672324e-19 3.12903724097486e-17 0.00117201266366092
1.65187195514465e-35 5.36497497789032e-36 0.235975127680318
9.74783529053289e-28 1.8729657123335e-27 0.0848730589025635
7.4131509383527e-29 1.91741559631108e-28 0.0813723622142378
0.659911970221895 0.675979821414005 0.875807983476923
0.372476158684528 0.995957593628299 3.34548425055073e-06
0.00878740904465833 0.966293863819158 3.23615056632415e-45
1.50581806335973e-110 2.72830627479969e-114 0.260127496256688
2.40314473141422e-121 1.18957027953924e-115 2.12433342188224e-08
3.44523514045304e-137 8.37335124065043e-124 3.88783294380077e-26
4.08668155016937e-245 5.2742203412392e-260 0.596070065021943
3.95252516672997e-322 0 1.33553297267555e-05
1.28635108524728e-275 2.49277042790283e-263 5.31277243580439e-18
0.638784223896132 0.868465194025603 0.131134510302111
0.917602964817175 0.982913739552672 0.770183798502838
0.114577628081854 0.382341510466483 0.0586638228863582
0.0019707009469505 0.0116271278201454 0.0409130465594525
0.487261866275887 0.409246995712117 0.935863659545395
0.0788182991772334 0.514282422444975 0.00535245336399094
0.119537364717529 0.0343641099545424 0.453960995313795
0.0395737172309302 0.0685250970728578 0.304075874441101
0.00162477227473126 0.00613807939560985 0.079367868470414
0.268120505952019 0.228187743955712 0.919217345206363
0.359341017583541 0.544493379053063 0.000643003149441053
0.000206926639610976 0.165945371213768 1.7511827851241e-09
3.56892804062213e-09 9.89765740448281e-13 0.341223130889054
2.26754740646758e-13 6.39951099167349e-12 0.00245370918505416
6.05127420377719e-20 5.2380422615724e-12 1.0080795637775e-13
1.36692390433909e-29 9.31911416526968e-36 0.531971105669332
2.20698547365118e-40 2.49583460541724e-37 7.4202533756911e-07
2.00405128520588e-35 5.73359597567718e-30 2.15925989026833e-08
0.764511868330435 0.246008729366115 0.0703553501679765
4.58615679211833e-10 0.630915330544673 3.0901191350626e-45
4.52277677230144e-27 0.873986599785428 2.45385272616859e-144
6.64077533074522e-96 1.33001884346835e-115 0.159930818211347
3.65213478701303e-126 5.77612171620831e-101 8.59381065303407e-36
3.49489241964436e-168 9.0666016363515e-101 1.18758456854555e-100
1.06602569627215e-221 1.19979620735384e-306 0.0179511873865486
2.21967612025929e-252 1.53987934151407e-260 1.66528995269356e-18
0 3.81682474210182e-299 2.18341897566718e-71
