TOT AFR EUR
0.675392901636425 0.878949588295468 0.495429579287638
0.924814368063501 0.969273820584532 0.738989301287846
0.808623885189473 0.909189992937738 0.4536639090842
0.0520009620536675 0.140728427508726 0.143114209337268
0.204138192107623 0.258182569313817 0.581300497349022
0.972893486930232 0.695534320201896 0.334844987067194
0.395049572947333 0.331145065452421 0.975904474922734
0.0892440724381929 0.0984565020214391 0.623511581691218
0.165076278309759 0.55074242481685 0.0383887644910022
0.0596832516415485 0.0587679914311874 0.623522400364521
0.749562964590158 0.94249780487496 0.533177539874662
0.0758823898523915 0.484079293330521 0.00905744892097701
0.910987157698746 0.697971401748993 0.260104358554282
0.57593947956514 0.598281444900227 0.827739831114386
0.150019424168831 0.149645731224784 0.710887688538762
0.301721042786604 0.226311030951127 0.935644041012779
0.0145031088681692 0.061245534054276 0.0816559544970092
0.069938638899059 0.103426330589297 0.468348008267574
0.235860138233736 0.204385840189025 0.887296565796952
0.218060225965079 0.588047183515082 0.106607893987878
1.56426163345265e-05 0.0355110189499676 2.84084684517055e-08
0.0272751821908593 0.0295230320126972 0.511309345073484
4.09265288822661e-06 4.03866950681574e-05 0.0644087319789368
6.27737462365374e-06 0.000168288001607249 0.0136823551578924
1.26702234293979e-06 2.96602019691106e-08 0.783910828408919
1.47791989970352e-20 1.9321352900487e-17 3.74160929186157e-05
7.45166024676211e-12 1.335441034618e-08 1.04070329712232e-05
0.367548414798704 0.194937059311921 0.917252958786659
0.1348512819545 0.1073729711524 0.507734107968465
0.789759121132868 0.862728719921152 0.60489059724979
0.0508968901953075 0.0635632778808748 0.300765206962117
0.409609122197885 0.0618317450453207 0.60353586412793
0.0676581771842605 0.0933115004602427 0.343135431215396
0.786463586258508 0.349955079400729 0.658075921786634
0.272879111546684 0.845224552770137 0.199370170747579
0.0709503912724593 0.136415270150282 0.232066672725777
0.220377291206952 0.929922095644293 0.0865222855498779
0.0605347927361145 0.65742481155066 0.0325673995374377
0.00601917149370679 0.46130343046137 1.49204607251975e-05
0.445223156499593 0.0100349721962054 0.2443408275017
0.462374523566437 0.428341168255634 0.76440189249968
0.00132622762239223 0.0566202258791174 0.00733606665803553
0.0157582236628428 0.18532479794894 0.039348887567391
0.0145428479212714 0.00264860981736502 0.426738725414402
0.00333242851179165 0.0991114935427526 0.0124829346584746
0.851817840492319 0.201504065085538 0.380971365009956
0.00209333150756377 0.967788580374825 3.60450218655884e-05
1.80362012188339e-17 0.271935075282976 2.03627563511901e-26
5.1658092075648e-05 2.34538327463616e-07 0.31910899609554
3.2970408250788e-09 4.90570895548974e-05 4.08787187789168e-06
7.3307791000261e-14 5.76619714127849e-07 2.72923825336968e-09
3.527206567538e-09 2.3855227787272e-18 0.48880155499391
4.39907334398939e-15 3.44816146099865e-12 7.53638032711329e-06
5.47565818867958e-26 1.88190950589298e-15 1.42063853402883e-13
0.521679704426229 0.500552144118489 0.93668823131466
0.134455050695099 0.197417639615904 0.264221727318651
0.146373246926768 0.0975303262771503 0.48725560965924
0.282520556723868 0.356824119533756 0.183076518594176
0.903774233282147 0.872377195105826 0.858715143573088
0.647280276039046 0.837997374346327 0.261971400724084
0.709938713345963 0.877527225162145 0.267416083133382
0.0587740210401585 0.0378950916562596 0.475284915691995
0.494940149652275 0.52385186618058 0.815059911283528
0.576845664693203 0.541614183122324 0.827439494670153
0.0808556915580236 0.159387926246511 0.0504431621920036
0.976970970054637 0.886964097419928 0.596295166753856
0.935190492031365 0.710457010235575 0.0565973821078767
0.134635753375082 0.139334248566863 0.792322928085308
0.0653980219301862 0.112920558420807 0.128409212625379
0.0430054711818218 0.0454489096563311 0.684305082522114
3.83688272262689e-06 6.39260761379943e-06 0.177288110585508
8.44686759515959e-07 1.83539712926961e-06 0.225055896535125
0.467213738175539 0.390722277642155 0.598079241221569
0.722693500483584 0.938945554794616 0.00563422531161187
0.303840997998499 0.580935348503413 0.00239443643485442
8.01863613622595e-14 6.0402826179694e-16 0.0472977126874053
1.11596424622555e-12 3.70034689115012e-12 0.0479053975307219
2.04574605265658e-21 2.83205443748902e-19 7.51714429236826e-05
8.06973489823977e-38 8.90014109449253e-40 0.856093424381302
2.38690930634415e-33 1.63506052978837e-32 0.00403111442776385
1.6405208220334e-31 2.80273917763105e-30 0.000782615026926223
0.101619341188493 0.229126841859466 0.193199638297416
0.537570477646273 0.985721247834274 0.149612504403893
0.36269513793583 0.59826735734169 0.24855456863295
0.214144716724331 0.283266770851226 0.514240969456917
0.0104915027611887 0.0191620657920765 0.300208437072068
0.939762515772198 0.86413144209739 0.847795943115525
0.00814154805490621 0.00544912187557128 0.619627328524031
0.192489490972018 0.242914172535131 0.5541080983067
0.634049315189064 0.824075049367584 0.514802293596412
0.774352341284415 0.667690413260937 0.124992352129839
0.296727989939485 0.596209216938142 0.146611487521888
0.360963778537859 0.680788902553306 0.257862692326919
0.535742583310255 0.210461335367307 0.248005012033244
0.0681313140747628 0.0578906255656561 0.755368688574141
2.33609824792474e-06 2.14062908361232e-06 0.165139595300954
0.00094786575737993 9.56360167957912e-05 0.759033277535721
0.0659548353979303 0.0172919133082457 0.551542115345568
8.0831096162217e-06 0.000409101020097861 0.00145840852767598
0.0403452654946543 0.0592333492369577 0.356965776060471
0.735406644623871 0.542309945122138 0.0229462600589651
0.0124625138807285 0.444117794061177 1.25133962980804e-12
2.48384342887474e-12 1.01496387944172e-13 0.329119565821487
3.05023938597098e-15 1.42501047236344e-12 1.48641388876156e-05
3.84582286352284e-22 3.14572846059798e-14 7.04012013058728e-15
3.128538654399e-21 4.45643159256753e-27 0.918380760926028
2.05184366258344e-21 5.02188787999322e-24 0.219846672537319
6.44450788391167e-37 2.35357585202438e-31 3.5950949765021e-09
0.100652074934754 0.198670240788838 0.243393814232951
0.311037493605392 0.380585296822064 0.611768764671958
0.521138013995578 0.398828362342284 0.789213665632447
0.456167300661313 0.516587652093026 0.701820096443587
0.278214309664309 0.453486649932019 0.349114966953503
0.0280821552801286 0.0356577735565917 0.466670740488689
0.556045726936166 0.393418147345627 0.697537474626424
0.994290432394044 0.495024670323147 0.168478623500317
0.698600355504353 0.456722659178685 0.554290764756034
0.0389437372682149 0.0409802883111293 0.582230977938549
0.692634085726608 0.863158735202932 0.589573083850177
0.756927858238107 0.618512475409115 0.0914991910245602
0.0183260088195435 0.0102841519377403 0.869078414444252
0.995763165090036 0.747379926349823 0.544023677461565
0.0801331423673019 0.423169729472053 0.022894378039129
0.000686020265328426 0.00229003611808824 0.127149711581321
0.000308897621573062 0.00691623159154882 0.00641217716171161
1.15620609681855e-05 9.69743882191217e-05 0.0366778282685537
0.891480951946301 0.528146215258894 0.357110755639977
0.168491720685309 0.56715807919276 1.68844461481211e-05
0.00094475974664114 0.670390655825646 4.87350192713462e-17
4.4692277954562e-11 1.03578069076592e-15 0.188586422387844
7.37610541041623e-13 1.56106996700463e-10 0.00076727395939713
8.03498797981127e-33 3.6700169079311e-20 5.27933857349213e-18
1.14890617704842e-39 1.13401102001791e-54 0.181292776539056
3.2404593296518e-53 1.07675029965341e-56 0.0035823624991364
2.21286358720627e-65 5.04483750695892e-51 2.06109185216174e-17
0.81378294250331 0.94636073635004 0.712113603650426
0.0319375386025629 0.246071118838898 0.0588407044851539
0.291677109007915 0.577556102377256 0.0564922832614516
0.368217875228879 0.87614734397183 0.285104884510347
0.509895107830892 0.434472256400846 0.824712263321318
0.0164391744976406 0.778263869348096 0.00343190517718348
0.213958636502061 0.718474093834261 0.179435200832015
0.671176513891374 0.841671233774426 0.691097699295972
0.200347671834134 0.522699149195193 0.249924731296668
0.232437073934873 0.330795964422198 0.445594978873856
0.575375641074856 0.682617960856092 0.263710539002012
4.78323970242318e-07 0.81251880589893 7.19994505120531e-12
0.209486005305835 0.419945595572145 0.330105692302822
6.45224637516599e-05 0.0186412177781477 0.000909703174824245
4.50866616848406e-08 0.156087856172349 1.07109652000357e-09
0.000264031917155983 8.06303684283533e-06 0.268457876449123
3.54372370373085e-09 2.30667697281855e-07 0.000521454816463006
1.90119464862896e-09 1.009071854177e-06 0.000120551500247466
0.379627456913449 0.976017381816301 0.23092575667062
2.09679371968537e-17 0.215633083676313 3.12635872410999e-24
8.75228316289901e-34 0.659550606839375 2.29588463751496e-61
1.56381610869002e-13 9.17416427028675e-25 0.270640172463222
4.52052216008587e-43 1.57686074351562e-18 6.34696258381856e-28
1.40123089733307e-73 4.92081394554958e-12 4.44210422535882e-77
3.97424921455038e-33 3.36232426997225e-59 0.0392181939922371
3.15611812371819e-48 1.81368570007365e-46 2.98686687929875e-12
8.07952760353971e-110 5.40594652300283e-50 3.0575184131328e-67
0.687396094623016 0.587227288881896 0.476223228084115
0.994462762573845 0.74465942605244 0.116518424914114
0.0027683017520418 0.00331210326048863 0.556654115585703
0.0241931156367859 0.0133557481188916 0.434833703499362
0.630066554089794 0.526911997552672 0.498959581566953
0.401031571211332 0.262417528079975 0.145215452060103
0.956305578466931 0.740922461479205 0.215206728243653
0.796293545818191 0.909308428235677 0.467899614542059
0.0116146677893975 0.0306014362000157 0.0185557378958284
0.910337155442827 0.698319559396023 0.144911246615284
0.202080402912622 0.239669799820668 0.492123791366267
0.362032742597734 0.617897825848279 0.0217983009547437
4.68926260665355e-09 5.01871360114056e-09 0.435762195064842
2.57323709318274e-05 0.000102561074304126 0.0284795490983975
4.06675858341363e-11 5.41754240872761e-11 0.311585486052261
2.6962473962756e-14 1.10286308646747e-15 0.295461558976942
6.08665046979559e-24 9.56977038233748e-24 0.102036195803901
4.7812647384316e-16 1.21877459609389e-15 0.106918889586131
0.979702467622292 0.862149003716328 0.502414463514995
0.0654560201808336 0.293877233647848 1.56936421105068e-05
0.00119916158990717 0.130605370846653 4.18455075744824e-18
4.94973644785237e-76 5.73394882257389e-81 0.62853290872428
2.0391265551339e-52 8.16188739987047e-50 3.55155785400127e-05
3.16608662709624e-69 1.31644334063379e-59 3.31997091285525e-20
4.831667629393e-136 6.96594515434795e-151 0.00295757450143891
3.78283972217079e-148 4.48984750905945e-148 0.000495542324599833
3.25317568870107e-155 3.8387481487171e-147 2.0145067553677e-10
0.312583538214449 0.237757549494363 0.952347023034227
0.171789729028915 0.164168636085664 0.736217276843018
0.965109352349636 0.233740379724441 0.00992338651598779
0.690751943883296 0.908538646012524 0.472772104483702
0.00950892384182031 0.0113368183023595 0.382019001740926
0.310271434397086 0.546603777663565 0.259234695245499
0.488498847664972 0.324738332441368 0.656531847706999
0.293945155717993 0.664747864406336 0.110138143180408
0.0139309026940091 0.0526538589222434 0.0820647502575201
0.26966388586544 0.250197965002457 0.83620724053401
0.0613984857458365 0.635623569041941 0.000260652427864862
0.153869795282099 0.58948118301269 2.93401680459941e-06
0.000475121041346034 1.14543390375336e-05 0.405175363601669
4.3739293900847e-05 0.00249847253610131 0.000954106633123291
5.89917132431357e-06 0.00211203013614185 1.26955210999619e-05
9.2786955645955e-13 5.14737194256466e-17 0.635593201115458
3.34440092360104e-14 1.10604365261315e-15 0.207354757543019
9.36420327235768e-19 7.04748684730055e-16 2.66728956125277e-05
0.75467026854305 0.600534043174039 0.719742961654239
0.000120456069408311 0.707729392312929 8.95607380205068e-18
1.43328301148905e-11 0.262669195493398 1.15548811184372e-74
1.08871252279242e-47 4.85584073854709e-66 0.308589597620451
2.45401175553097e-64 1.10006600806779e-54 4.13055401161417e-14
3.5905453580818e-83 1.88953462912284e-47 6.99171799027815e-60
5.07313397827822e-115 3.47278138228395e-149 0.734376754239968
9.69902489506967e-124 5.88882828699809e-124 6.21059968358766e-12
8.48263961611857e-163 1.90754901246361e-134 5.00744023615877e-42
0.44579027591974 0.811994503253791 0.211406015323928
0.945270094523201 0.595309141075657 0.218404564199195
0.515957467580671 0.655382146267906 0.575304651057192
0.0531298024819547 0.113999997066167 0.231443815830874
0.407720674233638 0.591230613775473 0.434714050093552
0.0961264350305684 0.329240943482066 0.0715841758983445
0.0685185577854971 0.193628935596628 0.139895254784907
0.283007062294857 0.274926605560532 0.823158310504615
0.298440164796813 0.332630711398773 0.687848995614537
0.123800266738988 0.137396521584815 0.627098457920231
0.0517822412486513 0.0627414002776613 0.519643376900432
0.0211537109447437 0.329436588551134 0.00137273530474028
0.175618742022108 0.0742253824539873 0.547215325307446
0.00205310295596368 0.00275377461719306 0.348100711676918
3.12046234005304e-05 0.000716567712641561 0.010739158290168
2.08112776882949e-10 1.04232683367897e-13 0.471622714026399
7.82464660614746e-12 3.77951357085822e-10 0.00347769835930768
0.000198433640128803 0.000950300125951879 0.0851221286789004
0.0334466964035835 0.0980281365411582 0.141067343344934
0.0076611825590523 0.838796462236864 1.56117531982099e-10
2.12852354385162e-11 0.103203497427268 1.0083367201329e-31
2.91087038424004e-29 1.00937351823164e-36 0.903458580888919
2.0934386505939e-34 3.67537470690471e-27 2.10010404982949e-09
2.17577249191001e-50 1.1490919358888e-30 1.41623790514705e-25
7.73075878795125e-98 9.8088851160752e-125 0.709866444756845
1.62637922172994e-109 1.47257263434309e-117 8.12925252146523e-05
3.38374962345092e-126 7.09653519067254e-100 1.02724215317063e-30
0.0551429124558563 0.115073987685305 0.230282027086962
0.631309410396007 0.670247809669387 0.317603321927054
0.0681239849693636 0.657221079494254 0.0419402062123663
0.373770801470464 0.340636878076204 0.703729105133246
0.998225055684937 0.685832674327689 0.73740487958327
0.880969552762323 0.98101609365343 0.825409403751103
0.490927123531999 0.175912928907906 0.820991602679341
0.344758104519619 0.815864703000433 0.1445830399754
0.111479746409143 0.107360460527478 0.453977453143715
0.946198644890629 0.731591448293392 0.843369696519509
0.000384933850585831 0.510539829818985 2.88109402120378e-05
5.23772255467221e-06 0.980670840499479 1.65620112332599e-09
0.00164911159643216 0.000339987712800014 0.273309009317542
5.35063472974001e-07 0.00107140982673285 0.000127330477114542
4.98013439725411e-12 0.00783738504965079 4.95220485204053e-12
1.11885314686777e-07 2.87986791380075e-17 0.918922466836373
2.50523742540845e-14 1.39943853300895e-10 4.22201025011828e-06
3.6844583339764e-16 3.00156918348817e-08 1.03167187512031e-09
0.647917959976559 0.34331044252889 0.842786374121706
2.06727454078591e-27 0.1814042400768 5.5763242581152e-41
1.47109895647404e-75 0.611161316410826 4.03537721593129e-141
8.27364735966361e-26 6.79337646345607e-43 0.0161314416978423
4.30703738166403e-58 2.79415949561838e-29 9.27147466296912e-33
1.21992881559804e-142 3.17350383082829e-23 4.73070034044048e-152
4.06885942425825e-45 4.29551023341612e-111 0.501183829835503
3.11714915012434e-126 2.61716272540897e-119 6.98171789703862e-34
1.39333726516671e-232 8.78695725993216e-119 1.53471465894307e-130
0.854247181517539 0.988015980702273 0.348141731143778
0.601017490146217 0.60638334461027 0.914485613174075
0.210099024769213 0.278668072648392 0.327776924743347
0.157909845931537 0.177913151833074 0.622415315768124
0.0141773937204328 0.0174443422477953 0.472012594185238
0.0235779128576828 0.10315421204626 0.000389431695433477
0.0378528297109755 0.0270671732518782 0.672114870279278
0.0571981726776744 0.125208242520144 0.0462798454507091
2.53551904681094e-07 2.84512238019609e-07 0.428218943923806
0.709161874094283 0.720296244492746 0.894381811203976
0.28132107872995 0.469507745396137 0.069389715000777
0.113177237657655 0.546683012152463 1.58427318209953e-06
7.48117789819419e-07 4.9458761574248e-08 0.0693403941044189
9.03504350172231e-06 7.65867495129882e-06 0.704978436666463
5.05110991613966e-16 1.18591901303748e-14 0.00235499636571179
1.38737242030809e-35 3.47936792373149e-35 0.054094908765705
1.12332582880456e-28 1.19341655874198e-29 0.668873152563595
4.94275628329945e-27 2.82378063702322e-25 0.00108640688241319
0.668517087092028 0.770367209362277 0.454124633657054
0.138719891131622 0.749269558003142 2.02677157990656e-09
0.00163991718931231 0.337559725640659 5.24645757945948e-30
8.80564920886564e-130 1.05434674701633e-139 0.163763905896631
2.84058148582105e-127 5.38116672922205e-122 2.01293522320941e-08
5.17739513053116e-135 2.47113954537658e-118 4.32601099099327e-33
1.8071685891341e-253 7.02234535043159e-268 0.977454588043306
1.88218803900214e-288 4.8680822410853e-289 8.89601663783056e-06
4.08502039154938e-276 1.12859420126131e-261 2.0792534624482e-23
0.959268815641944 0.571003053190485 0.283769552926961
0.821474828217379 0.875529156211089 0.371944461014801
0.814943792775028 0.15252359723936 0.0152159274850571
0.956530486875983 0.622311090638173 0.359964034693349
0.150505429504729 0.307927785728011 0.202136174225946
0.206587943081526 0.507706710268464 0.111430077338192
0.00662676555314673 0.00565875550017996 0.49931570861505
0.00147414064843488 0.00236768628898716 0.237732735577393
0.000223419240313595 0.000367356611309294 0.184640238125954
0.173493254514126 0.135137169890951 0.916466752882857
0.294377253576394 0.841216412125701 0.0346907898141331
1.00711242994993e-06 0.0724348462216759 4.76151214117666e-15
2.19824623754775e-11 5.51244849783781e-14 0.896819538078859
7.95353071314044e-12 6.55132140080004e-11 0.0126382503987831
5.73527089422427e-20 1.74585815540654e-13 2.95066687694355e-10
1.39384354037937e-24 5.27721615624169e-34 0.23785996109261
3.84603015508851e-25 1.77601859566758e-23 0.000306864996950988
6.92231642219655e-36 4.58918718119036e-32 1.60268871196681e-06
0.398769180125401 0.737501817175688 0.190353403495169
0.000135262741250055 0.0153758480060645 8.25163775098765e-49
2.65393433918631e-26 0.95087628795048 1.67350884796108e-147
1.2526497656238e-91 8.27385501187492e-129 0.0409883894864293
2.21287711148272e-144 1.29469518080882e-116 9.15140613778476e-40
1.47077709423924e-183 1.01682752481508e-104 2.3541968466547e-122
1.41936839823401e-222 2.66750853085667e-286 0.835877267915444
5.48835931013913e-286 9.66775127776606e-280 4.55136394690302e-30
5.96978505075564e-276 3.34772508394764e-233 5.03635884939653e-61
